0.0601122
0.05996172
0.059967075
0.05997256
0.060016135
0.060104965
0.060409985
0.06011561
0.060619535
0.060409915
0.060121915
0.06011744
0.060118
0.060118525
0.060119
0.060124485
0.060158005
0.060158515
0.06015898
0.060159495
0.060160055
0.060200515
0.0602011
0.06020132
0.06018649
0.060400005
0.0604045
0.060404495
0.06060637
0.060606245
0.06060605
0.0602028
0.06030028
0.06020361
0.060204225
0.06020472
0.06020525
0.060205805
0.060206325
0.060398965
0.060500225
0.060500705
0.060500895
0.060594
0.06059399
0.06059
0.06055
0.060549995
0.06045003
0.060450005
0.060450005
0.06035204
0.06035219
0.060350995
0.060351455
0.06033513
0.060400295
0.060410005
0.060410025
0.06041002
0.06041002
0.060410155
0.06063999
0.060639975
0.06063998
0.06063499
0.06061
0.060744985
0.06061
0.06061
0.060410025
0.060395005
0.06041
0.060609995
0.060609995
0.060410025
0.060609985
0.06060979
0.06041002
0.06041002
0.06041002
0.06041007
0.060410055
0.060320025
0.060260825
0.060260825
0.060400075
0.060341075
0.060266
0.060455685
0.06042051
0.0605999
0.06044146
0.06043633
0.06052304
0.0603351
0.06029937
0.06029953
0.060299515
0.0603107
0.0603052
0.060291005
0.060165525
0.060165505
0.060280815
0.0602807
0.06028065
0.060280685
0.060280645
0.06031
0.06030533
0.06030501
0.060304475
0.060304175
0.060518495
0.060533595
0.060533595
0.060345505
0.06030411
0.060304095
0.06034534
0.0603153
0.060315085
0.06031471
0.060314245
0.060314085
0.06031389
0.060313735
0.060424545
0.06031332
0.06030591
0.060306955
0.06059624
0.06059624
0.060596265
0.06059807
0.060598065
0.060598065
0.06059807
0.06059807
0.060633735
0.0606632
0.060315425
0.060659995
0.060659995
0.060664995
0.060664995
0.060595
0.0606651
0.060615105
0.0606151
0.0606152
0.060600315
0.060619985
0.060665205
0.060630615
0.060630615
0.060595105
0.060545
0.060394705
0.06040035
0.06040123
0.06040183
0.06047008
0.060470555
0.06047628
0.060864635
0.060829275
0.06095
0.060980445
0.061053945
0.06114699
0.060988145
0.06115081
0.061168175
0.06130988
0.06144486
0.06144969
0.0614497
0.061449985
0.06144999
0.06143498
0.0613
0.0613
0.0613
0.06145496
0.06145
0.06145
0.06145
0.06144444
0.061499995
0.061539995
0.0615925
0.0616495
0.061775005
0.0619005
0.061945
0.0619001
0.06205
0.06225
0.062308475
0.062400095
0.062827745
0.06286222
0.063049955
0.06297223
0.06305
0.06305002
0.063109375
0.06347884
0.063610545
0.064008795
0.064059065
0.0642925
0.06435274
0.06449419
0.064695615
0.064645015
0.064445145
0.064351
0.06386863
0.063379995
0.063349985
0.06331133
0.063349965
0.063499925
0.06399996
0.063899995
0.063999995
0.064191995
0.064491995
0.0644915
0.06449149
0.064598995
0.064783265
0.064619945
0.064614915
0.0646801
0.06472995
0.064575585
0.064516275
0.064299955
0.06379495
0.06379495
0.06379009
0.064099965
0.064199895
0.064383205
0.06417
0.064409665
0.064444705
0.064454285
0.064454045
0.064461385
0.06448159
0.06442806
0.06423908
0.06402001
0.06417932
0.064178755
0.064000015
0.064178875
0.064000065
0.064178605
0.064128455
0.06417802
0.064159995
0.06382719
0.063794655
0.063789835
0.063794945
0.06384999
0.063999985
0.063931845
0.06395
0.06404949
0.06372347
0.063315325
0.063265265
0.06297296
0.063088685
0.062893715
0.06313379
0.0631587
0.06308332
0.06309149
0.062962985
0.063081485
0.063032
0.06303201
0.063035
0.063101485
0.063109245
0.063124165
0.063224085
0.06322406
0.06337246
0.06337193
0.063371465
0.063370995
0.063370775
0.063452365
0.06357523
0.063787135
0.063787135
0.06379362
0.06379362
0.063893455
0.06359052
0.0636468
0.06394978
0.06384362
0.06384362
0.063593365
0.063693615
0.063693615
0.063624985
0.063457015
0.06364969
0.063313915
0.06334997
0.06362496
0.06344996
0.063445015
0.06344407
0.063687945
0.06344402
0.06349969
0.06349979
0.0635
0.06359938
0.063498885
0.06347373
0.063548485
0.063588455
0.0636185
0.06352526
0.06354998
0.063549925
0.063549935
0.063699875
0.06355003
0.063793395
0.0635875
0.0636125
0.0636125
0.0636125
0.063612495
0.063672495
0.063612495
0.063717445
0.063818565
0.063866735
0.06378678
0.06378673
0.06378673
0.064049995
0.064
0.063825
0.064211125
0.064275395
0.06434952
0.064382415
0.064649865
0.064524895
0.064583125
0.06472487
0.064774835
0.064774845
0.064934995
0.064974995
0.065000025
0.065154995
0.065075
0.06534774
0.065347305
0.065553995
0.06555444
0.065506695
0.065506695
0.0655067
0.0655532
0.065554455
0.06558493
0.065755255
0.06577995
0.065823635
0.06593704
0.065937315
0.06612006
0.066124885
0.06587525
0.065358855
0.06535886
0.065276335
0.06480003
0.065175
0.065522915
0.06562376
0.065615535
0.06584999
0.065645005
0.0658
0.06622452
0.065933325
0.065950005
0.0661
0.06612451
0.066244985
0.06635134
0.06642756
0.06643256
0.06652932
0.0666151
0.06665023
0.06678397
0.06690349
0.06695
0.066997955
0.06677345
0.066999995
0.06680197
0.066801885
0.066801655
0.06699929
0.0669448
0.06680178
0.06680197
0.066849985
0.06684996
0.06680187
0.06680181
0.066531245
0.066210005
0.06622928
0.06622885
0.066219875
0.066001505
0.066001
0.066001025
0.066001945
0.06600191
0.06579329
0.06578719
0.06578991
0.065839445
0.06564998
0.06507501
0.06505
0.06499994
0.064699865
0.064484385
0.06428792
0.0645212
0.06450487
0.064383485
0.064399515
0.06439895
0.064398495
0.064005485
0.064690435
0.064550165
0.0646712
0.06554201
0.06515036
0.065576925
0.06513206
0.065577005
0.065801045
0.065849995
0.06601885
0.06552514
0.06526061
0.064965055
0.06506058
0.065060545
0.065125005
0.064852815
0.065200015
0.065100025
0.065100025
0.0652
0.065056
0.064999995
0.064999995
0.064999995
0.065200005
0.065150005
0.065154995
0.06539823
0.065300005
0.065398005
0.06539792
0.065397905
0.065446885
0.06564791
0.06576884
0.06604347
0.06611668
0.066116585
0.066116575
0.06611806
0.066118045
0.066007975
0.066099995
0.06610498
0.06610498
0.066199955
0.06610549
0.06621811
0.066209075
0.066347155
0.066458045
0.066458045
0.06638932
0.06648
0.06667821
0.066700005
0.066800005
0.066900005
0.06695
0.066950005
0.06685002
0.066890015
0.0662875
0.066275015
0.066098455
0.06609845
0.06624995
0.066150035
0.066145045
0.06623499
0.066299995
0.066299995
0.066448485
0.06638344
0.066383425
0.066533415
0.066448495
0.066393405
0.066466805
0.06655001
0.06654501
0.066815045
0.067075
0.066806765
0.06704999
0.067155025
0.06729998
0.0671617
0.067115695
0.067362745
0.067375525
0.06750026
0.067463445
0.06752666
0.067515
0.067115475
0.066931435
0.067149975
0.0671499
0.067598365
0.067599955
0.067599815
0.067400935
0.06749499
0.067375
0.067594845
0.06740035
0.06757509
0.067580805
0.06740521
0.067524185
0.06731034
0.0675559
0.067555685
0.06736991
0.067384765
0.067362465
0.06713795
0.066975155
0.066750155
0.066849755
0.066974065
0.067149
0.06719398
0.067197975
0.067199975
0.067197965
0.06734348
0.06724897
0.06724498
0.06695065
0.06695123
0.066949845
0.066944835
0.066505015
0.0665049
0.066709925
0.06660475
0.06650474
0.066504725
0.0666499
0.06665019
0.06665033
0.06694999
0.06714997
0.067149985
0.066994995
0.066994965
0.067045015
0.06704503
0.067055
0.067125
0.066945025
0.06704502
0.06704452
0.066890025
0.0670745
0.06700005
0.06700001
0.067300005
0.067350005
0.067549995
0.06745
0.06754949
0.067549495
0.06757449
0.06757448
0.067579485
0.067718945
0.067674965
0.06769497
0.067705005
0.067827615
0.06790905
0.06793169
0.068003035
0.06824595
0.068245915
0.06824647
0.068375915
0.068474195
0.068474205
0.068474205
0.068894195
0.06885872
0.068765025
0.068743965
0.068748
0.06874768
0.068748595
0.06882759
0.06892759
0.068927525
0.068955175
0.06907005
0.06900924
0.069105005
0.06905001
0.069034695
0.069128185
0.069209985
0.069209985
0.069308185
0.06941485
0.06965736
0.069695275
0.069484855
0.069379605
0.068907415
0.068638215
0.068530785
0.068408495
0.068530935
0.06840845
0.06840834
0.06840849
0.068530895
0.068408465
0.068408425
0.068408365
0.068243035
0.068415315
0.06842033
0.06884923
0.068936375
0.069066385
0.06917428
0.069324325
0.069324395
0.069284985
0.06928496
0.06931497
0.0693189
0.069366395
0.0694164
0.069525015
0.06974031
0.069725005
0.069836015
0.06981103
0.069935975
0.06994098
0.06989946
0.069899915
0.0697995
0.06987496
0.06985988
0.069849285
0.069849255
0.069749975
0.06946
0.069294975
0.069299965
0.069105
0.069255005
0.068952115
0.069199935
0.06916214
0.069125
0.069199995
0.068975005
0.06897501
0.06897501
0.068950015
0.069294955
0.069074995
0.06884056
0.06907498
0.0688406
0.068849615
0.068849495
0.06848116
0.06847047
0.06847547
0.068484975
0.06875523
0.06860001
0.068800015
0.06889311
0.06909993
0.068755015
0.06905
0.0691999
0.06924134
0.06924132
0.069340305
0.06910152
0.06948056
0.06924133
0.06924113
0.0692416
0.06925499
0.0693525
0.06934053
0.06935252
0.06948802
0.06948802
0.06948802
0.06948806
0.069599995
0.069699995
0.069789225
0.069700005
0.069878465
0.0698886
0.06984212
0.069795
0.06994246
0.06994244
0.070046425
0.070247975
0.070247965
0.07024796
0.07024793
0.070247915
0.070247915
0.07031502
0.070282875
0.07023391
0.070337595
0.07046879
0.07069999
0.070275025
0.07027494
0.07014502
0.069984875
0.069842405
0.06984243
0.06984
0.06983951
0.06984351
0.069976945
0.06988847
0.06973854
0.069739375
0.06973977
0.06998243
0.06999
0.070265265
0.07017263
0.070358995
0.070358975
0.070200005
0.070081055
0.069899995
0.069899995
0.069945
0.06999449
0.069995
0.07019354
0.07014429
0.06999505
0.07014924
0.07014924
0.0702
0.069945
0.070195
0.070000005
0.07019
0.0703899
0.070389475
0.070384985
0.07019492
0.070050055
0.07024449
0.069995
0.069905425
0.07014997
0.070125005
0.070124985
0.0701
0.07008995
0.070054995
0.069905305
0.069905275
0.0699052
0.069655315
0.06965532
0.06965001
0.06969999
0.069338655
0.069599725
0.069599405
0.069204
0.069167815
0.069031495
0.0689
0.068896535
0.0689025
0.068899035
0.068827405
0.068827245
0.068852965
0.068753485
0.068753485
0.068606995
0.06841247
0.068347475
0.06842998
0.068400005
0.0684785
0.068477995
0.068527995
0.068400015
0.068478005
0.068478
0.068478005
0.068478025
0.068683055
0.06888006
0.06887972
0.068760125
0.06899969
0.068760565
0.068879875
0.06938933
0.069605975
0.069452875
0.069452895
0.069605975
0.069696315
0.06990319
0.069725
0.069819685
0.069799965
0.0696505
0.069984375
0.06981504
0.069979185
0.069837565
0.069839865
0.06991468
0.069914735
0.069989685
0.070049855
0.07018995
0.07032508
0.070503565
0.070334295
0.07038073
0.07038762
0.070387415
0.070262565
0.06997519
0.069750685
0.06985084
0.06987518
0.06985085
0.06997533
0.07006057
0.070125375
0.07012529
0.070125555
0.07033659
0.070336635
0.070336695
0.07033693
0.070382505
0.070381895
0.07039001
0.07010064
0.07029079
0.0703999
0.07025001
0.070300025
0.07029997
0.070365015
0.070536095
0.07053614
0.070535985
0.070437
0.070435945
0.070200005
0.070200015
0.070450975
0.070440345
0.070441075
0.07052571
0.070320015
0.07032005
0.07044608
0.07066172
0.070696915
0.070750895
0.07079
0.07094999
0.07087499
0.07088579
0.070899905
0.07080501
0.07089
0.0709154
0.07111114
0.070848965
0.07084888
0.070848775
0.070899005
0.07089941
0.07077682
0.070574025
0.070574025
0.070574025
0.070776265
0.07065723
0.07077619
0.071050035
0.07088866
0.07067568
0.07061203
0.07071367
0.070713645
0.07058703
0.070595
0.07068366
0.070887405
0.0708885
0.070777315
0.070794995
0.070888485
0.070888465
0.07073865
0.070738655
0.070738655
0.07077715
0.07073851
0.07088845
0.070888455
0.07077665
0.070776655
0.07088847
0.070888645
0.07103191
0.070920575
0.070920575
0.071031915
0.071031975
0.07100005
0.07088866
0.070777315
0.07077731
0.070888665
0.07088866
0.070888665
0.07088867
0.071036955
0.07107194
0.071073905
0.0710866
0.0711115
0.07135
0.071350485
0.07135048
0.07134998
0.071352465
0.071352445
0.071352435
0.071352405
0.07135243
0.07147747
0.071558425
0.071558425
0.07182783
0.071827815
0.071717915
0.071766675
0.07152264
0.07168379
0.071683795
0.071822285
0.071822285
0.07182781
0.071827805
0.07168978
0.07183332
0.071689925
0.07170671
0.071716705
0.071720505
0.071777845
0.071901
0.0719125
0.071956505
0.071959995
0.071999995
0.071960005
0.07195001
0.071934625
0.0719
0.071790175
0.071845
0.071880975
0.072030925
0.072030925
0.072394065
0.072473085
0.072512945
0.072536705
0.072528795
0.072137235
0.072237475
0.072237365
0.072237365
0.072473945
0.072237345
0.072237685
0.072265905
0.072202095
0.0722024
0.07220214
0.07215045
0.072199995
0.072199995
0.072200005
0.07200125
0.072110005
0.0720105
0.0720105
0.071875
0.071450575
0.07120254
0.071149995
0.071011125
0.071011115
0.071011195
0.071402545
0.071562505
0.071422185
0.07175026
0.071900135
0.071875125
0.071899995
0.07220166
0.072151535
0.072151485
0.072000005
0.072201285
0.072201145
0.07220113
0.071850005
0.07145018
0.07189998
0.071700145
0.071700175
0.071650165
0.071650165
0.07165017
0.07169992
0.071599885
0.071462435
0.07146229
0.07132497
0.07125
0.071100135
0.070860725
0.07064559
0.07064483
0.070623725
0.07034075
0.07061185
0.070611925
0.070611925
0.07062187
0.07069691
0.071199765
0.0711
0.07117703
0.071227015
0.071205
0.07122
0.07106
0.07106
0.07106
0.071060035
0.07106009
0.07124058
0.07129558
0.07152472
0.071549695
0.07141957
0.071419585
0.071414745
0.07163934
0.07141989
0.071414715
0.07140955
0.07140941
0.07140936
0.071409215
0.071408865
0.071408705
0.07140355
0.07140336
0.07089045
0.07088545
0.07124343
0.071150325
0.07129999
0.07129994
0.07119012
0.07120174
0.071562495
0.0716
0.071678255
0.071600025
0.07163505
0.07185008
0.071850085
0.071699965
0.07200009
0.07200008
0.071849985
0.071849985
0.0720001
0.07192502
0.07197497
0.0720202
0.072077325
0.072067535
0.07175026
0.07196498
0.07196501
0.07201524
0.072015305
0.07221498
0.07222501
0.072225055
0.072375
0.072524995
0.072550005
0.07268333
0.07258338
0.072833335
0.073011495
0.07316082
0.07321249
0.07321249
0.07345945
0.0735011
0.073412495
0.073499985
0.073629675
0.073870955
0.073907495
0.073877105
0.073908755
0.07395876
0.073702655
0.07379996
0.073844995
0.073699985
0.0732501
0.0732501
0.073425055
0.07347498
0.073425025
0.073297965
0.073575005
0.07337504
0.073450005
0.073500025
0.07385
0.073772945
0.074010305
0.074077255
0.073963395
0.0734
0.0729
0.07212777
0.07227338
0.072109965
0.0718899
0.07121025
0.07064851
0.07029998
0.069883435
0.07028424
0.07159484
0.071376435
0.07156186
0.072307645
0.07257423
0.071995675
0.07184997
0.0715002
0.07085434
0.070504345
0.07005002
0.069501295
0.069220005
0.069239965
0.06863006
0.068505005
0.068092095
0.067794985
0.068085065
0.071576635
0.071407555
0.070250025
0.07071192
0.07066177
0.070638425
0.070749925
0.0708389
0.070700005
0.07073894
0.070738925
0.070350745
0.070500025
0.070750045
0.070999935
0.07117303
0.07149755
0.071961015
0.07205001
0.07223206
0.072464035
0.072283525
0.072415005
0.072275
0.072350005
0.07234507
0.07234498
0.07234487
0.072344785
0.072289675
0.071629395
0.071979565
0.072574995
0.07186999
0.07145001
0.071755005
0.071715
0.07188726
0.071765
0.07176495
0.07176492
0.071501995
0.071499555
0.071004185
0.07189732
0.071402515
0.07179999
0.07189731
0.07184999
0.0719975
0.071599995
0.071599995
0.07200661
0.07214999
0.0717526
0.07180009
0.071805085
0.07187507
0.071529975
0.07099998
0.070749985
0.070601045
0.070849535
0.070898995
0.070800105
0.0709996
0.07146503
0.07146502
0.071479985
0.07156
0.07206
0.072060105
0.071810115
0.072499955
0.07250898
0.072249975
0.07224499
0.07268975
0.072680405
0.072689755
0.073156685
0.073325255
0.07332525
0.073189345
0.073904995
0.073549345
0.072994345
0.07355158
0.073609445
0.073250025
0.07260012
0.072999995
0.07250026
0.07394696
0.073515005
0.073150015
0.073150035
0.07335008
0.073515005
0.073729995
0.074023175
0.07397315
0.07409855
0.0740335
0.07458119
0.0744671
0.07446732
0.07429954
0.07444992
0.074499895
0.07388355
0.07375
0.073934505
0.074034415
0.074159875
0.074221045
0.074220205
0.074220265
0.0742722
0.07445556
0.07330728
0.072967295
0.072642265
0.07228897
0.07214622
0.072309845
0.072359735
0.072364775
0.07240958
0.07251473
0.072825935
0.07282596
0.072826235
0.0728273
0.073080515
0.072860495
0.072772275
0.072742735
0.072432945
0.07201038
0.072249925
0.07181002
0.071560025
0.07150058
0.07202766
0.072027605
0.072050165
0.072050195
0.072177355
0.07266496
0.0727149
0.07271497
0.07272992
0.073124995
0.073125005
0.073125025
0.073000165
0.073000185
0.073249975
0.07327499
0.073215025
0.07321505
0.07321513
0.073289965
0.07342996
0.0735335
0.073514975
0.073485005
0.07348502
0.073634915
0.073500005
0.07335007
0.073322215
0.073327205
0.07344441
0.0736071
0.073607055
0.07365482
0.07365479
0.073624995
0.07367508
0.07367506
0.073624965
0.07347221
0.07347221
0.07347221
0.07332222
0.07332222
0.073344685
0.073300025
0.07359999
0.073375
0.073549995
0.073644605
0.073644605
0.07374998
0.07375
0.073916035
0.073932065
0.073966025
0.074125
0.074163555
0.07433974
0.074231145
0.07419112
0.07419112
0.074235595
0.074339725
0.074427745
0.074427745
0.07443862
0.07449862
0.0746186
0.07479948
0.0748855
0.07496751
0.0751013
0.075101285
0.07515127
0.07522246
0.0752313
0.07523131
0.075426325
0.075474935
0.075651955
0.075692425
0.075967985
0.07579
0.07584997
0.07594996
0.075999945
0.075999925
0.07599993
0.07599993
0.075999955
0.075999955
0.07583048
0.075655385
0.07558532
0.075605265
0.075655
0.075600015
0.075899985
0.075909995
0.075955
0.07595006
0.076005565
0.0760713
0.076445875
0.076581965
0.077229325
0.077443035
0.077642005
0.07766014
0.07773257
0.07771497
0.077965
0.07811862
0.078182225
0.078247185
0.078470895
0.078715315
0.078887865
0.079200055
0.079601915
0.080074195
0.080775125
0.081696365
0.08219997
0.08361424
0.084767635
0.0849996
0.084091595
0.081999975
0.081999995
0.08413225
0.08490307
0.084595445
0.085127055
0.085163205
0.0806
0.08060005
0.08201304
0.08045507
0.08285292
0.08248606
0.08424999
0.08389999
0.08375076
0.084449985
0.084899485
0.08485319
0.083800045
0.08421902
0.08380004
0.08385025
0.084195
0.084098965
0.08405
0.08424993
0.083352505
0.082705095
0.08299444
0.081849995
0.080120085
0.08051004
0.080085855
0.07973249
0.07934481
0.078550655
0.07773767
0.077080125
0.076429515
0.075945725
0.073691455
0.07503196
0.07533195
0.07619981
0.075835725
0.07586788
0.076449985
0.07662729
0.078105
0.07665004
0.076699945
0.07631501
0.07606788
0.076068005
0.076315
0.076484995
0.077349795
0.07754976
0.07852917
0.079629765
0.079714755
0.07880003
0.079599975
0.079859375
0.08009992
0.08095
0.08204998
0.0825501
0.082549875
0.08324978
0.083499585
0.08365
0.083999895
0.083427135
0.082735165
0.082300055
0.080910115
0.07889539
0.07870001
0.07870006
0.07929994
0.07804997
0.077764725
0.077599695
0.077900005
0.07853483
0.07908535
0.079321765
0.079221755
0.079100005
0.07871005
0.07871014
0.07874998
0.07876293
0.0787
0.07861
0.078700005
0.078799995
0.078699985
0.078650005
0.078439695
0.07814962
0.077505085
0.07751033
0.07752952
0.077998775
0.078244915
0.07824389
0.078224395
0.078174395
0.078199375
0.07824995
0.078799985
0.078918745
0.07909963
0.0791
0.079085
0.079049995
0.078948805
0.07895701
0.078786035
0.07897898
0.078658115
0.078658065
0.078966145
0.07909903
0.07934469
0.079469755
0.079344695
0.07941462
0.079618315
0.07976989
0.080049945
0.080016285
0.0799995
0.079975
0.07950031
0.08003984
0.080039825
0.079789905
0.080150005
0.080355485
0.08055
0.080650495
0.0806005
0.080600005
0.08045
0.080300005
0.0802
0.080004855
0.079804955
0.07995507
0.080649785
0.080649785
0.079800545
0.08015453
0.080000085
0.080000095
0.080250045
0.080599705
0.08054979
0.0805998
0.08064974
0.080699485
0.08069949
0.08064976
0.080699575
0.080649835
0.08060004
0.080749965
0.080674805
0.080685
0.080050095
0.08005
0.079850125
0.079575015
0.07897501
0.078999995
0.07882898
0.07867899
0.0783293
0.078239035
0.07860488
0.078609935
0.078175035
0.078605015
0.078329995
0.078329995
0.078329995
0.078329995
0.078329995
0.07818007
0.07818025
0.07845047
0.07841131
0.0784257
0.078463035
0.078431475
0.07843153
0.078431685
0.07843128
0.07843046
0.078155015
0.07815
0.077999395
0.079204675
0.07914991
0.07884496
0.078550455
0.078200095
0.07859504
0.078794815
0.078594915
0.078413
0.078449995
0.07836799
0.07826301
0.07831301
0.078312885
0.0785496
0.078462545
0.07861231
0.078264495
0.07828271
0.07850005
0.07865
0.07943483
0.0793502
0.07925499
0.0793
0.079249565
0.079499985
0.079750025
0.079849975
0.079750005
0.079899975
0.080084305
0.08045088
0.080470245
0.08144019
0.081879965
0.082039375
0.08274751
0.082975
0.08124024
0.08124074
0.08179997
0.08227197
0.082721865
0.082689985
0.082360745
0.082200065
0.08182489
0.082100005
0.082100005
0.081850035
0.081450035
0.081191175
0.08135
0.08140114
0.081499995
0.081590745
0.08159074
0.08206874
0.08199094
0.081800045
0.08204426
0.08269999
0.08289998
0.082850035
0.083496695
0.083556135
0.083793495
0.083793415
0.083793455
0.083846715
0.083550895
0.08331874
0.083299955
0.08290105
0.083360325
0.083401525
0.08354423
0.08358554
0.0837696
0.083544135
0.08354413
0.083409295
0.083100005
0.08290513
0.08295537
0.0834
0.083485
0.083484975
0.083157065
0.083304995
0.082853735
0.0833
0.083053755
0.082895235
0.083003585
0.082600055
0.082594435
0.082536195
0.082241265
0.08220582
0.08206461
0.082064585
0.081964625
0.082064615
0.082105585
0.081929255
0.081874995
0.08204994
0.081874905
0.08187147
0.08188491
0.081550015
0.08149913
0.08105001
0.08047549
0.080275
0.079817515
0.07890872
0.078975015
0.078925005
0.07934249
0.07963491
0.07860005
0.079080075
0.079367575
0.079317455
0.07905011
0.079054985
0.07905004
0.07906
0.079189995
0.07922214
0.079102805
0.079102795
0.079102785
0.0791025
0.0791015
0.0791015
0.079101495
0.079303
0.07930428
0.07930428
0.079304285
0.079304005
0.07946954
0.07930228
0.07910012
0.07905013
0.079055
0.079055005
0.07824016
0.077522745
0.077571345
0.07742649
0.077142765
0.07690002
0.077022705
0.07702174
0.077058255
0.07667061
0.07661897
0.076450155
0.07634148
0.076193065
0.076363935
0.076255505
0.07601101
0.076032975
0.076350055
0.07658553
0.07692674
0.076694155
0.07705016
0.077686905
0.07808059
0.07866985
0.07875841
0.078869865
0.07888947
0.079085915
0.07908552
0.079085515
0.07963495
0.079380885
0.07908552
0.07908556
0.078889445
0.07873981
0.078275295
0.077882045
0.07782854
0.07748552
0.07726667
0.07748552
0.077485505
0.07755216
0.077552135
0.077407545
0.0770385
0.077149675
0.07688014
0.07714807
0.076828055
0.076933195
0.07711006
0.077077
0.076777145
0.07681545
0.07681546
0.076815455
0.076954
0.07728862
0.07700798
0.077135455
0.077499935
0.0776247
0.077152125
0.077152085
0.07749289
0.07695209
0.07700209
0.07733749
0.077329955
0.076895045
0.07663859
0.076795175
0.07683339
0.076417045
0.076230565
0.076283025
0.075931635
0.07592663
0.07563353
0.075332745
0.07496483
0.07479567
0.07459134
0.074265525
0.07424785
0.07424746
0.073798725
0.072516695
0.072649995
0.072700045
0.07264996
0.07279994
0.073662415
0.073799845
0.074692805
0.07627997
0.075939325
0.076139915
0.076779195
0.075417435
0.075463955
0.07545002
0.07552498
0.075312955
0.075235505
0.075794985
0.075402495
0.075439
0.075435015
0.075530045
0.075525045
0.07552506
0.07619999
0.07654999
0.07654999
0.076663275
0.077361015
0.07720217
0.07785
0.07804966
0.07796288
0.076850005
0.07685406
0.076325085
0.076015435
0.0762
0.0762
0.07576563
0.075849975
0.075728445
0.07530002
0.07475524
0.074510595
0.07466
0.07540796
0.0754531
0.07545311
0.075453115
0.075499995
0.0755
0.0755
0.075800015
0.075849975
0.076099965
0.075430095
0.075425035
0.075394905
0.07500006
0.075432365
0.074937405
0.074937355
0.074937355
0.074922455
0.07492245
0.074964895
0.074927455
0.075459875
0.075439995
0.07589999
0.07534001
0.075440015
0.07535
0.07583784
0.07598783
0.075600025
0.07629999
0.07587749
0.07629998
0.076349985
0.076449995
0.07598
0.0762
0.07619535
0.07581314
0.076029985
0.076067775
0.076499955
0.07606779
0.07559557
0.076027795
0.07597782
0.075985
0.07605559
0.076055565
0.076079955
0.076199975
0.076399945
0.076575045
0.077514975
0.07784998
0.077849975
0.077850035
0.07845601
0.07851188
0.078858915
0.078899995
0.078899995
0.078849995
0.078949995
0.0793
0.0791896
0.079
0.078519935
0.078449985
0.07809994
0.07751994
0.076596885
0.076499995
0.076499875
0.0762498
0.07643821
0.076438095
0.07654929
0.076887665
0.07694274
0.07710001
0.07735001
0.077280005
0.076613445
0.077350005
0.077432385
0.07777112
0.077200005
0.07749279
0.077382355
0.077632345
0.07735733
0.077514665
0.077942075
0.077942075
0.077999935
0.07797097
0.077975
0.07832082
0.078315665
0.07849576
0.078490715
0.07884561
0.078250995
0.07821499
0.077491255
0.07731733
0.07690136
0.07678014
0.076520005
0.07652001
0.076694935
0.07570734
0.075707335
0.075899985
0.07570748
0.07642435
0.07642298
0.07642294
0.07615587
0.076758885
0.07724981
0.07750017
0.077022145
0.076654025
0.07705001
0.0772499
0.077249925
0.07720928
0.07705071
0.07705561
0.07705561
0.076938835
0.077124715
0.07712497
0.07713396
0.07724494
0.07724504
0.07751018
0.077999195
0.077510845
0.07841137
0.07843994
0.07834543
0.07767528
0.077995
0.077785055
0.07774401
0.077670105
0.077675145
0.07793011
0.077930115
0.077930105
0.077625085
0.077675345
0.0781491
0.0780075
0.077683175
0.077732555
0.077766995
0.078013995
0.07785699
0.07785698
0.078013965
0.07785699
0.077856985
0.077806885
0.07726851
0.077599415
0.077367755
0.07682002
0.07700001
0.076890755
0.07662059
0.077260425
0.07664957
0.07630913
0.07717916
0.076838745
0.076831915
0.07669996
0.076259995
0.076054835
0.075933825
0.07580493
0.075505325
0.07550534
0.07559992
0.07562485
0.075637455
0.07565044
0.07595396
0.076549445
0.076549535
0.076554845
0.076916985
0.077002265
0.077285005
0.077380055
0.077859995
0.077929975
0.077373975
0.07739876
0.07732702
0.077249965
0.07715198
0.0763948
0.07687663
0.076699215
0.076698865
0.076625015
0.076824745
0.076598115
0.07664066
0.076753045
0.07665811
0.076749865
0.07689989
0.076726525
0.076898105
0.076709005
0.076909525
0.07692873
0.076893425
0.07684151
0.077099825
0.076466755
0.076425
0.076374995
0.07627992
0.076204835
0.076331995
0.07608826
0.07592496
0.07573
0.07505636
0.075574845
0.0755745
0.075178315
0.07433476
0.07411281
0.07390801
0.073728995
0.073880015
0.074334035
0.074381295
0.074786285
0.074715
0.07471
0.0749
0.075118285
0.074920005
0.074920005
0.074749995
0.074626285
0.074249995
0.074249985
0.07419991
0.074249945
0.074249915
0.07364593
0.073645885
0.073650895
0.07359972
0.07317475
0.07317475
0.07317525
0.073174745
0.072590315
0.07284943
0.07348924
0.073050035
0.072800075
0.073505365
0.073419875
0.072900005
0.073049995
0.072855125
0.072665275
0.07314989
0.073249895
0.07354971
0.07364966
0.073799965
0.074005675
0.073950685
0.074052945
0.074002565
0.074002475
0.074
0.07369488
0.07317989
0.073334425
0.072599655
0.073154695
0.072854855
0.07285437
0.07259485
0.072375
0.071735805
0.07120001
0.0710002
0.070699715
0.07015051
0.07004998
0.06952009
0.06925504
0.06898915
0.06917751
0.069873155
0.070199985
0.070505215
0.072008905
0.07300765
0.07284002
0.0731
0.073149995
0.073149585
0.072899995
0.07265011
0.072496185
0.07214625
0.071609195
0.07111439
0.071489545
0.0709488
0.07088441
0.07095001
0.07134469
0.07116445
0.071379495
0.071000005
0.071279225
0.071279615
0.071999945
0.072212505
0.072212465
0.072491355
0.07272876
0.07270385
0.07265768
0.0727352
0.07293501
0.072861475
0.072811665
0.072987775
0.073326825
0.07360265
0.07383138
0.074605995
0.075000005
0.074956185
0.075177475
0.075257795
0.075257695
0.074741745
0.07534996
0.07491022
0.07442125
0.074597745
0.074008875
0.073682205
0.07340628
0.073327455
0.07368354
0.0739908
0.07415091
0.07433266
0.07510801
0.07521564
0.07505212
0.074867115
0.074867075
0.07445015
0.07438723
0.074300185
0.074150385
0.07452519
0.074585585
0.074634985
0.07486998
0.07493495
0.075135
0.075155945
0.0756123
0.075722275
0.07513547
0.075139855
0.07513462
0.07513462
0.07521136
0.075182475
0.07517739
0.07517737
0.07515615
0.074830545
0.074924945
0.07422485
0.073241445
0.07290035
0.072986835
0.07297485
0.0731105
0.073203855
0.07276507
0.072600935
0.072537475
0.0727722
0.072688705
0.073253535
0.07319941
0.073202935
0.07297538
0.07297231
0.0729722
0.072971915
0.072918065
0.07291799
0.07288544
0.07324449
0.07284996
0.07270001
0.0726728
0.072672475
0.07254447
0.072064885
0.07149419
0.070610545
0.07049871
0.070617735
0.07071282
0.0713318
0.071512175
0.07167423
0.07179462
0.071343545
0.071532715
0.07118782
0.07143286
0.071765095
0.07155777
0.07199313
0.071575545
0.07175
0.07175501
0.07163007
0.071630225
0.071630135
0.071630125
0.071580125
0.071699995
0.071699995
0.071699995
0.071749995
0.071749995
0.07192499
0.071825
0.071915
0.071915
0.0721047
0.071969795
0.071558895
0.07164405
0.071644145
0.071650065
0.071650215
0.07165532
0.071660005
0.071749895
0.071775035
0.071799535
0.071799565
0.07175
0.071899305
0.071949285
0.071894965
0.071769975
0.07204722
0.07212
0.07212
0.071977555
0.07195255
0.071952555
0.072149265
0.07216516
0.07222501
0.072495
0.0727
0.07275
0.07281
0.072804995
0.07259488
0.072445
0.072445
0.072445
0.0724
0.0724
0.0724
0.072575
0.0725
0.0726
0.07225
0.072235485
0.072250025
0.07224005
0.07220033
0.072350605
0.07227352
0.07247839
0.07247839
0.072511
0.072611
0.0727
0.07279855
0.07254999
0.07237909
0.07237895
0.072378815
0.072399595
0.07258553
0.073100015
0.073439865
0.073339875
0.07333992
0.073591205
0.073250775
0.073516265
0.073765885
0.07403226
0.074338635
0.07441806
0.074199945
0.07419988
0.074174995
0.073975
0.074104985
0.074104985
0.074105005
0.07444983
0.074445
0.074739815
0.074475
0.074549995
0.074550005
0.0748356
0.074988095
0.074999995
0.074988095
0.07514193
0.07513005
0.07513005
0.07528391
0.07535001
0.07549334
0.075673455
0.075532335
0.075441885
0.075165875
0.07516594
0.07516593
0.07514609
0.075116165
0.074900365
0.07542471
0.07540869
0.07546882
0.075892995
0.075935995
0.07594335
0.075925
0.075829695
0.07556311
0.075675505
0.07535106
0.075353
0.07530323
0.075300675
0.075300655
0.075649855
0.075217605
0.07515287
0.07526773
0.075267925
0.075268065
0.07514316
0.07514337
0.075524145
0.075474995
0.07513663
0.075136635
0.07544992
0.075150005
0.075150005
0.075020695
0.075017705
0.074997705
0.0749777
0.07496267
0.07453007
0.07450484
0.074255195
0.07427475
0.074449125
0.07444912
0.07469799
0.074528025
0.0741341
0.074648885
0.074648415
0.074691495
0.074698635
0.074648565
0.074694825
0.07458501
0.074879835
0.075036795
0.075134975
0.07470001
0.074600005
0.075134775
0.075124965
0.07462534
0.07462524
0.0743756
0.0743755
0.074330465
0.07431121
0.07426121
0.07431121
0.074185805
0.074305755
0.074371885
0.074521835
0.074571775
0.07461071
0.074606665
0.074606705
0.07460699
0.074607995
0.07460883
0.074639795
0.074495255
0.074455645
0.07470549
0.07432218
0.074266665
0.074266665
0.07426667
0.074200005
0.074316665
0.074105065
0.07410007
0.07441007
0.074515085
0.07451483
0.07423503
0.07511512
0.07487496
0.07476007
0.074885
0.074820185
0.074820565
0.074777185
0.075034995
0.07497
0.07500499
0.07493499
0.074925
0.074925
0.074929995
0.074929995
0.07502499
0.075160005
0.075135
0.075190175
0.07516002
0.07521516
0.075521565
0.07552181
0.07560076
0.0757
0.07584999
0.075700025
0.075700025
0.075700025
0.07550004
0.075500025
0.07535051
0.075550275
0.075694955
0.075540475
0.075499985
0.0754495
0.07544997
0.075450185
0.07545
0.0754995
0.075499705
0.0753413
0.07528999
0.075390075
0.07538997
0.075075565
0.07495593
0.07495593
0.07527
0.07495593
0.074885
0.074885
0.075199755
0.07521651
0.075216435
0.075614875
0.07562986
0.07519268
0.0752
0.075425
0.07520002
0.075200045
0.075200045
0.07545
0.075449995
0.075681485
0.07586168
0.075866715
0.076121765
0.076121765
0.07590089
0.07612167
0.0760065
0.076006655
0.076289605
0.07605366
0.07630094
0.076579625
0.07658796
0.076836565
0.076875
0.076786565
0.07663505
0.07658505
0.076624805
0.07631791
0.07626791
0.076575
0.076575
0.076575
0.076575495
0.07657547
0.076519865
0.0764005
0.0764005
0.0764005
0.076474895
0.07647442
0.076392835
0.07579718
0.07609996
0.07594978
0.07581998
0.07581999
0.07581997
0.075824965
0.07597501
0.075975105
0.07597507
0.075975135
0.07639984
0.07597529
0.07597529
0.075975295
0.075995025
0.076289995
0.07609951
0.07638942
0.076244405
0.076244395
0.07624439
0.076294365
0.076294355
0.07629435
0.07628434
0.076050005
0.076050005
0.07619843
0.076248415
0.07610044
0.07610045
0.076100325
0.07592881
0.07585417
0.075999325
0.07599691
0.07599691
0.07599691
0.075996905
0.075856145
0.07604887
0.07607703
0.076077025
0.07607698
0.0760769
0.07580406
0.07607677
0.076039995
0.076039975
0.07599999
0.075999945
0.075725305
0.075401375
0.075411675
0.075172815
0.075172815
0.075411445
0.07541104
0.075172815
0.07512993
0.074975
0.0749245
0.074570145
0.07444175
0.07434448
0.073975065
0.074395755
0.07384395
0.074086065
0.074101665
0.07406053
0.073886495
0.07390468
0.074159305
0.074304635
0.07415493
0.073936725
0.074154605
0.07378779
0.07393095
0.073930865
0.074004995
0.07415467
0.07415467
0.07416521
0.074418225
0.07441825
0.07441832
0.07445521
0.07481239
0.074999995
0.074999995
0.07499428
0.07499429
0.07499999
0.07499999
0.07519442
0.0751944
0.07514411
0.075093575
0.07450946
0.07487301
0.074773235
0.07472325
0.07472817
0.0747281
0.074629165
0.07440742
0.0744074
0.074407395
0.074151035
0.074439985
0.07421999
0.074343605
0.07434359
0.074346845
0.074178905
0.074446435
0.07434684
0.074053555
0.074053775
0.07400384
0.07399391
0.07400898
0.074013985
0.074013855
0.074013825
0.073994035
0.07399423
0.07403
0.074030025
0.074029995
0.074030025
0.07395017
0.074199835
0.074431365
0.074000005
0.074000005
0.07386416
0.073915
0.073914985
0.07391497
0.073914965
0.073634795
0.073799485
0.073799475
0.073799995
0.07358103
0.07363103
0.073556985
0.073749435
0.07374937
0.073500025
0.07355
0.07355
0.073226175
0.073226125
0.073151925
0.07304429
0.073009525
0.072680025
0.07289942
0.07253499
0.072684845
0.07195461
0.07258657
0.072656435
0.07269136
0.07260001
0.072863215
0.072786185
0.073143135
0.073049975
0.07265492
0.07284995
0.073368905
0.073076025
0.07298619
0.07298619
0.07298619
0.07322574
0.07352574
0.07345076
0.073450765
0.07345076
0.073525755
0.07347576
0.073211005
0.07342576
0.07342576
0.07321141
0.073576295
0.07358497
0.073576145
0.07321239
0.0732124
0.073402605
0.0732513
0.0732513
0.07315
0.073125
0.0732513
0.07330125
0.073301255
0.073212415
0.07298613
0.072955
0.0730111
0.07321243
0.07321239
0.07322124
0.07261327
0.07315124
0.073199995
0.07314998
0.07304998
0.073049885
0.073049895
0.07305001
0.07304997
0.073049945
0.07304969
0.07273464
0.07329947
0.073050065
0.07310029
0.073200165
0.073344955
0.07360127
0.073699995
0.073501295
0.073522795
0.073795
0.07379946
0.0737994
0.073799365
0.073799295
0.073799115
0.07369983
0.07374855
0.07369981
0.07399794
0.07367375
0.07372352
0.073724475
0.073625035
0.073525
0.073525
0.073475
0.07344
0.073439995
0.073620365
0.073620395
0.073753995
0.073878635
0.073745005
0.073735015
0.073994475
0.07373501
0.073769995
0.07376748
0.07376748
0.07376653
0.07398298
0.07399095
0.073999465
0.07355505
0.073658605
0.073870435
0.07387036
0.0738708
0.073899995
0.073879995
0.073849995
0.073800145
0.07367518
0.073639885
0.07371445
0.07363495
0.07363456
0.07333939
0.0736435
0.073592985
0.073539375
0.07325201
0.07305
0.073126645
0.07289324
0.073247535
0.07308
0.073302265
0.073352055
0.073396425
0.07339601
0.073155065
0.073350975
0.07335092
0.07335091
0.07335085
0.07335554
0.07335574
0.073591515
0.073265
0.07349549
0.073349995
0.073305
0.07354495
0.073544945
0.073475
0.073325
0.073325
0.073325
0.07323002
0.0732299
0.073155055
0.073155
0.07319999
0.072905
0.072875
0.072865
0.072805
0.072805045
0.0728945
0.0728985
0.0728995
0.0728045
0.072905
0.07279312
0.072583945
0.07259312
0.072490825
0.072544995
0.072395005
0.072394965
0.07239472
0.071841655
0.07189651
0.07174151
0.071741525
0.07170002
0.071700005
0.07169001
0.071688405
0.071647965
0.071647995
0.07156758
0.071728405
0.0718385
0.07183843
0.07204207
0.071659595
0.071899995
0.07195
0.07195
0.072195135
0.072104615
0.07219247
0.07219235
0.0719251
0.072100035
0.0720951
0.07209995
0.0722998
0.072317095
0.07231699
0.07239969
0.072399425
0.07235
0.07245
0.07238995
0.07243994
0.0724895
0.07205019
0.0723
0.07264287
0.07263866
0.072105
0.07210501
0.07253577
0.07248984
0.072400005
0.072491495
0.07253575
0.072405
0.072395
0.0724
0.07230002
0.072120485
0.072414175
0.072499985
0.07227043
0.07243982
0.072499995
0.072499965
0.07239999
0.07239999
0.072449985
0.072449965
0.072400005
0.07244995
0.072300045
0.07234994
0.072299885
0.07226
0.07234
0.07235
0.07227
0.072225325
0.07215
0.072399985
0.07239999
0.07210004
0.0721
0.072250005
0.07225001
0.072250115
0.07226
0.07226025
0.072325005
0.07235499
0.072399835
0.072594995
0.07244998
0.07244997
0.072404965
0.07235003
0.07235048
0.0726999
0.07285001
0.07305001
0.07305
0.073200035
0.073205
0.073250005
0.073279865
0.07352059
0.073524465
0.073901365
0.073745755
0.073901365
0.073999995
0.07407479
0.074205
0.074348825
0.07445
0.07455001
0.074886155
0.074949965
0.07508999
0.075174505
0.07507
0.075640085
0.07593996
0.07599997
0.076383365
0.076368345
0.07629698
0.075996545
0.075817295
0.07549494
0.0753299
0.07522699
0.07508081
0.074898435
0.07478433
0.074784635
0.075080735
0.074866115
0.075055
0.07484998
0.074700025
0.074887375
0.07484994
0.07475001
0.07470003
0.075327505
0.07542098
0.07541623
0.07550845
0.075899965
0.075870765
0.07575491
0.07579994
0.07541721
0.075255095
0.07525509
0.075134165
0.075134185
0.07552872
0.07540435
0.075528585
0.07528713
0.07529905
0.07518724
0.075187195
0.07477648
0.074556505
0.07492563
0.074668025
0.074749995
0.07494997
0.074974935
0.07494528
0.075194215
0.075000095
0.075449965
0.075467515
0.075000065
0.075050005
0.074950125
0.07495
0.075000125
0.07513756
0.075105005
0.075254195
0.075254165
0.075304145
0.07495015
0.075154285
0.07520417
0.07549968
0.07549364
0.07545002
0.075260025
0.075250025
0.075260245
0.075422735
0.07560452
0.075738875
0.07560381
