0.048884485
0.04888476
0.048884905
0.048884565
0.0488824
0.04888198
0.04888169
0.04887937
0.04887893
0.04885054
0.048848515
0.048846485
0.04884639
0.048844245
0.048840335
0.04843148
0.04843164
0.048824985
0.048634135
0.04863157
0.04862315
0.048596355
0.048593625
0.048593215
0.04859268
0.048590485
0.04859006
0.04854769
0.04854711
0.04854415
0.04854601
0.048547845
0.048544985
0.04859146
0.04847773
0.048494605
0.04844228
0.04844402
0.048442005
0.04845783
0.048457585
0.0484576
0.048459375
0.048509275
0.04850573
0.048504
0.048503595
0.04850177
0.048500005
0.048499555
0.04849769
0.048497325
0.048495465
0.048443415
0.04844126
0.04843734
0.04843099
0.04842917
0.04813602
0.048431015
0.048431415
0.048243535
0.048192985
0.048190705
0.04818854
0.04818425
0.04818366
0.048176005
0.04817387
0.048171715
0.04817121
0.048169005
0.0481669
0.048130025
0.0477985
0.047798495
0.0477985
0.047798505
0.047798525
0.048064305
0.048060955
0.048060355
0.04805845
0.048056605
0.04805477
0.048089245
0.04808765
0.048000025
0.048000115
0.047984005
0.04798301
0.047983985
0.047983985
0.047983015
0.04798302
0.04791006
0.04791009
0.04791035
0.04791063
0.048134595
0.04813242
0.048130265
0.048142035
0.048141645
0.048137745
0.04814993
0.048049995
0.048149115
0.048148675
0.048148215
0.04814778
0.04814751
0.04814826
0.04821124
0.0482091
0.0482091
0.048210145
0.048216395
0.048216215
0.048216035
0.048004375
0.04821338
0.048213195
0.048213015
0.048212845
0.04821267
0.04821249
0.048212275
0.048212075
0.04820973
0.0482117
0.048210315
0.04821033
0.048212725
0.048211635
0.048211635
0.048212695
0.04821265
0.048212615
0.04821263
0.048212505
0.04800563
0.04800601
0.048008715
0.048009095
0.04801184
0.048014515
0.04801761
0.048017855
0.04802999
0.04803833
0.048040195
0.048040325
0.048040515
0.048044635
0.048046205
0.048046665
0.048099215
0.04810127
0.048099835
0.048099955
0.04809991
0.048098435
0.047809195
0.047806575
0.04813942
0.04813936
0.047961165
0.047809525
0.04780952
0.047809525
0.047809525
0.04810815
0.04809467
0.04823087
0.04794407
0.04794162
0.047942375
0.0479424
0.0479424
0.047865285
0.04786553
0.047812815
0.047812815
0.04809646
0.0480648
0.048050005
0.048050895
0.048049605
0.048049805
0.04805016
0.048050515
0.04820054
0.04820049
0.048200445
0.04805078
0.048049095
0.04804914
0.048041775
0.04804195
0.04804211
0.04803982
0.04804009
0.04803835
0.048037265
0.04803726
0.048037215
0.04803704
0.048035495
0.048035475
0.0480355
0.048035635
0.04803565
0.048035695
0.04803472
0.04803511
0.04803689
0.04800611
0.048038455
0.048037275
0.04803882
0.048040135
0.048040135
0.04803882
0.04803252
0.048031095
0.048031115
0.048031095
0.04803242
0.04803375
0.04803375
0.0480311
0.048004965
0.048003795
0.047955085
0.047955085
0.04795513
0.048099995
0.047955095
0.047955005
0.0479542
0.047953885
0.0479055
0.047905495
0.04795418
0.047905495
0.047999995
0.047905495
0.047905495
0.047905495
0.047905495
0.047905495
0.047905495
0.047905055
0.047905035
0.04814242
0.047955
0.04790507
0.04784316
0.047844075
0.047843295
0.047843295
0.0478433
0.04784341
0.047844365
0.047845295
0.04784546
0.047846405
0.04785
0.0478509
0.04785088
0.04785091
0.047851045
0.047851315
0.047851535
0.04799907
0.04799907
0.04785274
0.047853095
0.047853435
0.047929245
0.04793039
0.047930395
0.047929505
0.048081785
0.048080635
0.048080465
0.04808334
0.04808334
0.04808168
0.04808419
0.048151375
0.04821035
0.04821033
0.04821021
0.0482102
0.04821146
0.04821146
0.048210205
0.0482102
0.048210205
0.048210205
0.048210205
0.048211465
0.0482102
0.0482102
0.04821018
0.04821146
0.04821147
0.04821268
0.04821284
0.048212825
0.04821276
0.048212775
0.0482121
0.048212305
0.04821209
0.04821123
0.04821123
0.04807668
0.04807692
0.048076885
0.048076715
0.04807635
0.048076645
0.048074285
0.048072355
0.04807034
0.04806977
0.04786823
0.04786823
0.048057465
0.048057245
0.048055285
0.048055015
0.0480526
0.048052155
0.04804794
0.04804892
0.04790317
0.04790187
0.047901485
0.047901055
0.04789993
0.047836585
0.04765668
0.04765073
0.047650735
0.047829365
0.047827705
0.047827235
0.047826825
0.047825165
0.04782477
0.047824365
0.04782813
0.04775604
0.047827745
0.04779595
0.04779581
0.04779572
0.04779562
0.04761204
0.04761204
0.04761204
0.047795455
0.047795365
0.047795275
0.047795355
0.047795345
0.04779552
0.047780995
0.04760681
0.04760681
0.047775245
0.04760035
0.04777357
0.047773235
0.047772775
0.04777125
0.04776442
0.047754455
0.04771374
0.047752985
0.047712925
0.04771139
0.04765232
0.047652315
0.04765081
0.047385995
0.04738638
0.04754653
0.04754638
0.047546085
0.047545825
0.047545525
0.04754321
0.04754289
0.047542985
0.04753563
0.04753598
0.04753636
0.04762036
0.0476203
0.04728551
0.047285615
0.04728602
0.047539615
0.047548075
0.04754829
0.047548115
0.047546305
0.04754441
0.04754475
0.04754506
0.04754758
0.04754802
0.047548325
0.04754863
0.04754505
0.047545435
0.047540835
0.047541195
0.04753344
0.047533835
0.04753403
0.04753417
0.047534575
0.04741253
0.047262495
0.047263655
0.047263655
0.04744883
0.047649535
0.04764962
0.047650225
0.047697635
0.04769924
0.04769988
0.04770028
0.04774782
0.04774817
0.04774861
0.048089385
0.048089385
0.047753725
0.04775614
0.04775652
0.04808938
0.04775903
0.047722825
0.047723545
0.04773284
0.0477576
0.047762
0.047952535
0.04804471
0.04819105
0.04813127
0.04813132
0.048131335
0.048131355
0.048131395
0.048081825
0.04808189
0.04815105
0.04830605
0.04830605
0.048306045
0.048210575
0.048210575
0.048736635
0.04874036
0.04874146
0.04874168
0.0487416
0.048742685
0.04869396
0.048379575
0.04837921
0.04837898
0.048287455
0.04828745
0.04828728
0.0482853
0.04828523
0.048284015
0.04827948
0.04827848
0.04827389
0.04827505
0.04827505
0.04827505
0.048276395
0.048493495
0.048672975
0.048671545
0.048121185
0.048123555
0.04866366
0.04866221
0.048320425
0.048320775
0.048318105
0.048303345
0.048803845
0.048460415
0.04845874
0.04845739
0.04848903
0.04849387
0.048493535
0.048493165
0.04849278
0.048492395
0.048492015
0.04849167
0.048410385
0.048410035
0.048411875
0.04841365
0.048413485
0.048415275
0.04841491
0.048413645
0.04841192
0.04841171
0.048411355
0.04841311
0.04849364
0.04841411
0.04830168
0.04829671
0.048298145
0.048384595
0.048309615
0.04830965
0.04828616
0.04826247
0.048238355
0.04818859
0.04818923
0.048189375
0.048189495
0.048189625
0.048189795
0.04848431
0.048551485
0.048794815
0.048794895
0.0488
0.0488
0.048694895
0.048794895
0.048794895
0.04881705
0.04881705
0.04881705
0.04881705
0.04881705
0.04886705
0.048622045
0.04862421
0.048624465
0.048549585
0.048549865
0.04854996
0.048555195
0.04844472
0.048446275
0.048489685
0.048589635
0.0486449
0.04872104
0.04872104
0.04872102
0.048773
0.04869697
0.04869699
0.048698265
0.048698405
0.0487705
0.0487705
0.04852938
0.048448495
0.048670705
0.0486723
0.048721835
0.0487956
0.04882051
0.04882538
0.04882538
0.04882029
0.0488204
0.048820565
0.04882065
0.048820585
0.04882062
0.048815555
0.04882058
0.04882067
0.04882073
0.048820805
0.04882071
0.048851565
0.04885168
0.048852055
0.04896479
0.048965135
0.049221515
0.04923574
0.049235745
0.049235745
0.049235745
0.049235745
0.04923574
0.049235735
0.04923573
0.04923573
0.04923573
0.049235745
0.049235745
0.049235745
0.049038925
0.049039255
0.04903957
0.04903992
0.049040245
0.04904058
0.0490409
0.049041405
0.04904176
0.04896709
0.049150925
0.049151255
0.04915194
0.049152195
0.049233485
0.049233735
0.049234005
0.04928941
0.04928974
0.04933706
0.04933737
0.049340815
0.04934128
0.04934279
0.049343245
0.04934371
0.04934546
0.049370415
0.049442205
0.04937245
0.04937291
0.049585785
0.049486165
0.049486645
0.04989951
0.049587885
0.04958832
0.04958882
0.049589365
0.04958988
0.049999945
0.049590705
0.049616075
0.0496208
0.049621255
0.04962177
0.04962227
0.04962497
0.04962761
0.04962806
0.04963063
0.049751495
0.04975597
0.049814495
0.04988949
0.049899995
0.049894995
0.049739505
0.04972163
0.049721915
0.04953311
0.04956029
0.049894995
0.049894995
0.049894995
0.04950452
0.04950659
0.04970205
0.04979499
0.049796155
0.04979616
0.04976562
0.04982077
0.049989985
0.049725775
0.049725775
0.04982076
0.04979615
0.049796155
0.04979737
0.049797455
0.04971556
0.04971602
0.04972015
0.04972034
0.04972085
0.04979386
0.049803655
0.04980438
0.049800035
0.049800035
0.049800045
0.04980006
0.04980009
0.04980013
0.049750115
0.04979543
0.04979582
0.04980111
0.04980145
0.049801955
0.049801425
0.0498982
0.0498182
0.0498182
0.0498182
0.04989999
0.04989999
0.04989999
0.04983862
0.04983862
0.04983862
0.04983862
0.04983862
0.04983862
0.04965906
0.04968735
0.049657645
0.04965767
0.049657635
0.049657635
0.049526455
0.04952684
0.049527215
0.049527405
0.049431375
0.049430265
0.0494321
0.049678725
0.049435145
0.04943383
0.04934613
0.0493463
0.04934649
0.04934669
0.049346885
0.049347805
0.04943816
0.04943831
0.049438495
0.04943878
0.0494391
0.04944062
0.04944099
0.049427
0.049489655
0.049502295
0.049589945
0.04959175
0.04959137
0.04959015
0.04953925
0.04954137
0.049543765
0.04954426
0.049546635
0.04954892
0.049549375
0.04954981
0.04955029
0.049550765
0.04955111
0.04987461
0.04987461
0.04955229
0.04955292
0.04955629
0.049555455
0.049555815
0.04955798
0.04955838
0.049553755
0.049554085
0.04955434
0.04955416
0.0495539
0.04955355
0.04955315
0.04955261
0.04955213
0.04948415
0.04948599
0.049485045
0.04948463
0.04948289
0.049479775
0.04947582
0.04947543
0.04947502
0.04933721
0.04933678
0.049336555
0.048919095
0.048939265
0.048941615
0.048941355
0.048943665
0.04894599
0.048945405
0.048763585
0.048763705
0.048763615
0.04876347
0.04876489
0.04876642
0.04876673
0.04876837
0.04876868
0.048770265
0.04877026
0.04877151
0.04877317
0.04877453
0.04877457
0.048773285
0.04877355
0.048550675
0.048771875
0.048528225
0.04852832
0.04874992
0.048668165
0.04866827
0.048993905
0.048993905
0.04867132
0.048696085
0.04869828
0.04869855
0.04870579
0.048707875
0.048852865
0.048852675
0.048852945
0.04885295
0.048719155
0.04879922
0.04884798
0.04884799
0.048897095
0.048897985
0.048897985
0.048897985
0.048898005
0.048898015
0.048668075
0.04871332
0.04871378
0.04871632
0.04871674
0.04886719
0.048869995
0.048870295
0.048873025
0.04891136
0.04891179
0.04891427
0.04891433
0.04891459
0.048914735
0.048914955
0.048915245
0.048915385
0.04891566
0.048915995
0.048551465
0.048551915
0.04855447
0.04855705
0.048557225
0.048559665
0.04892606
0.04890751
0.04924623
0.04924622
0.04924619
0.048909565
0.04890978
0.048909775
0.04890992
0.04891524
0.048913215
0.048913565
0.04891357
0.04891357
0.048910895
0.048911285
0.048964645
0.048964495
0.04891289
0.04912366
0.048969275
0.04896947
0.048969655
0.048968095
0.048969845
0.048949995
0.04897617
0.04897617
0.048977785
0.048978095
0.048980135
0.0491106
0.049363495
0.0497328
0.04973465
0.049734655
0.049450465
0.04944927
0.049451475
0.049453565
0.049518625
0.049769895
0.049769875
0.049656455
0.04965694
0.04965739
0.049659475
0.04966151
0.049663405
0.04966382
0.049664195
0.04974543
0.04974594
0.049746425
0.04974689
0.04974738
0.04974874
0.049750525
0.049750875
0.04975261
0.049752985
0.04975338
0.04975375
0.049755505
0.049760865
0.049925045
0.049975095
0.04997533
0.050025
0.050025
0.050025
0.050025
0.05002
0.050045
0.050045
0.050025
0.050025
0.050025
0.050025
0.049754455
0.04975485
0.050025
0.050024995
0.050025
0.050049995
0.050049995
0.050049995
0.050049995
0.050024995
0.050024995
0.050024495
0.050024495
0.049784945
0.04978651
0.04978804
0.050024995
0.04982505
0.04982654
0.04982801
0.04982963
0.049830995
0.049832405
0.04983371
0.04983371
0.04983371
0.049833705
0.049833955
0.049835325
0.049836685
0.049837005
0.04983852
0.04983852
0.0497333
0.04962642
0.049732275
0.04973241
0.04973257
0.049732735
0.049732895
0.049733245
0.049837855
0.04983942
0.049838485
0.049835385
0.0498368
0.04983653
0.04977717
0.04977878
0.04977889
0.049779225
0.04977962
0.049779795
0.049779565
0.04977938
0.04977785
0.04977432
0.049772375
0.049770475
0.04976854
0.049766685
0.049764855
0.049763045
0.04976118
0.04975935
0.049757635
0.0497561
0.04975335
0.04974884
0.049749835
0.049748225
0.0497467
0.04974661
0.049744545
0.049742915
0.04974257
0.04974087
0.049738115
0.04973666
0.0497365
0.049735195
0.04973388
0.04973212
0.049732
0.049730045
0.04972873
0.04967851
0.049923395
0.049923405
0.049923325
0.049754885
0.0497536
0.04975376
0.049753485
0.04975373
0.049848305
0.049848305
0.04984842
0.049848605
0.04984789
0.049848805
0.049848515
0.049848515
0.049848515
0.049848515
0.0498733
0.049700215
0.049700215
0.04987496
0.049873835
0.049605125
0.04960527
0.04960517
0.049777925
0.04977798
0.04977679
0.049777245
0.049779245
0.04977965
0.04978001
0.04978031
0.049779125
0.04977957
0.049779955
0.049780315
0.04977722
0.049510175
0.049753525
0.04975197
0.049751805
0.04975025
0.0497501
0.049748575
0.04974838
0.04966013
0.04965983
0.049659575
0.049657545
0.049657225
0.049655015
0.04965384
0.04955211
0.04945207
0.04931594
0.049316165
0.049313105
0.049313265
0.0494226
0.04942274
0.04946947
0.049419945
0.049417355
0.04941697
0.04941654
0.049411225
0.049406615
0.0494018
0.048890305
0.04888856
0.048888715
0.048888905
0.048889105
0.04888928
0.04886441
0.048891485
0.048891685
0.0488919
0.04889209
0.048892255
0.049197085
0.048892685
0.04878162
0.04889275
0.048892805
0.04889283
0.04889285
0.049003815
0.048892935
0.048891055
0.04900191
0.04900191
0.04889304
0.04900191
0.049002865
0.049002865
0.049002865
0.049003365
0.049003365
0.049003365
0.049003365
0.049003365
0.049002865
0.049002865
0.049002865
0.049002865
0.049002865
0.049002865
0.049002865
0.049002865
0.049002865
0.049002865
0.049002865
0.04894774
0.04894774
0.04894774
0.048947745
0.04894774
0.048947735
0.048947735
0.048947735
0.048947735
0.048947735
0.048887635
0.04888763
0.048887675
0.048887675
0.048887675
0.048887675
0.04888767
0.04888767
0.04888761
0.0488876
0.0488876
0.0488876
0.0488876
0.048885755
0.04888757
0.04888757
0.048887615
0.048887615
0.048887615
0.04891083
0.04891083
0.04888761
0.048887605
0.048887605
0.048887605
0.0488875
0.048887605
0.048887605
0.04867247
0.048670435
0.04866807
0.048665715
0.04866314
0.048492945
0.04854967
0.048636235
0.048480015
0.04821106
0.048211095
0.048211165
0.04821121
0.048211235
0.048211215
0.0482113
0.04858483
0.04848555
0.04847695
0.04847699
0.048474845
0.04847471
0.04825005
0.04851112
0.048509655
0.048250045
0.04815006
0.04815012
0.048150155
0.04840789
0.04840769
0.048001185
0.04800075
0.04800075
0.04800075
0.04796959
0.047841005
0.047901675
0.04790167
0.04790167
0.047901675
0.047901675
0.047901665
0.048001475
0.048001475
0.048001475
0.04790167
0.04767776
0.04778306
0.047882885
0.04788287
0.04788275
0.04760159
0.047601865
0.04760211
0.047602355
0.04760235
0.047602475
0.04760224
0.04760233
0.04760242
0.047602405
0.04760249
0.04760022
0.047600215
0.047597785
0.047597685
0.04759539
0.047592345
0.047590855
0.04758822
0.0475879
0.047585495
0.0472122
0.04721195
0.047458325
0.04735562
0.047355625
0.04730564
0.047305635
0.047305635
0.04745616
0.04745598
0.047261275
0.047261315
0.04726127
0.04726127
0.04726127
0.04721126
0.047211265
0.04721126
0.04721126
0.04721126
0.04721126
0.04721126
0.04721126
0.04706252
0.047075665
0.047076055
0.04707559
0.047075875
0.04707575
0.04707579
0.04707583
0.047075845
0.047075835
0.04707583
0.047075735
0.046796865
0.046796945
0.04679697
0.046796965
0.046806345
0.04685535
0.046660585
0.04665748
0.046657985
0.046616405
0.04661374
0.046614025
0.04666125
0.046662315
0.04674783
0.04677254
0.046575245
0.046599985
0.046668475
0.04667007
0.04667049
0.046668935
0.046650975
0.04665096
0.046649475
0.046649955
0.04665001
0.046650085
0.04664974
0.04664977
0.046651085
0.046646995
0.046645565
0.04664409
0.046642655
0.046641375
0.046643
0.046643355
0.04664359
0.046643685
0.04669001
0.046739985
0.046739985
0.04687998
0.046879975
0.04688071
0.04688071
0.046880705
0.046523975
0.04652442
0.0465249
0.04652537
0.046523895
0.04652809
0.04652639
0.04652894
0.04652944
0.046527765
0.046528215
0.04652875
0.046531205
0.046533305
0.046591035
0.04670577
0.046873705
0.04656163
0.04669856
0.046415665
0.046415695
0.04641573
0.046415845
0.04641585
0.046415855
0.046415175
0.046414495
0.04635058
0.046350585
0.046350585
0.046350585
0.04635053
0.046350535
0.046350525
0.04628954
0.046289525
0.046256825
0.046255975
0.0462554
0.046254655
0.046254655
0.046254655
0.046392775
0.046255495
0.046297775
0.046297775
0.046297775
0.046297775
0.046197775
0.04619799
0.04619771
0.04619785
0.04619768
0.046196335
0.04620028
0.046201495
0.046201615
0.046201745
0.046200005
0.0462012
0.04619901
0.04620001
0.046399005
0.04619899
0.04619918
0.04620036
0.04620036
0.04619902
0.04619501
0.046196175
0.046196175
0.04619706
0.04619795
0.046199085
0.046195035
0.046040325
0.046040015
0.04603802
0.04603546
0.046033
0.04584684
0.04603248
0.04599374
0.045993055
0.04599271
0.04599213
0.04604017
0.046040365
0.046041995
0.046040905
0.046042285
0.0460437
0.046043755
0.046046575
0.046045505
0.045650805
0.045647505
0.045648055
0.04567994
0.0457596
0.04600939
0.046023195
0.045659835
0.045525635
0.04559029
0.045590815
0.045591185
0.045591645
0.045591965
0.04578993
0.04559327
0.045592125
0.04559206
0.045591145
0.04559126
0.045591355
0.045591515
0.045689885
0.045785975
0.045789975
0.045786005
0.04578251
0.04578251
0.04559161
0.04559326
0.04559676
0.04565262
0.04520505
0.046044785
0.04603999
0.0454511
0.04520672
0.045207185
0.045204075
0.04520097
0.045166425
0.04516948
0.04521623
0.045022855
0.045023165
0.04533936
0.0453366
0.045336025
0.04591007
0.045269405
0.045268605
0.0451543
0.04515411
0.045201525
0.0451227
0.045119225
0.045119535
0.04429026
0.04463436
0.044383685
0.044669835
0.044974865
0.044772605
0.04512481
0.045124595
0.04512428
0.04512586
0.04512747
0.045129205
0.045177085
0.04518152
0.04522415
0.04515197
0.04542583
0.045201175
0.04520258
0.04510599
0.04525162
0.04535175
0.04530451
0.045355625
0.04535737
0.045358825
0.04530259
0.04530267
0.04530242
0.045303595
0.04530498
0.04532717
0.04532698
0.045326985
0.045328435
0.045329895
0.04532993
0.04533146
0.045328245
0.045364595
0.04511098
0.0447774
0.0447789
0.04477891
0.045115215
0.044897185
0.04489521
0.044893205
0.044570255
0.04488495
0.044883595
0.044881655
0.044873135
0.044843035
0.044493975
0.04449015
0.044506125
0.04450076
0.04450097
0.04449882
0.044499225
0.044499605
0.044546755
0.044547135
0.04460038
0.044600795
0.044601195
0.044603565
0.04490255
0.04542233
0.04542228
0.045422295
0.045148125
0.04514835
0.04514819
0.04514792
0.045150475
0.045150245
0.04515008
0.04549127
0.04549146
0.04549121
0.04549146
0.04549146
0.045115725
0.04525712
0.045642275
0.045642265
0.045642215
0.0456423
0.045514155
0.045642265
0.04583838
0.045838375
0.04571969
0.045729575
0.045871245
0.0458711
0.04567101
0.045437685
0.04537974
0.04537994
0.04538201
0.045440455
0.045448955
0.04545026
0.045334405
0.04542837
0.045428345
0.045438625
0.04543877
0.0454389
0.045439415
0.045439785
0.045442045
0.045440585
0.045504665
0.045550075
0.04554999
0.04542729
0.045427285
0.04555115
0.04552782
0.04555024
0.04575398
0.045755525
0.04615536
0.045844535
0.04584498
0.04581043
0.04588089
0.045881385
0.04588187
0.04588238
0.04619055
0.046192335
0.04619232
0.045887685
0.045890215
0.045892145
0.04589244
0.04589536
0.04589854
0.045901495
0.045904485
0.04590463
0.045907665
0.045910735
0.045912045
0.04592226
0.045932225
0.04593951
0.04594028
0.045941155
0.04594154
0.0459446
0.045951245
0.045954165
0.04595655
0.045956655
0.04595922
0.04596181
0.04596438
0.0459645
0.045966895
0.045967415
0.04596973
0.045969565
0.04597188
0.04587766
0.045475835
0.045747215
0.045746945
0.04574518
0.04574511
0.04590104
0.045950755
0.045950325
0.045950015
0.045957795
0.046107025
0.046242295
0.04624311
0.046287715
0.04629359
0.04629386
0.04630017
0.04630035
0.046300475
0.04629522
0.046295445
0.046414045
0.0464145
0.04641691
0.046417375
0.04641789
0.04641925
0.04657341
0.046573725
0.046627205
0.046768015
0.04688452
0.04688
0.04688452
0.046884525
0.047117845
0.047116375
0.04715468
0.04722855
0.04727777
0.04727773
0.04727773
0.04727765
0.04727765
0.04735534
0.04743447
0.047406145
0.04740612
0.047406385
0.047406445
0.047407315
0.04740753
0.047408765
0.047408785
0.047408965
0.04741024
0.047409335
0.047409585
0.047546795
0.047889315
0.047958775
0.04760596
0.047608235
0.04761078
0.04765025
0.04807963
0.048175095
0.04784644
0.04799638
0.04799691
0.04799691
0.04818994
0.04812546
0.04809447
0.048118445
0.0481195
0.04811959
0.04827011
0.04827147
0.04827533
0.04828003
0.048400025
0.04864698
0.04875563
0.04885623
0.049254035
0.049494745
0.04930951
0.049258905
0.04925949
0.048834985
0.04933897
0.049086755
0.049084825
0.04908253
0.049080475
0.049142175
0.049241785
0.04919047
0.049215105
0.04921356
0.04921208
0.04895555
0.04898723
0.04921191
0.04921053
0.04921049
0.049210485
0.049209985
0.049209985
0.049209995
0.04920868
0.04921153
0.049210225
0.049211525
0.04923485
0.049236135
0.04942928
0.04942927
0.04940943
0.049189285
0.049177295
0.049516495
0.0496021
0.04966819
0.04966837
0.049668335
0.0497
0.049898755
0.049898755
0.049898755
0.049943775
0.049995055
0.049995055
0.050025
0.049973785
0.04987536
0.0499481
0.050223305
0.050298415
0.050298335
0.050073965
0.050098235
0.050098235
0.05040002
0.050500275
0.0505505
0.05049999
0.05069922
0.05092312
0.051147075
0.05129417
0.05150702
0.05170007
0.05179995
0.051800095
0.051862765
0.05186314
0.05238273
0.052637005
0.052876655
0.05301251
0.053116285
0.05353435
0.05353604
0.05365479
0.054130935
0.054461785
0.053831275
0.054499925
0.05398999
0.054303075
0.05412194
0.053749905
0.053480755
0.05348044
0.05373781
0.0537355
0.052731455
0.05340659
0.052453835
0.05219044
0.051907905
0.052217455
0.052813695
0.053250925
0.05412787
0.05448609
0.05502447
0.05511671
0.055284825
0.055849995
0.056001915
0.05621709
0.056999985
0.05724999
0.057299985
0.05798416
0.057734205
0.057750275
0.0581
0.05775035
0.054970975
0.055381675
0.054856025
0.0560497
0.056049645
0.056394355
0.056444285
0.056345055
0.05647828
0.0568306
0.056980355
0.057230845
0.05881998
0.0587899
0.05899999
0.06005
0.06018651
0.06038801
0.060813205
0.06167913
0.061699985
0.062779945
0.063650795
0.064149995
0.06494658
0.064750055
0.0655096
0.065806055
0.064517935
0.060868905
0.064449935
0.064399835
0.06474234
0.062649955
0.06279169
0.06279168
0.06066262
0.060146155
0.060522575
0.059873515
0.06030013
0.060569075
0.060871165
0.061328055
0.06208875
0.061388195
0.062065465
0.06220058
0.06195164
0.061950335
0.061419085
0.061263755
0.06126413
0.06126751
0.061994955
0.061353595
0.06119928
0.061150055
0.061403
0.061203
0.06099168
0.06024541
0.060199915
0.05950049
0.05949864
0.059255485
0.059744765
0.059091575
0.058847285
0.05851883
0.057999925
0.058067835
0.05834167
0.05885493
0.058858195
0.058712365
0.05895253
0.05949955
0.05949958
0.059499685
0.059499685
0.059499685
0.05949972
0.060199405
0.06009998
0.059749765
0.059979035
0.05974974
0.059499475
0.059499505
0.059749755
0.059749695
0.059749735
0.059749995
0.059749995
0.05974973
0.059749725
0.059749725
0.05974972
0.05974973
0.05974973
0.05974973
0.05974973
0.059749735
0.05959974
0.05959973
0.059849725
0.059999345
0.059699425
0.05969943
0.059699425
0.05969942
0.05959941
0.059599395
0.059699325
0.059699335
0.059599665
0.05988865
0.060229215
0.06010755
0.060107655
0.06074894
0.061499955
0.06199379
0.06249998
0.062688625
0.062499995
0.062688605
0.06185998
0.06135326
0.061353585
0.060102215
0.060106295
0.060000035
0.060000505
0.05975098
0.059750835
0.059341685
0.05933745
0.05933722
0.059336745
0.05874247
0.05933487
0.058352755
0.05835276
0.058016495
0.05750656
0.057730565
0.05750014
0.05720025
0.05749704
0.057497035
0.057497235
0.05749758
0.05749761
0.057511125
0.0575109
0.057510785
0.057510665
0.057510545
0.057510425
0.057510445
0.05751047
0.057513335
0.05726254
0.05726257
0.057509325
0.05726261
0.057262795
0.05774902
0.05784232
0.05803111
0.05792613
0.057905
0.05814837
0.057674475
0.057600135
0.057602495
0.057604665
0.057604315
0.05760379
0.056825165
0.05732267
0.057326295
0.05708344
0.05708148
0.05708116
0.056815565
0.05656629
0.056568795
0.056571295
0.056574365
0.056574385
0.05657671
0.056153055
0.055711155
0.05558872
0.055513995
0.055513875
0.05551359
0.055513445
0.055278645
0.05527858
0.05527895
0.05551457
0.055997005
0.055511825
0.05550729
0.055515605
0.055513075
0.05551349
0.055594485
0.05559147
0.055567565
0.056099865
0.05558997
0.055750005
0.05586907
0.05607155
0.055868875
0.055737755
0.05586888
0.05586888
0.055868885
0.05586891
0.05596018
0.05582159
0.055821715
0.05581979
0.05607774
0.056348905
0.056348495
0.05635005
0.05634957
0.056349095
0.05634858
0.056347945
0.056347505
0.05634738
0.056347625
0.05634821
0.05725813
0.05673416
0.056955655
0.05660672
0.05660686
0.05660697
0.056609625
0.056609605
0.056969105
0.056526305
0.05654436
0.05665058
0.05664996
0.056651
0.05665195
0.05665273
0.056698675
0.056440375
0.055999835
0.055999835
0.055999835
0.055999835
0.055585475
0.055021975
0.05551256
0.055499675
0.05530745
0.05481098
0.05481105
0.055000005
0.055449045
0.0553292
0.055325375
0.055324965
0.055324665
0.0553281
0.05532843
0.055493895
0.05575085
0.05613113
0.056386345
0.056390215
0.056677275
0.056389995
0.056391405
0.056678565
0.05667851
0.056277325
0.05627696
0.05627676
0.056276365
0.056276105
0.05627591
0.056275095
0.056275845
0.05601551
0.055606525
0.055606415
0.05560627
0.05553715
0.05553793
0.05559821
0.05560343
0.055698635
0.056576035
0.05660535
0.056519755
0.05656948
0.05656939
0.05655954
0.056559795
0.05656016
0.056560395
0.056492885
0.057043855
0.056735935
0.057215825
0.05721832
0.057218325
0.05721978
0.057219785
0.05778032
0.05779983
0.05779969
0.0575495
0.057549465
0.057050095
0.05705049
0.05705106
0.057059075
0.05705961
0.05706377
0.057064335
0.057066325
0.057070105
0.057070455
0.057075415
0.057299275
0.05729898
0.05735047
0.057225005
0.057376335
0.057398985
0.057423985
0.057063705
0.057064155
0.057064635
0.057065095
0.05706804
0.05707099
0.057073975
0.05707436
0.057074805
0.05727883
0.058074295
0.05760663
0.05760683
0.057609755
0.057612755
0.057616175
0.05761707
0.05783809
0.058589995
0.058799935
0.05813669
0.05813735
0.05813707
0.05789751
0.05790211
0.05790256
0.05790698
0.05790728
0.05829361
0.05829202
0.058292
0.05829375
0.058299025
0.058297255
0.058297255
0.05858924
0.05858967
0.058297905
0.0582976
0.05814971
0.05829762
0.05829764
0.058299505
0.058299395
0.05829749
0.05829551
0.05829737
0.05829782
0.058300195
0.058293765
0.05829538
0.0582952
0.05828983
0.05815436
0.057859715
0.057907545
0.058008045
0.0577626
0.05747749
0.05717582
0.057178845
0.057709385
0.057185075
0.05686575
0.056893605
0.057062
0.05694665
0.05670349
0.05653468
0.056537205
0.05653705
0.0565396
0.056542375
0.05654516
0.056547675
0.05655016
0.056620295
0.0566243
0.056867665
0.056868105
0.056864895
0.05686564
0.056862475
0.05686348
0.056863935
0.05686441
0.05686128
0.056861685
0.056862175
0.0568291
0.05741998
0.05741998
0.057439475
0.057551575
0.057551575
0.05707144
0.057067575
0.05706373
0.05705983
0.057119935
0.05711627
0.057115885
0.05711221
0.05710873
0.057105515
0.05710555
0.05710233
0.05710232
0.05709896
0.057098525
0.0570981
0.056775605
0.056774265
0.05668786
0.056413415
0.056413555
0.0564135
0.056688985
0.05668898
0.05668649
0.0566863
0.056686125
0.05668108
0.05668071
0.05668032
0.05667731
0.05627604
0.05639517
0.05639497
0.056368385
0.05625457
0.056252985
0.05625255
0.056247855
0.055902125
0.055893095
0.055892935
0.055890115
0.055887575
0.055738595
0.055737305
0.055759825
0.05575672
0.055753665
0.055750655
0.05575045
0.055747425
0.05574727
0.05574695
0.05574406
0.05574117
0.05563911
0.055636605
0.055636485
0.05529991
0.05493508
0.054300795
0.05429927
0.054440285
0.054629235
0.054441265
0.054441975
0.05443946
0.054259365
0.05438829
0.05438594
0.054386175
0.054383865
0.054381825
0.054932755
0.05493164
0.054930805
0.05510389
0.05510389
0.055103895
0.055103895
0.05526697
0.05526667
0.05526564
0.05527355
0.055273565
0.05531264
0.05531263
0.05526429
0.055149945
0.05521338
0.05496547
0.054965735
0.05495387
0.054955125
0.055159915
0.05490005
0.05474986
0.054748635
0.054751575
0.054994995
0.054850005
0.05495
0.05485016
0.054749175
0.05464839
0.054646435
0.054749995
0.054750235
0.05479839
0.054410385
0.054700005
0.054700005
0.054899995
0.054999995
0.055130005
0.054929815
0.054929965
0.05487696
0.054604655
0.054659615
0.054659585
0.054662005
0.054660225
0.054660185
0.05466012
0.054659875
0.05465724
0.054654095
0.0546536
0.05475082
0.05475022
0.054649655
0.054645425
0.054635335
0.054595715
0.054593035
0.05459583
0.054325985
0.054326275
0.05459487
0.05460186
0.054602045
0.05460479
0.054610105
0.05460846
0.05461311
0.0546129
0.05461285
0.054680635
0.05468246
0.05468422
0.054684115
0.054682915
0.05483362
0.054687545
0.054689835
0.05495
0.05495
0.055195
0.055194745
0.05520005
0.05550409
0.05550186
0.05530844
0.05575493
0.05626839
0.0562667
0.05582531
0.0558255
0.055821645
0.055822105
0.055826615
0.056124035
0.05716554
0.05746059
0.05773019
0.058099355
0.058605565
0.05875554
0.058828565
0.05879385
0.058819145
0.05853885
0.058924235
0.058261905
0.058266335
0.05827047
0.058271885
0.058274815
0.058277265
0.058268525
0.0582828
0.05828311
0.05830003
0.058709995
0.05881
0.058802505
0.05880393
0.058804915
0.058803505
0.059133485
0.059244
0.059244005
0.05926962
0.059918155
0.059838095
0.059838155
0.060068105
0.06053471
0.060534745
0.06085
0.06154199
0.061743535
0.062185395
0.062839695
0.062842485
0.062842455
0.062842485
0.062921485
0.062922885
0.06335456
0.062548665
0.06255949
0.061837835
0.060424595
0.0606099
0.06003003
0.060550105
0.061096575
0.06172355
0.061974475
0.06198574
0.061986215
0.061986595
0.06203645
0.062036025
0.061636685
0.060986805
0.06098645
0.060982685
0.060917425
0.06083857
0.06038861
0.06038864
0.06019436
0.06019441
0.060493185
0.059800695
0.06060145
0.060249165
0.06024831
0.060248175
0.06024807
0.060102215
0.06009936
0.06010045
0.060195965
0.060293815
0.06014071
0.060250005
0.060248105
0.06000001
0.060049205
0.060244565
0.060244115
0.06024256
0.060247655
0.06048511
0.06069409
0.060951365
0.061203
0.06154512
0.06164391
0.062146155
0.062202475
0.062347695
0.062242775
0.06232735
0.06295
0.062950005
0.06295
0.06295
0.062945
0.06252496
0.06253037
0.06299381
0.06299381
0.0629995
0.062999505
0.063099535
0.0625288
0.062649325
0.06284654
0.06305006
0.06324986
0.063301045
0.0631512
0.063283905
0.063353745
0.063353775
0.06335524
0.063399965
0.063310315
0.063450045
0.063600015
0.063400015
0.06350152
0.0634
0.06365
0.063820615
0.06349704
0.06349216
0.06334198
0.063341655
0.062585755
0.062586075
0.06258739
0.062588695
0.0625887
0.06259
0.062589745
0.062587215
0.06290092
0.06311497
0.06311311
0.06289619
0.0628964
0.06300049
0.0630007
0.063001145
0.063001645
0.06300208
0.063002445
0.063380135
0.063382225
0.06338264
0.063382995
0.063383495
0.063383925
0.06350804
0.063666745
0.063667185
0.06366762
0.06366807
0.063668465
0.0636686
0.06366908
0.063669485
0.063669985
0.06374972
0.06374969
0.0637997
0.06360017
0.06374987
0.06380008
0.06380027
0.063850355
0.063874705
0.063877195
0.0638997
0.063929695
0.06392989
0.06394969
0.063999405
0.063999405
0.06399941
0.06389971
0.06389971
0.06384971
0.06384954
0.063499235
0.06350197
0.06324277
0.06323785
0.06283964
0.06280601
0.06265593
0.06215607
0.06177183
0.06208985
0.061623285
0.06162581
0.06162578
0.06176381
0.061763725
0.061763595
0.06157313
0.06103193
0.061112945
0.061010405
0.0608907
0.060797185
0.06076641
0.06076667
0.061202635
0.06081735
0.06097752
0.06095272
0.060902575
0.060902575
0.060902575
0.061363445
0.061250325
0.061450005
0.061499995
0.06149859
0.06135012
0.06158848
0.061588485
0.06140005
0.061365015
0.06115311
0.061282725
0.06164864
0.061731015
0.06175
0.061685035
0.061685205
0.061689025
0.06175008
0.06181487
0.06207226
0.062529985
0.062531405
0.0620722
0.0622314
0.06253163
0.062651905
0.062658575
0.06266028
0.06289985
0.06279877
0.0627975
0.06239942
0.062348025
0.062387435
0.062200775
0.06271637
0.06266101
0.062645795
0.06266
0.06266104
0.06266205
0.062905575
0.062905575
0.06291
0.06291012
0.06291045
0.06291082
0.062911355
0.063188315
0.06327637
0.063276355
0.062821205
0.0628502
0.0628502
0.06308911
0.063088795
0.06306391
0.06306367
0.063062625
0.06306338
0.063108355
0.06311742
0.0628805
0.0628455
0.062655
0.062655005
0.0628455
0.06284529
0.06269026
0.062591165
0.062591165
0.06191985
0.062323555
0.06184999
0.06184867
0.061790065
0.06178967
0.06149988
0.06149939
0.06150076
0.06150211
0.06150353
0.06150491
0.06150628
0.06130726
0.061596685
0.061547745
0.06145413
0.06135751
0.061503785
0.061521
0.061545505
0.06159512
0.061570205
0.061593395
0.06149627
0.06130602
0.06158967
0.061588735
0.06158985
0.06158762
0.0615865
0.061585385
0.061584275
0.061584275
0.06158318
0.06158318
0.06158318
0.061582525
0.061581305
0.061232615
0.06123174
0.0612333
0.061233305
0.06123414
0.06123515
0.061236145
0.061240565
0.06124564
0.06125054
0.061458265
0.06145598
0.061455765
0.061455465
0.06145315
0.0614788
0.061441745
0.06144096
0.06143868
0.061436455
0.061433585
0.06110032
0.060532135
0.060820025
0.060770985
0.06072234
0.060624715
0.060620815
0.060616795
0.060612855
0.060606555
0.06060596
0.060597665
0.059905805
0.059905825
0.06049164
0.060587485
0.06058633
0.06058593
0.06058559
0.060581455
0.06067652
0.060676065
0.060675625
0.06067238
0.060570935
0.060565855
0.06055832
0.060558115
0.06055795
0.06055778
0.06055759
0.060566075
0.06064173
0.06060009
0.060643
0.06064667
0.060647215
0.06065245
0.06065781
0.060662675
0.060665325
0.06067572
0.060677505
0.06071744
0.06077591
0.06084256
0.06089244
0.06089245
0.06084285
0.060695105
0.06069779
0.060694955
0.06069799
0.060698365
0.06069858
0.060698935
0.061165065
0.0609915
0.060991495
0.060991475
0.060992555
0.060992495
0.06099233
0.060992205
0.06099228
0.060993295
0.060993105
0.06071158
0.060365145
0.060362825
0.06051817
0.060611785
0.06061128
0.060565
0.060515
0.060514555
0.060018785
0.060283955
0.06028398
0.060284205
0.059887985
0.05988812
0.06049423
0.060494095
0.06028213
0.060278265
0.060277815
0.06024088
0.06015
0.06020658
0.060216335
0.060244205
0.060249995
0.06009207
0.05957251
0.0600587
0.06014933
0.05987179
0.059871535
0.059871255
0.059780355
0.059763345
0.059763205
0.05976436
0.0595904
0.05975263
0.059752355
0.05975266
0.059752695
0.059752925
0.059752985
0.05975284
0.059751475
0.0599253
0.059929185
0.059951235
0.05989013
0.05989031
0.05980013
0.05998019
0.060030165
0.060030155
0.05983106
0.05982897
0.059826995
0.059825215
0.059826095
0.05992885
0.05992681
0.060346095
0.060346095
0.06025682
0.060257
0.060628965
0.06070216
0.06089353
0.06104142
0.06104151
0.061229105
0.06142927
0.06142926
0.061430735
0.061675685
0.061675685
0.061675685
0.061675685
0.061738235
0.061834825
0.06183483
0.061993785
0.062402995
0.06240074
0.062398475
0.06199406
0.06199406
0.06239729
0.06239506
0.06219469
0.062509835
0.062545845
0.062546315
0.06254776
0.06278912
0.062895715
0.06279165
0.062895865
0.061995655
0.061835575
0.061835585
0.06191782
0.0619221
0.061834865
0.061835255
0.06183542
0.061837145
0.06183725
0.06230216
0.062142905
0.062142255
0.06213921
0.061803805
0.06180324
0.061798925
0.061548545
0.06154504
0.061544725
0.06154123
0.061538305
0.06153729
0.06153364
0.06153328
0.0615335
0.06153206
0.06152869
0.0615283
0.06152525
0.061597385
0.061597775
0.061834155
0.06183459
0.06169259
0.06221995
0.062219945
0.06152818
0.062219965
0.062001465
0.062219745
0.061747065
0.06198149
0.06198159
0.06198171
0.06198171
0.062062345
0.062062355
0.062020945
0.0620615
0.06135629
0.06127572
0.061275845
0.06135629
0.061623245
0.06121866
0.06113608
0.06113608
0.0611361
0.06113612
0.061136115
0.06108608
0.06093594
0.06093562
0.060935275
0.06093493
0.060555075
0.060934525
0.060934185
0.060337175
0.060728535
0.060758175
0.06075835
0.060757965
0.060757075
0.06024002
0.060124885
0.06012461
0.060124285
0.060123955
0.06012382
0.06012504
0.060494965
0.060497705
0.0604932
0.060514715
0.06053932
0.06063884
0.060638525
0.0606386
0.06063835
0.06063606
0.060633925
0.06063194
0.06063162
0.06030123
0.06029713
0.06028988
0.06028646
0.060286185
0.06028599
0.06027371
0.06019966
0.0601997
0.060195585
0.060196175
0.059716375
0.05971106
0.05971104
0.059711025
0.05958733
0.059585335
0.059585275
0.05958517
0.059583465
0.05958149
0.05958149
0.05958559
0.059537495
0.059535845
0.05943568
0.059215005
0.05884174
0.05898784
0.058987945
0.059141
0.05914102
0.05908059
0.05912959
0.059131
0.059328965
0.059459415
0.059459535
0.05945604
0.05925907
0.059326815
0.059231345
0.05923128
0.059323155
0.05890514
0.058905145
0.059228015
0.059225925
0.059225265
0.059317235
0.05931703
0.059314935
0.059199925
0.059198165
0.05919816
0.059196975
0.05910514
0.0591988
0.059108865
0.059114015
0.05924999
0.059299995
0.059398995
0.05952673
0.05952719
0.059527695
0.05952774
0.05939904
0.05952771
0.059656635
0.05963209
0.05974601
0.05974583
0.059680685
0.05928049
0.059560225
0.05956003
0.059277635
0.0592778
0.05927487
0.059238715
0.05931074
0.05936038
0.05913054
0.05919992
0.059199915
0.059199935
0.059201655
0.05910426
0.059148925
0.059149265
0.05915383
0.059297815
0.05919883
0.05915446
0.059398825
0.05934884
0.05939882
0.05940072
0.05940084
0.059401475
0.059401835
0.05940203
0.05941265
0.05946085
0.059459105
0.05945747
0.05939164
0.05945688
0.059304695
0.05930469
0.0593345
0.05924996
0.059235835
0.05923578
0.059234495
0.05923613
0.059360965
0.05961099
0.059640345
0.059640285
0.059640275
0.05964026
0.059640255
0.059774995
0.05977363
0.059773155
0.0598036
0.059803605
0.0598036
0.059998825
0.060062905
0.0598704
0.060067245
0.060066825
0.060066845
0.060066845
0.060070825
0.06007264
0.06007291
0.060074515
0.060074485
0.0600771
0.060297925
0.06029796
0.060341985
0.060481925
0.059926645
0.059927095
0.060114525
0.060114895
0.060481645
0.060481665
0.06050646
0.06060916
0.06072093
0.060741585
0.06068236
0.060337325
0.06043816
0.060438315
0.060438475
0.06043858
0.060438445
0.06030431
0.060178875
0.06018067
0.06013688
0.05989997
0.05975578
0.05898711
0.059678475
0.059649895
0.05959968
0.05959635
0.05959301
0.05954748
0.059450645
0.05882014
0.05944546
0.05943637
0.059414625
0.059032515
0.05903237
0.058964895
0.05896489
0.05896489
0.05896489
0.058915035
0.058915035
