0.000178675
0.00017881
0.000178935
0.000179025
0.00017895
0.000178835
0.00017881
0.000178765
0.000178815
0.000178845
0.00017882
0.0001788
0.00017885
0.00017882
0.00017884
0.0001788
0.000178755
0.00017873
0.000178705
0.00017868
0.00017867
0.00017879
0.00017917
0.00017913
0.000179085
0.000179055
0.00017903
0.00017901
0.000178995
0.00017914
0.000178935
0.000178895
0.000178865
0.00017885
0.00017883
0.000179135
0.000179155
0.00017961
0.00017961
0.000180105
0.000180105
0.00017959
0.000179605
0.00017975
0.000179675
0.00017968
0.00017968
0.000179675
0.000179675
0.000179675
0.000179675
0.00017966
0.000179655
0.000179655
0.000179665
0.000179665
0.00017936
0.00017918
0.000179055
0.000179125
0.00017911
0.000179095
0.000179085
0.000179085
0.000179085
0.000179085
0.000179085
0.000179075
0.000179085
0.000179135
0.00017915
0.00017975
0.00017977
0.000179895
0.00017972
0.00017998
0.000180985
0.000180995
0.000181555
0.00018149
0.00018152
0.000181425
0.00018138
0.000181155
0.000181145
0.000181145
0.000180215
0.00017977
0.000179755
0.00017975
0.00017975
0.00017976
0.00017975
0.000179755
0.000179755
0.00017975
0.000179745
0.00017987
0.00017987
0.000179885
0.000179885
0.000180075
0.00018009
0.000180065
0.000179945
0.00017983
0.00017983
0.0001799
0.0001798
0.000179585
0.000179515
0.000179465
0.00018
0.00017973
0.0001797
0.0001797
0.0001797
0.0001797
0.000179695
0.00017969
0.00017969
0.00017969
0.000179685
0.000179605
0.000179545
0.00017948
0.000179485
0.000179595
0.000179335
0.00017886
0.00017886
0.00017886
0.000178865
0.000178865
0.000178865
0.000178865
0.00017887
0.000178865
0.000178865
0.000178865
0.00017927
0.000179925
0.00017992
0.000179915
0.00017991
0.0001799
0.000179425
0.000179525
0.00017953
0.000179525
0.000179375
0.000179325
0.00017936
0.000179475
0.000179405
0.000179375
0.00017937
0.000179385
0.000179345
0.000179165
0.00017924
0.000179355
0.00017955
0.000179815
0.00017983
0.00017969
0.00017969
0.00017981
0.00018038
0.00018086
0.000181
0.000180855
0.00018084
0.000180295
0.000180215
0.00018105
0.000180175
0.00018034
0.000180525
0.0001807
0.000180845
0.000180915
0.000181
0.000181025
0.000181275
0.00018128
0.000181285
0.000181295
0.000181315
0.00018136
0.00018136
0.00018137
0.00017965
0.000179755
0.000179785
0.000179845
0.000179745
0.000179885
0.000179845
0.000180045
0.000179955
0.00017993
0.00017981
0.000179785
0.000179755
0.00017983
0.00017985
0.000179815
0.00017984
0.000179805
0.000179765
0.00017981
0.00017982
0.000180885
0.00018114
0.00018151
0.0001814
0.000181485
0.00018154
0.000181535
0.000180605
0.00018086
0.00018107
0.000181265
0.000181415
0.00018143
0.00018111
0.00018017
0.00018047
0.00018069
0.000180595
0.000180595
0.000180595
0.00018024
0.00018034
0.000180425
0.00018062
0.000180605
0.00018062
0.000180605
0.000180295
0.000180385
0.000180375
0.000180345
0.000180415
0.00018141
0.00018141
0.00018141
0.00018141
0.000181575
0.000182
0.000182005
0.00018211
0.00018212
0.000182165
0.00018239
0.00018241
0.000182515
0.00018258
0.00018258
0.00018259
0.000182075
0.00018246
0.000182375
0.000182375
0.00018139
0.00018128
0.000181385
0.000181355
0.000181335
0.000181335
0.00018149
0.000181495
0.000181495
0.000181505
0.000181505
0.00018152
0.00018152
0.000181525
0.000181375
0.0001811
0.00018001
0.000180855
0.000180765
0.000180945
0.00018111
0.00018117
0.00018113
0.00018088
0.000180675
0.00018062
0.000180615
0.00018061
0.00018062
0.000180705
0.00018062
0.00018062
0.00018062
0.00018062
0.00018045
0.00018136
0.00018014
0.00018025
0.00018025
0.00018026
0.000180265
0.00018084
0.00018061
0.00018039
0.000180275
0.00018027
0.000180265
0.00018021
0.000180095
0.00018009
0.00018009
0.000180495
0.000180495
0.000180495
0.000180485
0.000180485
0.000180435
0.000180435
0.000180495
0.00018043
0.00018043
0.000180455
0.000180435
0.00018043
0.00018043
0.000180435
0.000180495
0.00018056
0.00018056
0.000180655
0.00018065
0.000180585
0.000180475
0.000180435
0.00018047
0.00018072
0.0001809
0.00018065
0.000180605
0.00018061
0.000179495
0.00018007
0.000179975
0.00017992
0.00018004
0.000180145
0.00018016
0.000180175
0.000180195
0.000180195
0.000180195
0.0001802
0.0001802
0.000180345
0.000180375
0.000179975
0.000179975
0.000179955
0.000180045
0.00018013
0.00018001
0.00017989
0.00018011
0.000180105
0.00018011
0.00018011
0.00018011
0.00018011
0.00018021
0.000180155
0.000180595
0.000180995
0.000181005
0.00018109
0.00018114
0.00018127
0.000181295
0.0001813
0.000181305
0.00018151
0.000181565
0.000181475
0.00018161
0.000181405
0.000181395
0.000181365
0.000181035
0.00018095
0.000181005
0.000181005
0.000180865
0.0001809
0.000180955
0.000181005
0.00018113
0.00018106
0.00018113
0.00018113
0.000181135
0.00018118
0.00018133
0.000181415
0.000181475
0.00018142
0.000181365
0.000181315
0.000181255
0.000181505
0.000181505
0.000181505
0.000181505
0.000181505
0.000181485
0.000182595
0.00018154
0.000181715
0.00018126
0.00018145
0.00018175
0.00018194
0.000182675
0.000182795
0.00018299
0.00018318
0.00018323
0.000182685
0.000182895
0.000183085
0.00018267
0.0001828
0.000183025
0.00018316
0.000183165
0.00018327
0.00018327
0.00018245
0.000183075
0.000183325
0.000183325
0.000183325
0.00018332
0.00018367
0.00018367
0.000183665
0.000183135
0.00018318
0.00018326
0.000183315
0.0001833
0.00018344
0.000183555
0.00018362
0.00018278
0.00018278
0.000182775
0.000182775
0.000182775
0.000182775
0.00018277
0.00018277
0.000182775
0.000182775
0.000182775
0.000182775
0.00018279
0.000182795
0.00018432
0.000184315
0.00018487
0.00018487
0.000185005
0.000185005
0.000185005
0.00018525
0.000185255
0.000185565
0.000185465
0.000185465
0.000185465
0.000185465
0.00018546
0.00018546
0.00018546
0.00018546
0.00018541
0.000185435
0.000185435
0.00018543
0.0001854
0.000185395
0.000185395
0.000185395
0.000185395
0.000185395
0.000185395
0.000185395
0.000185395
0.000185395
0.0001854
0.0001854
0.000185395
0.000185385
0.000184335
0.00018434
0.00018433
0.0001845
0.0001845
0.0001845
0.0001845
0.0001845
0.0001845
0.0001845
0.0001845
0.0001845
0.000184505
0.000184505
0.00018451
0.00018451
0.00018451
0.00018451
0.00018451
0.00018451
0.00018451
0.00018451
0.000184885
0.000184875
0.000184875
0.000184875
0.000184875
0.000184875
0.000184105
0.00018466
0.00018466
0.00018487
0.00018487
0.00018487
0.00018487
0.000184875
0.000184875
0.000184875
0.000184875
0.000184865
0.000184855
0.00018486
0.00018486
0.00018486
0.000184855
0.000184855
0.00018486
0.000184855
0.00018485
0.00018485
0.000184965
0.00018588
0.000185875
0.000185885
0.000185885
0.000185885
0.0001859
0.000185905
0.0001859
0.0001859
0.0001859
0.0001859
0.0001859
0.0001859
0.000185895
0.00018498
0.000184935
0.00018497
0.00018545
0.00018545
0.00018545
0.00018545
0.00018545
0.000185455
0.00018544
0.000185435
0.00018543
0.000185435
0.000185885
0.00018542
0.00018542
0.00018542
0.00018542
0.00018542
0.00018542
0.00018542
0.00018542
0.000185415
0.000184975
0.000184975
0.000184975
0.00018497
0.000184975
0.000184975
0.000184975
0.00018497
0.00018497
0.00018498
0.00018497
0.000184975
0.00018498
0.00018548
0.000185485
0.000185485
0.000185485
0.000185485
0.000185485
0.000185485
0.00018548
0.00018548
0.00018548
0.00018482
0.00018481
0.00018482
0.00018482
0.000184825
0.000184665
0.000184635
0.000184605
0.000184615
0.000184645
0.000184745
0.000184755
0.000184625
0.000184565
0.00018453
0.000184525
0.000184545
0.00018399
0.00018447
0.000184475
0.000184545
0.000184495
0.00018449
0.000184495
0.00018473
0.00018454
0.000184585
0.00018456
0.00018456
0.0001833
0.00018346
0.000183645
0.00018376
0.000183505
0.000183265
0.00018319
0.00018319
0.000183155
0.0001831
0.000183045
0.000183085
0.000182935
0.00018296
0.000182485
0.00018247
0.00018341
0.000182455
0.00018319
0.000183185
0.000183185
0.00018318
0.00018318
0.000183205
0.00018324
0.000183245
0.00018438
0.00018365
0.000183835
0.00018383
0.00018383
0.00018362
0.00018364
0.00018363
0.00018358
0.000183465
0.00018355
0.00018345
0.000183365
0.00018333
0.000183565
0.00018356
0.000183565
0.000183575
0.000183475
0.00018346
0.000183465
0.00018347
0.00018348
0.000183505
0.000183515
0.000183545
0.00018363
0.000184405
0.000184405
0.000184405
0.000184405
0.0001844
0.000183445
0.000183445
0.000183445
0.000183425
0.000183355
0.000183265
0.00018273
0.00018261
0.00018294
0.000183
0.00018291
0.00018277
0.00018285
0.00018291
0.000182925
0.000183605
0.0001838
0.00018388
0.00018388
0.00018388
0.00018393
0.000183985
0.000184005
0.00018418
0.000184345
0.000184075
0.00018413
0.00018404
0.00018407
0.000184075
0.000183785
0.000183375
0.00018349
0.000183495
0.000183645
0.000183705
0.00018405
0.000184005
0.000183835
0.000183895
0.000183835
0.000183835
0.000184065
0.000184095
0.000184155
0.00018424
0.0001843
0.00018431
0.000184355
0.00018409
0.00018409
0.00018409
0.00018416
0.000183925
0.000183925
0.00018393
0.00018393
0.000183935
0.00018393
0.000183935
0.000184415
0.000184465
0.00018446
0.000184475
0.00018456
0.00018458
0.00018461
0.000184315
0.000184775
0.000184995
0.00018505
0.000185205
0.000185225
0.00018523
0.000185275
0.000186255
0.000186255
0.000186255
0.000186255
0.000186255
0.000186255
0.000185415
0.00018547
0.00018549
0.000185495
0.000185495
0.000185495
0.0001855
0.000185505
0.000185505
0.000185505
0.00018555
0.000185555
0.000185555
0.000185555
0.000185555
0.00018479
0.00018582
0.00018581
0.00018581
0.000185715
0.000185715
0.00018566
0.000185655
0.000185665
0.000185825
0.000185765
0.00018576
0.000185765
0.00018576
0.00018576
0.00018577
0.000185765
0.00018577
0.00018577
0.00018577
0.00018534
0.0001853
0.000184675
0.00018463
0.000184485
0.000184215
0.00018394
0.000183835
0.000183295
0.000183185
0.000183065
0.00018329
0.00018334
0.00018333
0.00018341
0.00018401
0.000184005
0.000183975
0.000183955
0.000184035
0.000184045
0.00018377
0.000183875
0.000183985
0.000183605
0.00018372
0.000183825
0.000183935
0.000184055
0.00018413
0.00018413
0.000184125
0.00018412
0.00018406
0.00018406
0.000184215
0.00018433
0.000184195
0.0001842
0.000184195
0.00018419
0.0001842
0.000185735
0.00018573
0.000185835
0.00018583
0.00018357
0.000183655
0.000183525
0.000183665
0.000183805
0.00018374
0.00018374
0.00018378
0.00018387
0.000183735
0.000183735
0.000183735
0.00018387
0.00018376
0.000183865
0.00018387
0.00018383
0.00018386
0.00018374
0.00018397
0.00018385
0.00018398
0.000184055
0.000184015
0.000183765
0.000183065
0.000183095
0.00018303
0.0001827
0.000182715
0.000182475
0.000182435
0.000182435
0.000182485
0.00018336
0.00018337
0.000183745
0.00018374
0.000183745
0.00018374
0.000183745
0.00018375
0.00018375
0.00018371
0.000183705
0.000183735
0.000183705
0.00018369
0.000183685
0.000183675
0.00018368
0.00018368
0.00018368
0.00018368
0.00018368
0.000183685
0.00018367
0.00018366
0.000183655
0.000183645
0.00018364
0.00018363
0.00018363
0.000183625
0.00018373
0.000183725
0.000183725
0.000183725
0.000183725
0.000183725
0.000183725
0.00018371
0.00018371
0.00018371
0.00018376
0.00018376
0.00018376
0.00018376
0.000183755
0.000183755
0.00018374
0.00018374
0.00018374
0.00018369
0.00018369
0.00018369
0.00018369
0.000183685
0.00018369
0.00018367
0.00018366
0.000183645
0.000183625
0.00018362
0.000183615
0.00018361
0.00018361
0.00018361
0.00018241
0.000182415
0.000182415
0.000182215
0.00018239
0.00018253
0.000183355
0.000183255
0.000183195
0.000183095
0.00018313
0.000183135
0.00018267
0.000182675
0.000182675
0.00018267
0.00018267
0.000182355
0.000182405
0.00018242
0.000182435
0.00018247
0.0001826
0.00018271
0.000182575
0.00018259
0.00018258
0.00018221
0.00018281
0.0001829
0.00018292
0.00018221
0.00018222
0.00018223
0.000182305
0.000182455
0.000182455
0.00018259
0.000182725
0.000182805
0.00018281
0.0001822
0.000182205
0.000182315
0.000182505
0.000183265
0.000183435
0.000183435
0.000183435
0.000183445
0.00018345
0.00018395
0.00018405
0.000184045
0.000184085
0.0001841
0.000184115
0.00018413
0.00018411
0.00018364
0.000183855
0.00018398
0.000183955
0.000183955
0.000183945
0.00018394
0.000183925
0.00018388
0.00018376
0.000183745
0.000183795
0.0001838
0.000183795
0.000183775
0.00018365
0.00018364
0.00018364
0.000183515
0.000183395
0.000183395
0.000183975
0.000183025
0.000182885
0.00018275
0.000182385
0.00018218
0.00018308
0.00018296
0.00018286
0.000182785
0.000182815
0.000182685
0.00018254
0.00018258
0.000182485
0.00018309
0.00018284
0.000182615
0.00018233
0.00018218
0.00018217
0.00018211
0.000182105
0.000182095
0.00018203
0.00018203
0.000181925
0.00018204
0.00018206
0.00018119
0.000181315
0.0001814
0.000181285
0.000181295
0.000181305
0.000181325
0.00018146
0.00018147
0.00018147
0.000181475
0.000181475
0.00018148
0.00018148
0.00018201
0.000182025
0.00018204
0.000182055
0.000182025
0.00018217
0.00018227
0.000182195
0.000182005
0.000182135
0.000182205
0.000182215
0.00018215
0.00018213
0.000181625
0.000181625
0.000181625
0.000181625
0.000181235
0.000181105
0.000181105
0.000181105
0.000181105
0.00018119
0.00018119
0.000181235
0.000181675
0.00018152
0.000180385
0.00018026
0.000180075
0.00017993
0.000179865
0.000179805
0.0001797
0.00017955
0.000179545
0.000179575
0.0001796
0.00017961
0.00017958
0.000179575
0.00017957
0.000179565
0.00017956
0.00017955
0.000179545
0.00017954
0.000179535
0.000179535
0.00017953
0.000179385
0.000178775
0.00017864
0.00017848
0.000178335
0.000178265
0.000178505
0.00017872
0.00017886
0.00017883
0.00017865
0.000178655
0.00017866
0.000178655
0.00017884
0.000178905
0.000178905
0.0001789
0.000178865
0.00017885
0.00017885
0.000178865
0.000178895
0.000178975
0.00017951
0.0001795
0.000179495
0.000179495
0.000179495
0.00017949
0.000179415
0.000179375
0.00017938
0.000178615
0.00017861
0.000178675
0.000178675
0.000178645
0.00017862
0.00017864
0.00017864
0.000178605
0.000178595
0.000178765
0.000178765
0.000178745
0.00017876
0.000178745
0.00017884
0.000178775
0.000178515
0.00017842
0.000178285
0.000177515
0.00017811
0.000178075
0.00017796
0.00017792
0.000177955
0.000177505
0.000177155
0.00017716
0.00017773
0.000177885
0.00017913
0.000179135
0.00017913
0.00018021
0.000180055
0.000179155
0.00017912
0.00017814
0.00017812
0.000178035
0.00017806
0.00017797
0.00017797
0.00017821
0.00017828
0.00017828
0.000178275
0.000178275
0.0001782
0.00017781
0.000177435
0.00017724
0.000176995
0.00017688
0.0001753
0.000177225
0.00017684
0.00017667
0.000176665
0.000176495
0.0001763
0.000176085
0.00017592
0.00017581
0.00017572
0.000175665
0.000175845
0.000175535
0.000175545
0.000175535
0.00017553
0.00017553
0.000175525
0.00017553
0.000175515
0.0001755
0.000175395
0.00017529
0.000175435
0.000175435
0.00017543
0.000175465
0.00017534
0.000175225
0.000175125
0.000175125
0.00017662
0.00017644
0.00017624
0.00017604
0.000175835
0.000175615
0.000175415
0.000175445
0.000175375
0.00017537
0.000175365
0.000175365
0.000175365
0.00017536
0.00017536
0.000176505
0.00017637
0.000176275
0.00017612
0.00017623
0.00017627
0.00017627
0.000176235
0.000176365
0.000176185
0.00017614
0.00017615
0.00017613
0.000176295
0.0001761
0.00017611
0.000176085
0.000176095
0.000176075
0.00017615
0.000176135
0.000176135
0.0001762
0.00017614
0.000176425
0.000176435
0.000176165
0.000175945
0.000175885
0.000175885
0.00017589
0.0001767
0.0001766
0.000176375
0.00017605
0.00017599
0.000175885
0.000175865
0.00017579
0.000176975
0.00017661
0.00017636
0.00017647
0.00017651
0.00017652
0.00017681
0.000176915
0.000176685
0.00017677
0.00017684
0.00017692
0.00017676
0.000176665
0.00017681
0.000176715
0.00017687
0.00017677
0.000176675
0.000176875
0.00017668
0.000176545
0.00017612
0.00017604
0.000176035
0.00017603
0.000176035
0.000176035
0.00017603
0.00017603
0.00017603
0.000175945
0.000175945
0.000175895
0.00017588
0.00017588
0.00017587
0.000175465
0.000175375
0.00017532
0.000175175
0.00017516
0.00017514
0.00017515
0.00017515
0.00017515
0.000174645
0.00017459
0.00017547
0.00017547
0.00017547
0.00017548
0.00017548
0.00017549
0.00017549
0.00017549
0.00017549
0.000175495
0.0001755
0.0001755
0.000175495
0.00017548
0.000175465
0.00017577
0.000175935
0.000175935
0.000173735
0.000174955
0.000174765
0.000174645
0.00017461
0.000174475
0.00017436
0.00017426
0.00017426
0.00017426
0.000174755
0.00017423
0.00017422
0.00017422
0.00017419
0.00017417
0.00017415
0.000174075
0.00017368
0.00017366
0.000173685
0.000173675
0.000173495
0.000173495
0.00017349
0.00017457
0.00017448
0.00017437
0.00017425
0.00017412
0.000173985
0.00017388
0.000173735
0.00017212
0.00017212
0.000172565
0.000172565
0.00017267
0.00017252
0.000172305
0.000171505
0.000171505
0.000171505
0.000171495
0.000171495
0.000171485
0.000171475
0.000171475
0.00017146
0.00017144
0.000171425
0.000171335
0.00017129
0.00017151
0.000171505
0.0001715
0.0001715
0.0001715
0.0001715
0.000171495
0.000171495
0.0001715
0.000171495
0.000171495
0.000171495
0.000171115
0.000171055
0.00017143
0.00017143
0.00017143
0.000172015
0.000171955
0.00017217
0.00017211
0.00017205
0.00017315
0.000173095
0.00017302
0.00017293
0.000172815
0.000171845
0.0001717
0.000172315
0.000172215
0.00017207
0.000171715
0.000171585
0.000171535
0.000171185
0.00017138
0.000171265
0.000171665
0.000171345
0.00017121
0.00017121
0.00017114
0.000171055
0.00017101
0.000171005
0.00017097
0.000170975
0.000170975
0.000170985
0.000170905
0.0001709
0.0001709
0.0001709
0.000170895
0.00017113
0.00017135
0.00017118
0.00017119
0.000171145
0.00017105
0.00017206
0.000172055
0.000172055
0.000172055
0.00017205
0.000172045
0.00017307
0.00017293
0.000172805
0.000172745
0.00017265
0.000172425
0.000172295
0.00017226
0.000172265
0.000171275
0.00017163
0.000171385
0.000171385
0.00017139
0.00017138
0.000171425
0.000171325
0.00017143
0.000171435
0.00017129
0.000171485
0.000171395
0.000171455
0.000171465
0.00017156
0.000171405
0.00017125
0.00017119
0.000171085
0.000170915
0.00017079
0.00017072
0.00017072
0.00017071
0.000170715
0.000170715
0.00017071
0.0001707
0.00017071
0.000170715
0.000170725
0.000170725
0.000170725
0.000170715
0.00017069
0.00017072
0.00017072
0.00017072
0.0001707
0.00017068
0.000171385
0.00017123
0.000171415
0.000171275
0.00017075
0.000170755
0.000170755
0.0001707
0.0001707
0.000170695
0.00017031
0.000170015
0.000170015
0.000170305
0.0001703
0.00016833
0.00016935
0.000169245
0.00016924
0.000169245
0.000170005
0.00017002
0.00016897
0.000168435
0.00016813
0.000168025
0.000167205
0.000167095
0.000166955
0.000166695
0.000166605
0.00016654
0.00016642
0.00016673
0.00016621
0.000166225
0.00016737
0.000167325
0.00016727
0.00016749
0.000167455
0.0001674
0.000167415
0.000167295
0.000167335
0.00016746
0.00016761
0.000167865
0.000167895
0.00016787
0.000168025
0.000168105
0.00016814
0.000168155
0.000168165
0.000168095
0.00016775
0.00016774
0.0001677
0.00016776
0.00016784
0.000169085
0.00017028
0.0001703
0.00017047
0.00017046
0.00017045
0.000170455
0.00017048
0.000170815
0.000170875
0.00017004
0.000169955
0.0001709
0.00016733
0.000169155
0.000169205
0.00016945
0.00016953
0.000170175
0.000170265
0.000168425
0.00017011
0.000169935
0.00016977
0.00016961
0.00016946
0.00016932
0.000169395
0.00016929
0.000169565
0.000169695
0.00016973
0.000170725
0.00017051
0.000170345
0.000170155
0.00017068
0.00017021
0.000170255
0.00017025
0.00017014
0.000169875
0.000168705
0.00016901
0.000168885
0.00016879
0.00016872
0.000168745
0.000169005
0.000169005
0.000169435
0.00016932
0.000169235
0.000170165
0.00017055
0.000170535
0.000170555
0.00017087
0.00017086
0.00017109
0.000170975
0.00017091
0.00017154
0.00017172
0.00017194
0.000172115
0.000172595
0.000172935
0.000173135
0.00017314
0.00017314
0.000173255
0.00017325
0.00017325
0.00017325
0.000173995
0.000173865
0.000173855
0.00017362
0.00017362
0.000173595
0.000173775
0.000173785
0.00017379
0.000173795
0.00017365
0.00017365
0.000174215
0.000174215
0.000174215
0.000174215
0.000174225
0.000174385
0.000174385
0.000174665
0.000174705
0.000175055
0.000175155
0.000175175
0.00017518
0.000175195
0.00017518
0.000175205
0.00017521
0.000175215
0.00017568
0.00017568
0.000175675
0.00017569
0.00017671
0.00017671
0.00017671
0.00017671
0.00017671
0.00017671
0.00017671
0.00017671
0.00017671
0.00017671
0.00017671
0.00017671
0.00017562
0.000175615
0.00017562
0.00017562
0.0001755
0.000175435
0.00017461
0.00017459
0.00017435
0.000174145
0.000173005
0.000173005
0.000173535
0.00017358
0.00017353
0.00017353
0.000174135
0.000173525
0.000173525
0.000173525
0.000173525
0.000173525
0.000173525
0.000173525
0.000173525
0.000173525
0.000173525
0.00017355
0.000173585
0.00017359
0.00017443
0.000174615
0.00017463
0.000175105
0.00017499
0.00017499
0.00017525
0.00017505
0.000174425
0.000174265
0.00017415
0.00017415
0.000174145
0.000174145
0.00017411
0.000173995
0.00017455
0.00017396
0.00017367
0.00017347
0.000173275
0.00017243
0.00017228
0.00017214
0.000171935
0.00017193
0.000171925
0.00017193
0.00017192
0.000171925
0.000172795
0.000172795
0.000171935
0.00017195
0.00017195
0.00017196
0.000171975
0.00017199
0.00017199
0.000172
0.000171995
0.000172315
0.000172075
0.000172115
0.00017212
0.00017213
0.00017302
0.000172865
0.000172695
0.000172315
0.00017213
0.00017196
0.00017183
0.00017179
0.000171765
0.000171765
0.00017175
0.00017175
0.00017174
0.00017174
0.000171725
0.000171725
0.000171715
0.000171715
0.00017169
0.00017169
0.000171685
0.000171685
0.000171915
0.00017193
0.000171995
0.00017199
0.000172105
0.00017211
0.00017212
0.000172125
0.00017278
0.00017187
0.000171875
0.0001718
0.00017186
0.00017185
0.000171845
0.000171775
0.00017166
0.00017164
0.000171615
0.00017234
0.00017178
0.000171735
0.00017178
0.00017177
0.00017179
0.00017178
0.00017169
0.000171765
0.000171775
0.00017177
0.000171775
0.000171775
0.000172555
0.00017039
0.000170465
0.00017048
0.00017033
0.00017024
0.000170245
0.000170245
0.000170765
0.00017067
0.000170625
0.00017046
0.00017154
0.000171645
0.000171735
0.000171515
0.000171485
0.00017156
0.00017147
0.000171375
0.000171385
0.00017136
0.00017137
0.00017137
0.000171355
0.000169605
0.000169605
0.00016969
0.00016969
0.00016969
0.00016969
0.000169495
0.00016951
0.00017124
0.00017124
0.000171245
0.000171245
0.000171515
0.000171495
0.000171345
0.0001695
0.000169495
0.00017088
0.00017088
0.00017101
0.000171045
0.00017082
0.00017173
0.00017178
0.00017178
0.000171285
0.00017159
0.000171595
0.000171595
0.000171835
0.000171845
0.00017185
0.00017159
0.000171585
0.000171585
0.00017185
0.00017185
0.000172445
0.00017186
0.00017186
0.00017186
0.00017186
0.00017186
0.00017186
0.000171865
0.00017305
0.00017328
0.00017322
0.00017348
0.000173505
0.00017342
0.00017357
0.000173365
0.000173815
0.000173885
0.000173895
0.00017317
0.000173035
0.00017306
0.000173155
0.000174785
0.00017479
0.000174795
0.00017316
0.000172855
0.00017302
0.000173035
0.000173035
0.00017303
0.000173035
0.00017275
0.00017288
0.00017262
0.000172625
0.00017263
0.00017263
0.00017264
0.000172645
0.000172655
0.000172655
0.000173335
0.000173375
0.00017428
0.00017271
0.00017255
0.000172445
0.000172335
0.000172325
0.00017233
0.000172325
0.000172325
0.00017232
0.00017232
0.000172335
0.000172335
0.00017234
0.000172835
0.000172335
0.00017234
0.00017234
0.000172345
0.00017234
0.00017234
0.000172365
0.000172855
0.000172855
0.000172855
0.000172345
0.000172425
0.00017391
0.00017368
0.000173645
0.00017344
0.000173375
0.000173375
0.00017354
0.000173525
0.000173525
0.00017353
0.000173525
0.00017352
0.000172845
0.000172845
0.000173515
0.000173515
0.00017378
0.00017378
0.000173915
0.000173865
0.0001738
0.0001738
0.000173795
0.000173795
0.00017379
0.00017378
0.000173775
0.000173765
0.00017376
0.00017376
0.000173735
0.000173555
0.00017347
0.000173425
0.00017296
0.00017296
0.00017301
0.000172235
0.000172085
0.000171955
0.000171925
0.00017184
0.000172165
0.000171495
0.00017158
0.00017159
0.000171815
0.000171755
0.00017066
0.000170625
0.000170525
0.000170525
0.000170785
0.00017132
0.000171435
0.000170485
0.00017054
0.00017105
0.00017107
0.000171075
0.000171065
0.00017105
0.000171135
0.000171145
0.00017113
0.000171145
0.00017112
0.00017112
0.000171105
0.000171105
0.000171095
0.0001717
0.000171855
0.000171865
0.000172085
0.000172285
0.000173665
0.00017367
0.00017394
0.000173875
0.00017261
0.000172715
0.000172675
0.000172845
0.00017293
0.00017292
0.000172925
0.00017287
0.00017298
0.00017275
0.000172835
0.000173
0.00017334
0.000173705
0.00017396
0.00017414
0.000174235
0.00017429
0.00017429
0.0001743
0.0001743
0.000174325
0.000174325
0.00017434
0.00017434
0.00017448
0.00017449
0.00017449
0.000174505
0.000174515
0.000174525
0.00017455
0.000174615
0.000174045
0.000174285
0.00017449
0.00017457
0.00017231
0.000171815
0.000171525
0.000171545
0.000172845
0.000172205
0.000172095
0.000172005
0.000171915
0.00017186
0.000171775
0.000171695
0.000171595
0.00017152
0.00017153
0.00017159
0.000172165
0.000173215
0.00017315
0.000173195
0.000173195
0.00017151
0.000171525
0.000171515
0.00017149
0.00017143
0.0001714
0.0001714
0.000171385
0.000171375
0.00017144
0.00017144
0.00017134
0.000171415
0.000171585
0.000171265
0.00017109
0.000170985
0.000170985
0.00017098
0.000171455
0.00017137
0.000171295
0.000171205
0.00017112
0.00017152
0.000171435
0.00017126
0.00017134
0.000171505
0.000171505
0.000171505
0.000171505
0.000171505
0.000171505
0.00017192
0.000171845
0.000171755
0.000171705
0.000171625
0.000171535
0.000171465
0.00017134
0.000172155
0.000172245
0.000172245
0.000172245
0.000172955
0.000173055
0.00017316
0.000173195
0.00017403
0.00017354
0.00017582
0.000175825
0.00017582
0.00017582
0.000170485
0.00017173
0.000171645
0.00016948
0.000168985
0.000168925
0.00016975
0.00016975
0.00016982
0.00016953
0.000169585
0.000170695
0.00017064
0.00017064
0.00017059
0.00017048
0.000170755
0.000170645
0.00017015
0.000170015
0.000169845
0.00016974
0.00016966
0.00016968
0.00017078
0.000170705
0.00017063
0.00017058
0.000172115
0.000170355
0.00017026
0.000170175
0.000170155
0.00017
0.00016897
0.00016958
0.000169595
0.000169715
0.00016987
0.00017144
0.00017194
0.000171255
0.00017115
0.00017152
0.00017088
0.00017038
0.000170155
0.00016975
0.000168455
0.000168425
0.000168405
0.00016839
0.000168375
0.00016837
0.00016835
0.00016835
0.00016833
0.000168325
0.000168315
0.000168305
0.00016829
0.000168285
0.00016823
0.00016825
0.000169935
0.00016901
0.00016907
0.000169015
0.00016904
0.000168975
0.00016897
0.00016897
0.00016923
0.000169275
0.00016926
0.00016928
0.0001708
0.000170805
0.00017083
0.000170845
0.00017082
0.00017057
0.00017041
0.00017034
0.00017019
0.000170055
0.000169995
0.000170105
0.0001707
0.000170015
0.000171075
0.000170465
0.000170465
0.00017048
0.000170445
0.000170445
0.000170385
0.00017012
0.000169975
0.00016988
0.00016977
0.000169725
0.0001697
0.000169705
0.00016964
0.000169635
0.00016966
0.000169745
0.00017109
0.0001711
0.000170975
0.0001709
0.00017094
0.000170845
0.000170845
0.000170935
0.00017094
0.00017093
0.000171225
0.000171175
0.00017109
0.000171105
0.00017103
0.000172085
0.00017317
0.000171995
0.00017193
0.000171995
0.000172075
0.000172025
0.00017192
0.00017143
0.00017136
0.000171485
0.00017249
0.000171455
0.000171425
0.000171425
0.000171775
0.00017179
0.00017193
0.00017169
0.000170505
0.000171315
0.000171245
0.000171245
0.000171145
0.000171135
0.000171025
0.000171085
0.00017105
0.00017099
0.00017098
0.00017098
0.000170975
0.000170975
0.000171815
0.000171805
0.0001718
0.000171785
0.00017187
0.00017197
0.00017193
0.00017192
0.000171825
0.000171915
0.00017194
0.000171995
0.00017198
0.00017202
0.00017087
0.000171095
0.00017129
0.000171495
0.000171785
0.000171845
0.00017265
0.00017264
0.000172645
0.000172655
0.000172655
0.00017266
0.00017267
0.00017188
0.00017199
0.0001721
0.000171765
0.00017192
0.000172045
0.000172045
0.000172045
0.000172035
0.00017203
0.00017202
0.000172015
0.00017144
0.00017161
0.00017172
0.00017181
0.0001719
0.000171995
0.000171555
0.000173085
0.000173085
0.000173085
0.000173085
0.000173085
0.000173085
0.000173085
0.000173085
0.000173085
0.000173085
0.000173085
0.000173085
0.000173085
0.000173085
0.000173195
0.000173195
0.000173195
0.000173195
0.000173195
0.000173195
0.000173195
0.000173195
0.000173195
0.000173195
0.000173195
0.000173195
0.000173195
0.000173115
0.000173195
0.000173195
0.000173195
0.0001733
0.00017343
0.00017343
0.0001734
0.0001734
0.00017343
0.00017343
0.000173405
0.00017336
0.000173235
0.00017317
0.000171625
0.00017203
0.000171965
0.000171665
0.00017208
0.00017198
0.00017187
0.00017185
0.000171835
0.000171815
0.000171905
0.00017196
0.00017228
0.00017215
0.000172
0.00017203
0.0001719
0.00017226
0.00017206
0.000171875
0.000171735
0.000171285
0.00017132
0.00017175
0.00017175
0.00017175
0.00017175
0.00017246
0.00017227
0.00017208
0.000171905
0.00017177
0.000171715
0.000171715
0.00017172
0.000171725
0.000171725
0.000171715
0.000171715
0.000171715
0.0001721
0.000171975
0.000171825
0.00017183
0.000171815
0.000171805
0.000171805
0.000171805
0.000171805
0.000171805
0.000171805
0.000171805
0.00017205
0.00017246
0.00017289
0.000172765
0.00017265
0.000172905
0.00017287
0.00017287
0.000172785
0.000172885
0.000172805
0.00017274
0.0001728
0.00017281
0.000172825
0.000172745
0.00017279
0.00017282
0.000172945
0.000172965
0.0001729
0.000173005
0.000172995
0.000173
0.00017299
0.00017299
0.00017295
0.000172985
0.000172985
0.000172985
0.000172985
0.000172985
0.000174445
0.0001744
0.00017524
0.000175155
0.00017508
0.00017498
0.000174965
0.000174965
0.00017496
0.000174945
0.00017494
0.0001749
0.000174855
0.00017482
0.000174815
0.00017481
0.00017481
0.00017481
0.00017481
0.00017481
0.00017481
0.00017478
0.000174725
0.00017468
0.00017466
0.00017466
0.000174655
0.000174615
0.000174615
0.000174615
0.00017461
0.000174605
0.000174605
0.0001746
0.0001746
0.0001746
0.0001746
0.0001746
0.0001746
0.000174605
0.000174605
0.000174605
0.000174815
0.00017482
0.000174825
0.000174955
0.000174995
0.00017507
0.000175055
0.00017544
0.000175475
0.00017555
0.00017562
0.00017544
0.000175445
0.000175445
0.000175445
0.00017545
0.00017545
0.000174815
0.00017481
0.00017481
0.00017481
0.00017481
0.000174815
0.000174815
0.000174815
0.00017481
0.00017481
0.000174815
0.000174815
0.000174815
0.000174815
0.000174815
0.000174815
0.00017536
0.00017432
0.00017432
0.00017536
0.00017536
0.000175365
0.00017538
0.000175375
0.00017537
0.000175365
0.00017536
0.000175345
0.000175405
0.000175495
0.000175575
0.00017559
0.000175585
0.00017557
0.000175565
0.000175545
0.00017554
0.000175545
0.000175535
0.00017534
0.000175415
0.000175495
0.000175485
0.000175275
0.00017541
0.000175395
0.00017544
0.00017543
0.00017543
0.00017543
0.000175435
0.000175425
0.000175365
0.00017537
0.000175365
0.000175185
0.0001752
0.00017515
0.000175175
0.00017519
0.00017519
0.00017519
0.000175205
0.000175175
0.00017518
0.000175215
0.000175205
0.000175115
0.0001751
0.00017507
0.000175045
0.000175095
0.00017514
0.00017515
0.000175165
0.000175165
0.000175515
0.000175515
0.000175355
0.000175355
0.000175355
0.000175355
0.000175355
0.00017536
0.00017541
0.00017552
0.00017556
0.000175565
0.000175635
0.000175735
0.00017684
0.00017601
0.00017744
0.00017779
0.00017781
0.00017781
0.000177815
0.00017858
0.000178815
0.00017882
0.000178835
0.00017897
0.000179135
0.00017912
0.00017911
0.000179115
0.000178755
0.00017876
0.00017877
0.00017876
0.000178785
0.000178785
0.00017884
0.00017876
0.00017884
0.00017885
0.00017878
0.000178765
0.000178745
0.000178755
0.00017876
0.000178765
0.00017877
0.00017876
0.00017879
0.0001788
0.0001788
0.00017887
0.000178785
0.00017883
0.00017885
0.000178855
0.00017886
0.000178765
0.00017884
0.000178765
0.00017876
0.00017891
0.000178915
0.00017892
0.00017892
0.000178935
0.000178925
0.00017876
0.000178755
0.000178745
0.00017753
0.000177515
0.00017751
0.000177505
0.000177515
0.00017751
0.000177505
0.00017751
0.000177505
0.000177515
0.00017751
0.00017751
0.00017751
0.000177505
0.000177515
0.000177515
0.00017751
0.00017751
0.00017751
0.000178715
0.00017871
0.0001787
0.00017875
0.00017873
0.000178785
0.00017887
0.00017885
0.000178885
0.00017895
0.00017898
0.000179125
0.00017908
0.000179075
0.000179085
0.00017909
0.00017888
0.00017899
0.000178995
0.000179
0.000179
0.000179
0.000179005
0.000179015
0.000179995
0.000179995
0.000179995
0.000179995
0.000179995
0.000179995
0.000179995
0.000179995
0.000179995
0.000179995
0.000179995
0.000179995
0.00017879
0.00017879
0.00017889
0.000178885
0.000178885
0.000178885
0.00017889
0.000178885
0.000178885
0.000178885
0.000178885
0.000178885
0.000178885
0.000178885
0.00017889
0.000178885
0.000178885
0.000178885
0.000178895
0.00017897
0.000179
0.000178975
0.00017893
0.000179005
0.000179995
0.000179995
0.000179995
0.000179995
0.000179995
0.000179995
0.000179995
0.000179995
0.000179995
0.000179995
0.000179995
0.000179995
0.000179995
0.000179995
0.000179995
0.000179995
0.000179995
0.000179995
0.000179995
0.000179995
0.000179995
0.000179995
0.00018045
0.000180495
0.00018049
0.000180485
0.000180485
0.000180485
0.000180485
0.000180485
0.00018049
0.000180495
0.000180495
0.000180485
0.000179305
0.000179305
0.00017931
0.00017943
0.000179575
0.000179735
0.000179665
0.000179645
0.000179655
0.000179665
0.00017931
0.000179425
0.000179475
0.00017954
0.00017954
0.000179555
0.00017964
0.00017976
0.000179335
0.000179535
0.00017964
0.00017975
0.00017956
0.000179675
0.00017953
0.000179635
0.0001794
0.000179575
0.00017965
0.00017948
0.000179575
0.00017935
0.000179465
0.00017961
0.00017964
0.000179665
0.00017966
0.00017967
0.00017967
0.00017968
0.00017968
0.000179675
0.00017967
0.00017967
0.000179665
0.000179685
0.000179685
0.000179675
0.00017934
0.00017933
0.000179325
0.000179325
0.00017941
0.000179475
0.00017967
0.00017977
0.00017978
0.00017978
0.000179775
0.000179815
0.00017981
0.00017982
0.00017991
0.00017999
0.000180045
0.000180085
0.000180085
0.000180085
0.00017986
0.000180045
0.00017939
0.00017943
0.00017963
0.00017966
0.000179665
0.000179635
0.000179735
0.00017973
0.000179735
0.00017973
0.000179735
0.00017972
0.00017955
0.000179565
0.000179565
0.000179565
0.00017957
0.000179555
0.00017956
0.000179555
0.000179555
0.000179555
0.00017954
0.00017954
0.00017954
0.000179535
0.000179535
0.000179535
0.000179535
0.000179555
0.00017956
0.00017961
0.0001797
0.000180395
0.000180395
0.000180395
0.000180395
0.000180395
0.000180395
0.000180395
0.000180395
0.000180395
0.000180395
0.000180395
0.000180405
0.000180465
0.000180465
0.000180465
0.000180455
0.000180455
0.000180465
0.00018047
0.000180475
0.000180475
0.000180535
0.000180515
0.000180345
0.00018051
0.00018051
0.000179275
0.000179385
0.00017949
0.000179495
0.000179495
0.000179235
0.000179175
0.00017922
0.00017923
0.00017903
0.000179035
0.000179025
0.00017903
0.00017903
0.00017912
0.000179255
0.000180225
0.00018022
0.00018023
0.00018023
0.00018023
0.00018023
0.000179855
0.000179845
0.000179655
0.000179735
0.000179775
0.00017954
0.000179515
0.000179085
0.00017919
0.00017909
0.000178985
0.00017898
0.00017908
0.000179305
0.000178535
0.00017859
0.000178625
0.00018018
0.00018022
0.000180375
0.00018042
0.000180415
0.00018042
0.00018042
0.00018042
0.00018039
0.000180395
0.000180395
0.000180395
0.0001806
0.000180605
0.00018061
0.000180615
0.00018062
0.000180625
0.00018063
0.00018063
0.00018063
0.000180635
0.000180635
0.000180635
0.00018064
0.00018064
0.00018064
0.00018061
0.000180615
0.00018062
0.00018063
0.000180635
0.000180635
0.00018064
0.00018064
0.000179935
0.00017994
0.000179935
0.000179945
0.00017995
0.00017996
0.000179965
0.00017997
0.000179965
0.00017998
0.000179975
0.00017874
0.00017871
0.000178695
0.00017863
0.00017853
0.000178525
0.00017849
0.000178765
0.000178845
0.00017887
0.000178775
0.00017886
0.00017878
0.000178865
0.00017884
0.000178835
0.00017867
0.00017851
0.0001787
0.0001787
0.00017871
0.00017868
0.000180005
0.000180005
0.00017918
0.000178815
0.000179255
0.00017933
0.000179435
0.000179535
0.0001796
0.000179685
0.000179685
0.000179635
0.000178425
0.00017924
0.000179245
0.000179645
0.00017967
0.000179695
0.000176875
0.00017684
0.00017677
0.000176745
0.00017675
0.000176775
0.0001768
0.00017691
0.00017703
0.000177105
0.000177405
0.00017743
0.00017744
0.000177435
0.000177445
0.000177485
0.000177525
0.00017757
0.00017762
0.000177635
0.000177735
0.00017781
0.000177905
0.00017793
0.000178
0.00017808
0.00017794
0.000177945
0.000178335
0.000178285
0.000178275
0.00017816
0.00017805
0.00017793
0.00017796
0.00017798
0.00017799
0.000178
0.000178
0.000179375
0.000179375
0.000179375
0.000179375
0.000179385
0.000179385
0.00017938
0.00017837
0.000178345
0.00017834
0.000178305
0.000178215
0.000178145
0.00017807
0.000177975
0.00017787
0.000177795
0.000177735
0.000177735
0.000177735
0.00017793
0.000177895
0.000177885
0.000177885
0.00017788
0.000177875
0.00017787
0.00017788
0.000177875
0.000177875
0.000177875
0.000177875
0.000177875
0.000177875
0.000177875
0.000177875
0.000177915
0.000177885
0.000177935
0.00017795
0.000177955
0.000177955
0.000177955
0.000177955
0.000177955
0.00017796
0.000177965
0.000177965
0.00017792
0.00017791
0.00017792
0.000177925
0.00017793
0.000177935
0.000178185
0.000178195
0.0001782
0.000178205
0.000178205
0.00017819
0.00017819
0.000178195
0.00017818
0.000178185
0.00017819
0.00017859
0.000178655
0.00017867
0.00017865
0.000178565
0.000178515
0.000178525
0.000178545
0.00017852
0.000178595
0.0001772
0.000176675
0.00017668
0.00017662
0.000175155
0.000174655
0.00017478
0.000174735
0.000174755
0.00017528
0.00017527
0.00017529
0.000175325
0.000175455
0.000175345
0.00017537
0.000175325
0.000175225
0.000175255
0.00017477
0.00017486
0.000175155
0.000175345
0.00017557
0.00017561
0.000175865
0.000176125
0.00017623
0.000176285
0.00017637
0.00017641
0.00017642
0.000176975
0.00017695
0.000176915
0.00017624
0.00017623
0.00017699
0.000177055
0.00017721
0.000177445
0.000177675
0.000177705
0.000177685
0.000178085
0.0001792
0.000179195
0.000179375
0.000179485
0.000179485
0.000179485
0.00017949
0.00017949
0.00017949
0.00017949
0.00017949
0.00017949
0.00017949
0.00017949
0.00017949
0.00017949
0.00017949
0.00017949
0.00017949
0.00017949
0.00017949
0.000179495
0.00017949
0.000179665
0.000179495
0.000179495
0.000179495
0.000179495
0.00017949
0.00017949
0.00017949
0.000179485
0.00017948
0.00017948
0.000179475
0.000178275
0.00017823
0.00017729
0.00017781
0.00017792
0.00017812
0.000178355
0.000178415
0.000178465
0.0001801
0.0001801
0.0001801
0.00017854
0.00017856
0.00017868
0.000178775
0.00017877
0.00017886
0.000179075
0.000179055
0.0001791
0.00017916
0.000179205
0.0001792
0.0001792
0.000179245
0.00018011
0.000180165
0.000180245
0.000180245
0.000180245
0.000180245
0.00018025
0.000180255
0.00018029
