0.00011482
0.00011483
0.000115075
0.000115975
0.00011598
0.000115975
0.000116145
0.000116145
0.000116145
0.000116145
0.000116275
0.000116265
0.00011538
0.00011553
0.00011549
0.00011565
0.000115645
0.00011492
0.000114595
0.000114685
0.000115325
0.000115505
0.000115555
0.00011554
0.00011511
0.00011561
0.000116005
0.00011616
0.00011597
0.000116355
0.00011633
0.000116685
0.000116735
0.00011675
0.000116045
0.000115985
0.000116035
0.00011573
0.00011567
0.00011559
0.0001145
0.0001145
0.000115145
0.0001145
0.0001145
0.00011444
0.0001145
0.0001146
0.000115675
0.000115505
0.000115705
0.000115735
0.000115805
0.000115845
0.0001157
0.000115745
0.000115515
0.000114875
0.000115525
0.00011492
0.00011387
0.00011383
0.00011402
0.000113875
0.000113745
0.00011373
0.000113745
0.000113765
0.00011395
0.00011383
0.000113955
0.00011384
0.00011562
0.000115605
0.00011599
0.00011622
0.000115855
0.00011586
0.00011586
0.000115855
0.000115005
0.00011481
0.00011467
0.00011467
0.000114675
0.000114625
0.0001146
0.00011459
0.000113835
0.000114005
0.00011384
0.000113845
0.000113845
0.000113875
0.000113875
0.000113875
0.000112055
0.000112175
0.00011158
0.00011163
0.0001116
0.000111905
0.00011191
0.000111915
0.00011193
0.000112035
0.000112165
0.000112165
0.00011217
0.000112175
0.000112175
0.000112025
0.000112025
0.00011166
0.00011166
0.00011166
0.00011166
0.00011167
0.000111665
0.000111655
0.000111655
0.000111655
0.000112005
0.000112375
0.000112475
0.00011315
0.00011301
0.00011301
0.00011296
0.000112945
0.000112935
0.000112755
0.000112535
0.00011244
0.000112565
0.000112565
0.00011249
0.00011247
0.000112495
0.000112445
0.00011244
0.000112435
0.000112395
0.000112375
0.000112465
0.00011237
0.00011305
0.00011243
0.0001125
0.00011297
0.000112945
0.000112845
0.000112895
0.000112875
0.00011279
0.000112915
0.00011342
0.000113285
0.00011275
0.000113175
0.00011275
0.000112875
0.00011286
0.00011291
0.00011285
0.00011285
0.000112945
0.00011295
0.00011295
0.00011295
0.000113305
0.000113305
0.000113255
0.000113305
0.0001132
0.000113255
0.000113255
0.000112235
0.000113355
0.000112575
0.000112765
0.00011277
0.000112225
0.000112575
0.00011258
0.000113345
0.000112875
0.000113315
0.00011348
0.00011229
0.0001127
0.000111415
0.00011077
0.00011078
0.00011134
0.00011132
0.00011131
0.000111285
0.00011119
0.000110955
0.000110805
0.00011131
0.000111395
0.000111875
0.000112875
0.00011204
0.0001121
0.000111495
0.000111495
0.00011148
0.000112065
0.000111225
0.00011122
0.00011144
0.000110685
0.000110585
0.00011036
0.000111205
0.00011105
0.00011105
0.00011104
0.000111045
0.000111005
0.0001108
0.00011084
0.000111035
0.00011063
0.000110385
0.000110385
0.00011013
0.00011013
0.00011013
0.00011013
0.00011013
0.00011013
0.000110025
0.000109865
0.00010979
0.00010937
0.00011124
0.00011144
0.000111475
0.00011273
0.00011271
0.000112735
0.000112745
0.00011275
0.000112875
0.00011285
0.00011285
0.00011318
0.000113195
0.0001132
0.000113115
0.000113115
0.00011311
0.000113235
0.000113375
0.0001134
0.000113405
0.00011353
0.00011352
0.000113595
0.000112635
0.000111805
0.00011309
0.000113005
0.000112935
0.000112875
0.00011143
0.000111655
0.000112665
0.000111985
0.000111905
0.00011306
0.000113005
0.000111615
0.000112975
0.000112925
0.0001127
0.00011294
0.00011221
0.0001123
0.00011274
0.0001123
0.00011269
0.000112325
0.000112435
0.000112835
0.000112855
0.000112855
0.000113505
0.000112825
0.00011201
0.00011201
0.0001125
0.00011254
0.00011259
0.00011144
0.00011258
0.000112935
0.000112585
0.00011255
0.00011258
0.00011255
0.000112335
0.00011222
0.000112105
0.00011177
0.000111705
0.000112
0.00011199
0.00011176
0.000111025
0.000111515
0.0001128
0.000112155
0.000112185
0.000112265
0.000112425
0.000112975
0.000112375
0.00011249
0.000112505
0.000112255
0.0001123
0.000113015
0.00011382
0.000112905
0.000112905
0.00011282
0.00011273
0.00011269
0.000111795
0.000112815
0.00011277
0.00011274
0.000111875
0.000112125
0.000112165
0.00011194
0.00011116
0.000111165
0.00011116
0.000111155
0.00011135
0.000111685
0.000111795
0.00011199
0.00011249
0.00011295
0.000113055
0.000113055
0.00011297
0.000112935
0.00011293
0.00011298
0.000112945
0.00011233
0.000111525
0.00011223
0.000113435
0.000113295
0.000113885
0.000113885
0.000113885
0.000114085
0.00011407
0.00011411
0.00011414
0.00011414
0.000114135
0.00011431
0.00011547
0.00011547
0.000114965
0.000114995
0.00011502
0.00011495
0.000114935
0.000114925
0.000114845
0.00011484
0.000114805
0.00011443
0.000113815
0.000113325
0.000113325
0.00011317
0.000112405
0.000112415
0.00011242
0.000113085
0.000113355
0.000113245
0.000113215
0.0001132
0.000112425
0.00011235
0.000113065
0.00011329
0.000113
0.00011299
0.00011284
0.00011281
0.0001127
0.000111995
0.000112555
0.000112645
0.00011308
0.00011312
0.00011342
0.00011317
0.00011314
0.000113195
0.000113195
0.000113195
0.00011288
0.000113675
0.00011367
0.000113665
0.00011366
0.000113655
0.000113985
0.000113575
0.00011417
0.0001136
0.000113565
0.00011407
0.000114935
0.0001152
0.000115225
0.000115375
0.000115315
0.000115995
0.000115705
0.000116005
0.00011581
0.00011681
0.00011681
0.000117425
0.00011733
0.000117805
0.00011825
0.000118355
0.000118505
0.00011945
0.00011945
0.000119495
0.000119655
0.000119795
0.000119945
0.000119745
0.00011974
0.000116075
0.00011501
0.000115315
0.00011678
0.000116905
0.00011693
0.000116785
0.000117
0.00011688
0.000116745
0.00011725
0.00011695
0.00011754
0.00011759
0.000118685
0.000118705
0.000118705
0.00011735
0.000117355
0.00011786
0.000117925
0.000117705
0.0001177
0.000117695
0.00011667
0.00011639
0.000116405
0.000115135
0.00011501
0.000114965
0.000114945
0.000114895
0.000114945
0.000115
0.00011497
0.000114525
0.000115395
0.00011515
0.0001152
0.0001152
0.00011584
0.000115865
0.0001152
0.000114495
0.00011569
0.00011569
0.00011562
0.00011555
0.00011557
0.00011557
0.000115115
0.000115115
0.000115105
0.000115545
0.00011548
0.000115515
0.000115505
0.000115605
0.00011561
0.000115795
0.00011582
0.00011587
0.000115875
0.000115855
0.000115905
0.000115925
0.0001159
0.0001159
0.00011591
0.00011586
0.000115855
0.000116215
0.00011598
0.000115975
0.000115975
0.000116075
0.00011607
0.000116115
0.000116115
0.00011613
0.00011613
0.00011613
0.00011603
0.000115885
0.00011585
0.00011585
0.000115725
0.000115725
0.000115725
0.00011573
0.00011573
0.00011568
0.00011568
0.000115665
0.00011571
0.000115895
0.000115895
0.000115895
0.00011571
0.00011592
0.00011608
0.000115885
0.000115455
0.000115305
0.000115365
0.00011589
0.00011588
0.000116095
0.000116095
0.00011609
0.00011609
0.00011574
0.000116235
0.000115875
0.000115875
0.000116255
0.00011588
0.00011588
0.00011599
0.00011598
0.0001165
0.00011744
0.000117205
0.00011769
0.00011769
0.000117695
0.00011843
0.00011824
0.000119205
0.000119625
0.000119625
0.000119625
0.000118915
0.000119635
0.00011904
0.00011888
0.000118755
0.000118635
0.000118205
0.00011835
0.000118365
0.00011917
0.00011934
0.000119045
0.00011888
0.00011888
0.000119155
0.00011915
0.00011888
0.0001187
0.0001187
0.000118995
0.000118455
0.000119185
0.000119305
0.00011931
0.000119165
0.000119165
0.000119165
0.000119185
0.000119275
0.000119285
0.000119305
0.000119305
0.000119435
0.000119435
0.000119635
0.000119635
0.000119635
0.000119635
0.000119635
0.000119275
0.000119655
0.000119655
0.000119695
0.0001197
0.000119705
0.000119725
0.00011973
0.000119735
0.00011976
0.000119765
0.00012012
0.00012038
0.00012084
0.000120845
0.00012085
0.000121005
0.00012105
0.00012156
0.00012205
0.000122335
0.000122825
0.00012336
0.00012426
0.000124725
0.000124795
0.00012478
0.00012431
0.0001245
0.00012397
0.00012407
0.000124205
0.000124205
0.000124205
0.000124205
0.00012419
0.000123845
0.000124175
0.000123475
0.000121295
0.0001213
0.00012131
0.0001213
0.000122065
0.00012192
0.000121745
0.000121555
0.00012128
0.000121805
0.000122065
0.00012204
0.000122255
0.000122745
0.000122735
0.000122155
0.00012217
0.000122945
0.00012339
0.000124025
0.00012391
0.000123005
0.000123535
0.00012359
0.000123635
0.000123655
0.000123655
0.000124175
0.00012361
0.00012361
0.00012361
0.00012354
0.000123555
0.000123555
0.00012408
0.000123445
0.000123435
0.000122495
0.000122495
0.000122495
0.000122535
0.00012303
0.00012304
0.00012322
0.000123115
0.00012332
0.00012328
0.000123435
0.0001238
0.0001238
0.000123795
0.000123795
0.000123795
0.00012379
0.00012348
0.000123495
0.00012384
0.000123835
0.00012382
0.000121645
0.000121405
0.00012256
0.00012258
0.000122455
0.000121055
0.00012151
0.00012158
0.0001211
0.000121035
0.00012094
0.00012094
0.000121125
0.000121125
0.000121065
0.00012106
0.000120765
0.00012025
0.000120245
0.000119885
0.00012058
0.00012072
0.000119685
0.00011885
0.000119855
0.00011992
0.000119895
0.00012015
0.000120575
0.00012046
0.00012046
0.000120515
0.000120755
0.00012109
0.00012119
0.000120725
0.000121225
0.000121375
0.00012186
0.000122575
0.000122695
0.000123045
0.000123045
0.000123045
0.000123045
0.00012303
0.000123045
0.00012304
0.00012304
0.000123035
0.00012267
0.00012267
0.000122435
0.000122655
0.00012265
0.000122955
0.00012262
0.000122315
0.000122615
0.00012056
0.000122005
0.000121935
0.000121885
0.000121015
0.0001224
0.000122725
0.000122875
0.000122875
0.00012287
0.000122875
0.000122875
0.000122875
0.000122925
0.00012302
0.000122875
0.00012302
0.000123045
0.000122875
0.000122875
0.000122925
0.000123025
0.000123025
0.000123025
0.000122945
0.000123045
0.000123025
0.000123025
0.00012297
0.00012302
0.00012302
0.00012302
0.00012294
0.000122925
0.000122875
0.00012302
0.000122845
0.000122505
0.000122485
0.000123025
0.000122535
0.00012253
0.000122525
0.000123045
0.000122775
0.000123025
0.000123035
0.000123035
0.000123035
0.00012226
0.000122255
0.000122255
0.000122255
0.000122265
0.000122775
0.000123025
0.00012303
0.000123005
0.000123005
0.000122775
0.000122805
0.000123025
0.00012303
0.000123005
0.00012279
0.000123025
0.00012285
0.000122535
0.00012251
0.00012187
0.00012252
0.0001225
0.000122515
0.0001225
0.0001225
0.000122495
0.000121505
0.000121255
0.00012066
0.000120675
0.00012033
0.000121475
0.000121305
0.0001212
0.00012098
0.000120595
0.000120595
0.000120595
0.000120415
0.000120655
0.000120555
0.000120455
0.00012035
0.000120345
0.00012004
0.00012004
0.000120025
0.00012032
0.000120015
0.0001202
0.000119955
0.000119975
0.000119975
0.00012014
0.00011983
0.000119885
0.000119905
0.000119915
0.000120435
0.00012044
0.00012051
0.000120495
0.000120505
0.000120975
0.00012056
0.000121045
0.000121795
0.000121825
0.0001218
0.000121795
0.00012174
0.000121515
0.000121435
0.00012153
0.00012147
0.000121295
0.00012016
0.000120485
0.000120725
0.000120335
0.00012051
0.0001205
0.00012049
0.00012048
0.0001202
0.000119815
0.00011955
0.0001196
0.000118455
0.00011756
0.000118825
0.000118445
0.000118445
0.00011842
0.000118945
0.000118945
0.00011846
0.00011846
0.00011798
0.000117985
0.00011839
0.000117985
0.00011797
0.00011722
0.00011722
0.000117165
0.000117065
0.000117615
0.000117615
0.000116955
0.00011731
0.000117305
0.0001173
0.00011761
0.00011761
0.000117295
0.000117365
0.000117305
0.000117305
0.000117055
0.000117055
0.00011725
0.000117305
0.00011741
0.00011777
0.000118495
0.000118575
0.00011842
0.000119485
0.000119485
0.00011959
0.00011958
0.000119675
0.00011958
0.00011921
0.000118305
0.00011824
0.00011828
0.0001179
0.000117915
0.000117915
0.000117965
0.000117965
0.000117955
0.00011796
0.000117215
0.000117265
0.00011751
0.00011749
0.00011754
0.00011681
0.00011771
0.000117705
0.0001177
0.0001177
0.000117215
0.00011825
0.000118245
0.000118245
0.00011824
0.000118225
0.0001176
0.00011762
0.00011762
0.00011785
0.00011795
0.00011795
0.00011795
0.00011795
0.00011795
0.000118345
0.00011825
0.000118575
0.00011868
0.00011875
0.00011865
0.00011825
0.00011824
0.000118275
0.000118275
0.0001174
0.000116755
0.00011703
0.00011653
0.00011675
0.00011678
0.00011678
0.0001165
0.000116275
0.00011646
0.0001165
0.000116485
0.00011644
0.000116385
0.00011649
0.0001165
0.000116575
0.000116575
0.00011665
0.00011658
0.00011657
0.000116635
0.000116665
0.000116665
0.00011722
0.00011735
0.00011754
0.000117215
0.00011741
0.000117555
0.000117655
0.000117715
0.00011771
0.000117755
0.000117815
0.00011801
0.000117855
0.000117915
0.00011828
0.00011828
0.00011858
0.000118545
0.00011863
0.00011869
0.000118985
0.000119055
0.000119115
0.00011909
0.0001191
0.00011909
0.00011907
0.00011907
0.000119115
0.00011808
0.00011785
0.00011794
0.00011768
0.000117595
0.000117645
0.00011781
0.00011733
0.00011679
0.00011797
0.00011812
0.000118125
0.000118325
0.000116995
0.00011842
0.000117695
0.000116455
0.000117665
0.00011758
0.00011753
0.000117525
0.000117735
0.00011735
0.00011704
0.00011709
0.000116535
0.0001163
0.000116205
0.000116915
0.000119035
0.000119055
0.000119165
0.00011836
0.000119635
0.000119635
0.0001201
0.000120275
0.00012023
0.00012031
0.00012033
0.00012035
0.000119905
0.00012041
0.000120555
0.00012103
0.000121025
0.00012292
0.00012223
0.000123035
0.00012179
0.000121815
0.00012188
0.000121845
0.000121855
0.000121665
0.000121985
0.00012158
0.000121575
0.000121575
0.00012082
0.000120815
0.00012082
0.000120815
0.000120545
0.00012005
0.00012051
0.000120005
0.000120005
0.000120505
0.0001205
0.00012054
0.000120885
0.000121505
0.0001217
0.00012279
0.000122795
0.00012328
0.000122785
0.000122795
0.000123375
0.000122955
0.0001224
0.000122965
0.00012304
0.00012336
0.00012417
0.00012424
0.00012441
0.000125005
0.00012511
0.000125335
0.000125475
0.000125615
0.000127255
0.000127995
0.000128745
0.00012934
0.000130785
0.000132185
0.00013342
0.000134055
0.000134595
0.00013445
0.00013315
0.000130095
0.00012925
0.00013099
0.000131305
0.00013356
0.00013412
0.00013433
0.000134975
0.000135165
0.00013571
0.000136045
0.000136945
0.000137405
0.000137995
0.00013835
0.000138795
0.000138855
0.00013871
0.000138715
0.000137585
0.000137635
0.0001371
0.00013638
0.00013789
0.00013445
0.00013445
0.000134695
0.00013148
0.000131045
0.00013145
0.00013053
0.000130125
0.00012923
0.00012839
0.000128405
0.00012929
0.000128395
0.0001284
0.000129165
0.00012909
0.000129015
0.000128185
0.00012828
0.00012839
0.00012683
0.000125025
0.00012521
0.000124
0.00012372
0.00012199
0.000121785
0.00012308
0.000122575
0.00012318
0.00012537
0.000126205
0.00012675
0.000128035
0.00012818
0.000127315
0.000126945
0.000126385
0.000126355
0.00012638
0.0001246
0.000124485
0.000124395
0.00012583
0.00012625
0.00012625
0.000127035
0.000128085
0.000127595
0.000127995
0.000127475
0.00012861
0.00012861
0.00012861
0.000128775
0.000128795
0.00012879
0.00012834
0.000128595
0.00012945
0.000129715
0.000129895
0.000129895
0.000129895
0.00012943
0.000129405
0.000128165
0.000128645
0.000128655
0.000129435
0.00012998
0.000129765
0.000129765
0.000129785
0.00012949
0.00012947
0.00012996
0.00012996
0.00013064
0.00013074
0.000130995
0.000131255
0.000131255
0.00013127
0.000131515
0.000131515
0.00013314
0.00013211
0.0001333
0.00013364
0.00013497
0.00013518
0.000136085
0.00013745
0.00013611
0.00013592
0.0001331
0.000132105
0.000131095
0.000131205
0.000132425
0.000132745
0.000132765
0.00013305
0.00013306
0.0001329
0.000132785
0.00013254
0.000132525
0.000130125
0.00013003
0.00012999
0.0001296
0.00013086
0.000131505
0.00013116
0.0001314
0.0001314
0.00013183
0.00013209
0.0001321
0.000132325
0.00013259
0.000132715
0.00013223
0.00013238
0.00013288
0.000133145
0.000134455
0.00013787
0.000137315
0.000134505
0.000134545
0.000134055
0.000134165
0.000134495
0.0001335
0.000133515
0.000133515
0.00013352
0.00013342
0.000133485
0.00013346
0.00013387
0.000133865
0.00013346
0.000133495
0.00013394
0.000133945
0.00013516
0.00013704
0.00013704
0.000137035
0.00013766
0.000137905
0.00013702
0.000135715
0.0001381
0.000137
0.00013694
0.000135695
0.00013571
0.000136635
0.000136545
0.00013597
0.000135245
0.000135495
0.000135495
0.00013549
0.000135485
0.00013525
0.00013575
0.000136575
0.000137145
0.00013569
0.000135105
0.000134085
0.00013418
0.000133285
0.000134405
0.00013393
0.00013438
0.00013375
0.00013375
0.000134405
0.00013375
0.00013375
0.00013375
0.000134075
0.000133435
0.000133025
0.000132175
0.00013262
0.000130615
0.00013038
0.000130365
0.000130135
0.000130135
0.000130165
0.000130145
0.00013015
0.000130095
0.00012949
0.000129605
0.0001288
0.00012811
0.00012741
0.00012743
0.000127715
0.000128265
0.00012851
0.00012859
0.00012962
0.000130185
0.000129725
0.00012915
0.0001294
0.0001277
0.000128485
0.000129955
0.000128505
0.00012874
0.000128565
0.000129185
0.000129285
0.00012995
0.000129945
0.00012995
0.000129255
0.00012922
0.0001287
0.000127645
0.00012906
0.00012797
0.00012899
0.000128605
0.000128485
0.000128465
0.00012795
0.000128495
0.000128495
0.000128495
0.000128425
0.000127715
0.00012676
0.000125945
0.000126705
0.00012661
0.00012639
0.000125675
0.00012619
0.00012587
0.000126205
0.000126375
0.00012676
0.00012696
0.00012724
0.000127235
0.000127235
0.00012723
0.000125945
0.00012711
0.000127965
0.000127965
0.00012713
0.000127205
0.00012631
0.00012545
0.000125965
0.000126655
0.000126635
0.000127205
0.00012766
0.000128695
0.00012658
0.000126615
0.000127035
0.00012686
0.000126685
0.00012657
0.00012644
0.00012656
0.000127045
0.000126605
0.00012656
0.000126485
0.000125655
0.00012573
0.00012578
0.00012579
0.00012579
0.00012579
0.00012575
0.00012575
0.000125745
0.00012574
0.000125745
0.00012578
0.000125525
0.000125525
0.000125525
0.00012553
0.00012552
0.000125525
0.000125525
0.000125525
0.00012554
0.00012554
0.000125535
0.000122835
0.00012278
0.00012278
0.000122775
0.00012278
0.00012345
0.000123485
0.000122945
0.00012246
0.000121295
0.00012179
0.000121805
0.00012111
0.000120505
0.0001205
0.000119035
0.000120125
0.000120065
0.00012004
0.000119015
0.000118765
0.00011982
0.000117245
0.00011579
0.00011474
0.00011446
0.00011395
0.00011434
0.000114335
0.000114335
0.000113815
0.00011431
0.00011431
0.000112
0.000112455
0.00011199
0.00011196
0.000111875
0.00011233
0.000112535
0.000113025
0.000113775
0.00011323
0.000113535
0.000115285
0.000117015
0.0001171
0.00012052
0.00011812
0.00011812
0.00011708
0.00011706
0.000117085
0.00011619
0.0001171
0.0001172
0.00011631
0.000117045
0.00011705
0.000117055
0.00011633
0.00011672
0.000116335
0.00011617
0.00011549
0.00011475
0.00011305
0.00011375
0.00011215
0.000112985
0.00011214
0.00011211
0.00011193
0.0001107
0.000103825
0.00010353
0.000103515
0.000101305
0.000102795
0.000101175
0.000102965
0.00010308
0.000103075
0.00010741
0.0001125
0.000113445
0.000113455
0.000115035
0.00011777
0.00011647
0.000116435
0.000114915
0.00011571
0.000116455
0.00011649
0.00011499
0.00011645
0.000116495
0.000116945
0.00011675
0.000116795
0.00011676
0.00011748
0.00011748
0.000117965
0.000117965
0.000117535
0.00011753
0.000117535
0.000117885
0.00011846
0.00011855
0.000118755
0.000118745
0.000119055
0.00011965
0.000119645
0.00011965
0.00011964
0.000119085
0.000118945
0.00011895
0.000118005
0.000117995
0.00011798
0.00011771
0.000116505
0.000116505
0.000118035
0.000118065
0.00011953
0.000119625
0.00011987
0.00011985
0.00011934
0.00011937
0.00011945
0.00011954
0.00011954
0.00011947
0.000119375
0.00011938
0.00011967
0.00011967
0.000119245
0.00011924
0.000120125
0.0001196
0.00011936
0.00011948
0.00011948
0.000119465
0.000119525
0.000119165
0.00011953
0.00011951
0.00011951
0.00011951
0.000119515
0.00011952
0.000119125
0.0001195
0.00011944
0.000119415
0.00011942
0.000119805
0.000119425
0.00011959
0.0001196
0.000119425
0.000119375
0.000119425
0.000119425
0.000119805
0.0001198
0.00011942
0.000119425
0.00011914
0.000119125
0.00011907
0.000119065
0.000119115
0.00011947
0.000119485
0.0001195
0.000119515
0.00011994
0.000119815
0.0001195
0.000120045
0.00012017
0.000120245
0.000120605
0.000121915
0.000121835
0.00012177
0.00012177
0.00012177
0.00012177
0.00012177
0.000121835
0.000121835
0.000121835
0.00012189
0.000122915
0.00012234
0.000122445
0.00012293
0.00012302
0.0001244
0.00012434
0.000124305
0.000124885
0.000124295
0.00012429
0.00012361
0.000123605
0.00012361
0.00012361
0.00012361
0.000124805
0.00012414
0.000123775
0.00012325
0.00012327
0.00012325
0.000123275
0.00012326
0.00012325
0.00012335
0.00012335
0.00012335
0.000123345
0.00012323
0.000122165
0.0001222
0.0001222
0.000122045
0.000121375
0.000120505
0.000120255
0.000120255
0.00012025
0.00012025
0.00011993
0.00011875
0.000118745
0.000118745
0.000119475
0.00011887
0.00011887
0.00011887
0.0001195
0.00011995
0.00011995
0.00012003
0.000120025
0.00011995
0.00011995
0.00011995
0.00011996
0.000120075
0.000120535
0.000120895
0.00012065
0.000120505
0.0001205
0.00012078
0.000120805
0.000120815
0.00011993
0.000118065
0.000118495
0.000118015
0.00011802
0.00011951
0.00011853
0.00011952
0.0001175
0.000118275
0.00011596
0.000115745
0.00011486
0.000117075
0.000115135
0.000117175
0.000117595
0.00011777
0.000117005
0.00011684
0.00011693
0.000116685
0.000117155
0.00011498
0.000115645
0.00011512
0.000116415
0.00011549
0.00011403
0.00011494
0.00011489
0.000114005
0.000115215
0.000114005
0.000114005
0.000114505
0.00011446
0.000114005
0.00011334
0.000113315
0.00011334
0.00011365
0.00011359
0.0001122
0.000112105
0.000111905
0.00011211
0.00011196
0.00011179
0.000111975
0.000112
0.000112875
0.00011311
0.00011349
0.000113505
0.000113175
0.00011323
0.000113365
0.00011443
0.00011493
0.000114635
0.000115325
0.00011527
0.00011521
0.000113055
0.00011389
0.00011387
0.00011403
0.000113825
0.000113775
0.000113715
0.00011368
0.00011479
0.000113015
0.000113005
0.000112995
0.000112165
0.0001116
0.000110755
0.0001127
0.00011151
0.000107115
0.00010655
0.000106605
0.00010596
0.00010704
0.000106445
0.000106975
0.00010891
0.000110865
0.000111525
0.000107505
0.0001075
0.00010791
0.000107895
0.000107795
0.000106985
0.000105665
0.000105745
0.000105735
0.0001053
0.000105985
0.0001055
0.00010501
0.000104995
0.000104995
0.000105495
0.000104995
0.00010482
0.0001055
0.0001055
0.00010549
0.00010551
0.000105495
0.00010701
0.000109435
0.000109435
0.00010873
0.000110975
0.000112695
0.00011237
0.00011407
0.000114345
0.00011492
0.000114705
0.0001143
0.000114005
0.000113515
0.000114305
0.000114455
0.00011338
0.000112145
0.000111025
0.00011104
0.000111205
0.000111645
0.00011186
0.000109975
0.000109755
0.00010985
0.000111065
0.000111
0.0001102
0.000110125
0.000110105
0.00010923
0.000110025
0.00011062
0.000110605
0.000110455
0.00010976
0.00010909
0.00010913
0.0001096
0.00011097
0.000111
0.000111
0.00011101
0.000112685
0.000112635
0.00011261
0.00011287
0.000111765
0.000110725
0.000110605
0.00010969
0.00010931
0.00010958
0.000109945
0.000109945
0.00010924
0.000109575
0.00010936
0.00010879
0.00010882
0.0001091
0.000108725
0.000108765
0.00010864
0.000108815
0.00010863
0.00010865
0.00010852
0.00010856
0.000108545
0.00010781
0.000108185
0.000107935
0.00010752
0.000107735
0.000107945
0.000107865
0.000107705
0.00010732
0.000108125
0.00010774
0.00010774
0.000108235
0.000108235
0.000108235
0.00010824
0.000108235
0.000108235
0.000108235
0.00010858
0.000107635
0.00010792
0.00010815
0.000108135
0.000108185
0.000109095
0.00010893
0.00010859
0.000108425
0.000107535
0.000108255
0.000108375
0.000108365
0.000108365
0.000108235
0.00010832
0.000108545
0.00010855
0.0001091
0.000109585
0.00010959
0.000108405
0.00010837
0.00010759
0.000107595
0.00010755
0.00010756
0.00010837
0.000108395
0.00010828
0.000109525
0.000108405
0.00010966
0.000108885
0.000109605
0.0001088
0.000109025
0.00010851
0.000109015
0.00010946
0.000109055
0.000109055
0.000109495
0.000109135
0.000109495
0.00010964
0.00010964
0.00010969
0.00010964
0.00010974
0.0001096
0.000109695
0.000109785
0.00010979
0.00010979
0.00010979
0.00010979
0.00010979
0.00010979
0.00010979
0.00010979
0.00010908
0.000108795
0.00010971
0.00010971
0.00010971
0.00010971
0.00010971
0.00010971
0.00010971
0.00010971
0.000109665
0.000109665
0.000109445
0.000109445
0.00010971
0.00011021
0.000110895
0.00011094
0.00011134
0.000110515
0.000110645
0.00011148
0.000111475
0.00011147
0.00011175
0.000111755
0.000112465
0.000112655
0.000112785
0.000113215
0.00011341
0.00011412
0.00011469
0.000114685
0.00011498
0.000114695
0.000114695
0.000114695
0.0001147
0.00011416
0.00011419
0.00011329
0.00011398
0.00011298
0.000113185
0.00011155
0.00011307
0.00011282
0.000112585
0.00011173
0.00011173
0.000112815
0.000114095
0.000114355
0.00011436
0.000114185
0.00011413
0.00011354
0.00011305
0.00011305
0.00011404
0.000114015
0.000113985
0.000114805
0.00011392
0.00011383
0.00011381
0.000113865
0.000114235
0.000114005
0.00011425
0.000114235
0.00011456
0.00011449
0.00011447
0.00011449
0.00011449
0.00011417
0.000114205
0.0001145
0.000115155
0.000114665
0.000113835
0.00011347
0.000113395
0.000113485
0.00011331
0.00011331
0.000113295
0.000113295
0.00011329
0.00011276
0.000112765
0.000112095
0.000112775
0.00011272
0.000112145
0.000112145
0.000111835
0.000111825
0.00011084
0.00011109
0.000110935
0.000110215
0.000110215
0.000110765
0.000110895
0.00011189
0.00011215
0.00011209
0.000112215
0.00011221
0.000112235
0.000112365
0.00011228
0.000112605
0.0001127
0.0001128
0.00011255
0.000112305
0.00011225
0.00011228
0.000112285
0.000112285
0.000112235
0.000112235
0.000112235
0.00011222
0.00011222
0.00011215
0.000112135
0.000112135
0.00011231
0.000112325
0.000112325
0.000112325
0.000112325
0.0001128
0.000113065
0.000113365
0.000113365
0.000112805
0.00011305
0.000112325
0.000112825
0.000113
0.000112225
0.00011213
0.00011212
0.00011222
0.00011208
0.00011245
0.00011311
0.000112605
0.00011318
0.000113305
0.000113315
0.000113525
0.00011367
0.000113895
0.000113895
0.000113665
0.00011367
0.000112595
0.000112805
0.00011313
0.000114095
0.00011401
0.00011365
0.000114365
0.00011397
0.00011398
0.00011431
0.00011433
0.00011431
0.00011431
0.000114315
0.00011475
0.000114795
0.00011495
0.000115015
0.000115115
0.00011513
0.00011552
0.00011679
0.000116635
0.000116655
0.00011791
0.000117285
0.000117745
0.000117025
0.00011775
0.000117995
0.000118695
0.0001185
0.00011885
0.00011896
0.00011979
0.0001217
0.000121995
0.000122995
0.0001221
0.00012209
0.00012209
0.000122045
0.00012209
0.00012208
0.000122075
0.000121715
0.000121285
0.00012068
0.000119935
0.000120255
0.0001201
0.00012118
0.00011995
0.00011978
0.00011978
0.00011999
0.000121755
0.00012128
0.0001214
0.000122825
0.00012311
0.000123115
0.000123125
0.0001234
0.000124045
0.000123555
0.00012359
0.000123705
0.000123895
0.000124045
0.000124045
0.00012407
0.000123705
0.0001238
0.000123385
0.00012299
0.00012312
0.00012301
0.00011999
0.00012189
0.00012054
0.000121895
0.000121765
0.00012185
0.00012183
0.000123285
0.00012328
0.000121995
0.000122135
0.00012206
0.00012229
0.000122445
0.00012255
0.00012265
0.000122685
0.000122735
0.000122735
0.000123275
0.000122745
0.000122205
0.000122735
0.000122105
0.000121435
0.00012041
0.00012003
0.000119815
0.000119515
0.000119005
0.0001186
0.000118555
0.00011857
0.00011856
0.00011865
0.000118545
0.000118195
0.00011823
0.000118145
0.000118145
0.000118155
0.00011851
0.00011808
0.00011809
0.000117065
0.000116875
0.00011689
0.00011689
0.000116735
0.00011674
0.0001167
0.00011799
0.00011759
0.00011924
0.00011888
0.00011877
0.00011896
0.00011913
0.000120215
0.000119625
0.00011964
0.00011962
0.00011962
0.00011962
0.000119435
0.000119625
0.000119625
0.000119625
0.000119585
0.00011937
0.00011868
0.000118665
0.00011874
0.00011787
0.00011796
0.00011891
0.00011904
0.00011999
0.00011999
0.0001205
0.00011977
0.000120165
0.00012003
0.0001204
0.00012056
0.000121335
0.000122955
0.000123245
0.00012325
0.000123785
0.000124655
0.000124655
0.00012475
0.00012475
0.00012473
0.000124065
0.000123935
0.0001229
0.00012277
0.00012336
0.000121255
0.000121985
0.000121815
0.000120565
0.00012057
0.00012148
0.00012136
0.00012135
0.00012223
0.000121485
0.000122975
0.000123015
0.00012399
0.00012288
0.00012305
0.000123375
0.00012425
0.00012425
0.000124265
0.000123035
0.000123065
0.000123
0.00012294
0.000122055
0.000122055
0.000123335
0.000122315
0.000122115
0.000122115
0.000121705
0.00012056
0.000120625
0.000121485
0.000121395
0.00012127
0.0001211
0.000120995
0.00012088
0.000121005
0.000120995
0.000120995
0.000121465
0.00012108
0.00012108
0.00012108
0.00012108
0.00012108
0.00012061
0.00012061
0.00012036
0.000119835
0.000119835
0.000119835
0.00012014
0.00012014
0.00012016
0.000120155
0.00012016
0.000120925
0.000120935
0.000121015
0.000120875
0.00012082
0.00012021
0.00012071
0.000120755
0.00012079
0.00012079
0.000120775
0.00012183
0.000120745
0.0001207
0.000120685
0.00012067
0.0001207
0.0001207
0.000120675
0.00012071
0.000121425
0.00012142
0.00012142
0.00012059
0.000120505
0.000120505
0.00011982
0.00012166
0.00012166
0.00012166
0.00012166
0.00012165
0.000121645
0.000121195
0.00012131
0.000122225
0.0001222
0.00012125
0.00012123
0.000121165
0.00012116
0.00012119
0.00012113
0.00012114
0.000121095
0.00012112
0.000121165
0.000121385
0.00012009
0.000120085
0.00012092
0.000120965
0.00012122
0.000121355
0.00012137
0.00012137
0.00012232
0.00012157
0.000121735
0.000122195
0.00012193
0.000121575
0.00012224
0.00012237
0.0001224
0.000124245
0.000123295
0.000123765
0.00012412
0.000124435
0.000124435
0.00012468
0.00012468
0.00012469
0.000124705
0.000124705
0.000124705
0.0001251
0.000125105
0.000125205
0.000125205
0.000125205
0.000125205
0.000125205
0.000125205
0.00012488
0.00012488
0.000124875
0.000122485
0.00012229
0.00012373
0.000123675
0.00012381
0.000123755
0.000123785
0.000123885
0.00012389
0.00012401
0.000124235
0.00012443
0.000124605
0.00012485
0.000125105
0.000125105
0.000125105
0.00012452
0.000124405
0.000124595
0.00012455
0.00012458
0.000124575
0.00012448
0.000124535
0.000124535
0.000124605
0.00012461
0.000124005
0.00012461
0.000125295
0.00012543
0.00012543
0.00012456
0.00012456
0.00012456
0.00012456
0.000124565
0.000124545
0.0001244
0.00012439
0.00012439
0.000123875
0.000122845
0.000122835
0.000122855
0.00012312
0.000123375
0.000123275
0.00012284
0.000122855
0.00012221
0.000116655
0.000117375
0.000118255
0.00011937
0.00011956
0.00011956
0.000120035
0.000120015
0.00011956
0.00011956
0.00011956
0.000119085
0.00011954
0.00011953
0.000119515
0.00011753
0.00011719
0.00011718
0.00011817
0.000117765
0.00011831
0.000117185
0.00011624
0.000116355
0.00011673
0.00011561
0.000115775
0.00011576
0.00011448
0.00011371
0.000113875
0.000113875
0.000112885
0.000113825
0.000114505
0.000113815
0.00011382
0.000113845
0.000113985
0.000114585
0.000115505
0.00011543
0.00011534
0.00011528
0.000115325
0.000115315
0.00011534
0.000115305
0.000115505
0.00011572
0.000115745
0.000115525
0.000115005
0.000114985
0.000115
0.000115
0.000115
0.000115
0.000115455
0.000115345
0.000115295
0.000115205
0.000115545
0.000115715
0.00011575
0.00011632
0.000115795
0.000115795
0.000116945
0.000116665
0.000117715
0.00011694
0.000116775
0.00011706
0.00011705
0.00011679
0.00011679
0.00011679
0.00011679
0.00011679
0.00011679
0.00011679
0.0001165
0.0001165
0.0001165
0.0001165
0.0001165
0.0001165
0.0001165
0.00011649
0.000116495
0.000116495
0.0001165
0.0001165
0.00011674
0.000116485
0.000116475
0.000116475
0.000116475
0.000116475
0.00011647
0.00011647
0.00011679
0.00011677
0.000116015
0.000116015
0.00011673
0.00011671
0.00011666
0.00011729
0.0001163
0.000116285
0.000115325
0.00011521
0.00011515
0.000115015
0.00011536
0.00011569
0.000115105
0.00011507
0.000114975
0.00011435
0.00011435
0.000114335
0.00011394
0.0001138
0.000113755
0.00011378
0.000113785
0.00011382
0.00011377
0.000113865
0.00011513
0.00011391
0.000113875
0.00011384
0.00011384
0.00011386
0.000113795
0.00011388
0.000113805
0.00011383
0.000115105
0.000115115
0.000114335
0.000114255
0.00011397
0.00011382
0.000113645
0.00011374
0.00011355
0.0001142
0.000114795
0.000115125
0.00011537
0.000115375
0.00011537
0.00011532
0.00011531
0.00011529
0.00011427
0.000114105
0.00011374
0.000113305
0.00011414
0.00011419
0.00011424
0.00011398
0.000114125
0.00011427
0.00011543
0.000115425
0.000115435
0.000115435
0.000115825
0.000115435
0.00011558
0.00011558
0.00011558
0.00011574
0.000115585
0.0001156
0.000115605
0.00011564
0.000115645
0.00011559
0.000115775
0.00011567
0.00011489
0.00011479
0.00011519
0.00011561
0.00011462
0.00011462
0.000114605
0.00011465
0.00011514
0.00011514
0.00011515
0.000115895
0.00011592
0.00011592
0.000115915
0.00011537
0.000115185
0.00011416
0.000114155
0.000114155
0.000114155
0.000114155
0.00011416
0.00011416
0.00011685
0.00011717
0.00011691
0.00011691
0.00011691
0.00011717
0.00011717
0.00011717
0.00011725
0.00011725
0.00011725
0.000117165
0.000117165
0.000117185
0.000117185
0.000117185
0.000117185
0.000117185
0.000117245
0.00011733
0.00011766
0.000117895
0.0001179
0.0001179
0.000117975
0.000118385
0.000118895
0.000118925
0.0001189
0.000118905
0.000119325
0.00011949
0.000119485
0.00011948
0.00011951
0.000119755
0.000119785
0.00011974
0.000119885
0.00011999
0.00012
0.000119835
0.000120235
0.00012068
0.00012082
0.00012082
0.00012082
0.00012082
0.00012071
0.00012049
0.00012049
0.000119355
0.000119355
0.000119145
0.000118565
0.000118475
0.000118475
0.00011852
0.000118995
0.000118985
0.000118645
0.00011865
0.00011865
0.00011865
0.000118395
0.0001188
0.00011875
0.000118775
0.00011872
0.000118025
0.000118025
0.000118025
0.00011802
0.000116405
0.000117035
0.000117125
0.000116985
0.000116985
0.00011686
0.000117245
0.000117245
0.00011725
0.000117495
0.000117495
0.000117495
0.000117495
0.000117495
0.000117495
0.000117495
0.000116855
0.000116815
0.000116875
0.000116945
0.00011695
0.000116955
0.000116955
0.000116965
0.000116965
0.000116995
0.000116945
0.00011692
0.000117085
0.00011722
0.00011764
0.00011734
0.00011895
0.000119225
0.000119185
0.000119175
0.0001192
0.0001192
0.000119485
0.000119475
0.000119405
0.00011901
0.00011817
0.00011822
0.000117745
0.00011801
0.00011778
0.00011792
0.000118555
0.00011856
0.00011856
0.000119155
0.000119155
0.000119155
0.00011915
0.00011915
0.000119095
0.000119145
0.000119135
0.00011826
0.000118795
0.00011838
0.000117545
0.000119645
0.000118675
0.000118655
0.000118605
0.00011736
0.00011736
0.00011737
0.00011738
0.00011738
0.00011643
0.000116395
0.000116395
0.000116395
0.000116455
0.000116395
0.000116395
0.000116395
0.000116395
0.000116405
0.000116405
0.00011641
0.000116275
0.00011549
0.00011506
0.000114945
0.00011409
0.00011557
0.000114065
0.00011404
0.000113995
0.000114045
0.000115295
0.000115195
0.00011529
0.000115385
0.000114295
0.00011534
0.00011534
0.00011558
0.00011622
0.000116375
0.00011645
0.000116605
0.000116605
0.000116225
0.000116225
0.000116225
0.000116225
0.000116225
0.00011585
0.000115745
0.000115725
0.000116205
0.00011588
0.000115865
0.000115865
0.0001159
0.0001159
0.0001159
0.00011589
0.00011589
0.00011589
0.000115895
0.000115895
0.000115935
0.000116875
0.000117725
0.000117725
0.000117875
0.0001169
0.00011842
0.00011843
0.000117935
0.000117825
0.00011692
0.00011648
0.00011698
0.000116875
0.000116695
0.00011701
0.00011743
0.00011663
0.000116685
0.00011651
0.00011651
0.000117
0.000116985
0.000116735
0.000116755
0.000117085
0.000116985
0.000116985
0.000116985
0.000117485
0.000117
0.000117
0.000117
0.000116995
0.000117495
0.000117495
0.000117995
0.000117505
0.000116545
0.00011641
0.00011601
0.00011589
0.000115615
0.000115615
0.00011559
0.00011559
0.000115165
0.000115165
0.000115165
0.000115165
0.00011534
0.000115345
0.00011534
0.00011534
0.00011638
0.00011637
0.000116335
0.00011575
0.00011525
0.000114755
0.000114755
0.00011475
0.000115665
0.00011433
0.00011469
0.00011473
0.00011471
0.000114625
0.000114575
0.00011449
0.000114385
0.00011428
0.00011407
0.000114225
0.00011431
0.00011427
0.00011416
0.00011412
0.00011412
0.00011413
0.00011418
0.00011417
0.000114245
0.000114175
0.000114175
0.00011278
0.00011318
0.000113285
0.000113215
0.000113215
0.00011323
0.00011369
0.00011369
0.00011369
0.00011375
0.00011379
0.00011392
0.000114085
0.00011373
0.000113975
0.000114085
0.00011287
0.0001134
0.000113315
0.000113335
0.00011333
0.00011323
0.00011316
0.000112935
0.00011306
0.000112755
0.00011255
0.000112505
0.000112425
0.00011243
0.00011243
0.00011288
0.000112885
0.000112885
0.000112475
0.00011246
0.000111925
0.000111825
0.00011176
0.00011155
0.000111325
0.000111235
0.00011083
0.00011082
0.000111025
0.00011095
0.000110985
0.000110545
0.00011055
0.00011028
0.0001105
0.00011048
0.000110485
0.00011055
0.00011055
0.00011055
0.00011052
0.00011053
0.000110535
0.00011065
0.00011095
0.00011068
0.0001113
0.000110805
0.0001109
0.000111885
0.000111875
0.000111955
0.00011207
0.00011257
0.00011266
0.00011267
0.00011366
0.00011365
0.00011375
0.000114115
0.000114125
0.00011424
0.00011424
0.00011424
0.00011424
0.00011424
0.00011424
0.000114105
0.00011413
0.000114035
0.000113305
0.0001133
0.000113315
0.00011266
0.000113095
0.000113095
0.000112545
0.00011195
0.000112275
0.000113765
0.00011189
0.00011146
0.000111415
0.00011011
0.00011134
0.000109055
0.000108065
0.00011117
0.0001112
0.00010862
0.000109515
0.000109595
0.000109745
0.000109335
0.00010884
0.00010891
0.000109
0.000106735
0.00010878
0.0001077
0.0001078
0.000107645
0.00010794
0.00010799
0.00010829
0.00010876
0.00010885
0.00010972
0.00011057
0.00011103
0.000112325
0.00011236
0.000112005
0.000111475
0.000112195
0.000111535
0.000111605
0.00011152
0.000112095
0.000111645
0.00011099
0.00011091
0.000111595
0.00011153
0.000110715
0.00011073
0.000111345
0.000111215
0.00011073
0.000111175
0.000110515
0.00011051
0.000110545
0.00011054
0.00011056
0.000110585
0.000110585
0.00011057
0.000110605
0.00011119
0.0001112
0.0001112
0.0001112
0.000111625
0.000111905
0.0001121
0.00011256
0.000112355
0.000112555
0.000112355
0.00011236
0.000112365
0.00011264
0.00011264
0.00011264
0.00011264
0.00011265
0.000112645
0.000112645
0.000112645
0.000112645
0.000112645
0.00011266
0.000112625
0.000112435
0.000111725
0.000111585
0.000111545
0.00011156
0.000111575
0.0001116
0.0001116
0.000111595
0.000111745
0.00011158
0.000111525
0.000111945
0.000111525
0.00011152
0.00011152
0.000111945
0.000111945
0.000111945
0.000111945
0.000111945
0.000111945
0.000111205
0.000111205
0.000111525
0.000111575
0.00011151
0.0001114
0.0001114
0.00011125
0.00011095
0.00011115
0.000110945
0.00011039
0.000111145
0.000111085
0.00011031
0.00011016
0.000110355
0.000111045
0.000110165
0.000110155
0.00011015
0.00011015
0.000109885
0.000109905
0.00011
0.0001099
0.00010993
0.00010993
0.000109935
0.000109935
0.00010993
0.00010993
0.00010993
0.00010993
0.000109935
0.0001099
0.000109925
