0.0172574
0.01726288
0.01735537
0.0172884
0.017288885
0.017289465
0.01729002
0.01735677
0.01735689
0.01735686
0.01735721
0.017357215
0.01729438
0.01728904
0.017282805
0.01728228
0.017281835
0.017282435
0.017282025
0.017247055
0.01725213
0.017257045
0.017257005
0.017256965
0.01725676
0.017256545
0.01725617
0.017134475
0.017255395
0.01725489
0.017254325
0.017253675
0.017240855
0.017245495
0.017252245
0.017252535
0.017258075
0.01728442
0.01730924
0.01730897
0.017308755
0.017308555
0.017283195
0.0172022
0.01720164
0.017167195
0.017167235
0.017167235
0.017167235
0.01723375
0.017186675
0.017186155
0.017106695
0.017106695
0.017185745
0.017185225
0.017184665
0.017002725
0.01712118
0.0169805
0.01698584
0.016986115
0.01691831
0.01709994
0.017099955
0.017099955
0.016987645
0.016988
0.01698842
0.016989005
0.017099995
0.016995185
0.017000715
0.017001285
0.01700191
0.01700252
0.0170029
0.017008445
0.01700898
0.01700951
0.01701018
0.01701573
0.01701624
0.01705
0.01705
0.01696706
0.01696759
0.01696816
0.017018425
0.017019045
0.01702464
0.0170252
0.017025715
0.017026285
0.017026855
0.017027455
0.017028085
0.017104805
0.017105335
0.01710592
0.017121165
0.01717798
0.01715054
0.01715089
0.017322475
0.017152575
0.017153255
0.017153835
0.01716865
0.017200325
0.017205725
0.01720628
0.01721174
0.017212245
0.017212715
0.01721333
0.01721504
0.01721753
0.01721819
0.017219345
0.01722523
0.01724508
0.01724528
0.01729239
0.017292885
0.01729335
0.01729353
0.01729368
0.01724715
0.017247335
0.017247515
0.017247705
0.017247875
0.01724804
0.01729406
0.01729407
0.017294035
0.01729396
0.01729393
0.017293915
0.017292875
0.01729296
0.017295225
0.017295415
0.01729498
0.01729518
0.017300395
0.017300545
0.01730074
0.017300965
0.017301165
0.017306275
0.017295075
0.017300235
0.017300375
0.01730559
0.01731432
0.017337475
0.017337885
0.01733801
0.017338275
0.017338905
0.0173395
0.01734007
0.017340695
0.01734141
0.017341995
0.017342515
0.017289225
0.017289795
0.017371725
0.01738551
0.01738552
0.017385565
0.017385195
0.01738484
0.01738458
0.01738482
0.017384705
0.01745514
0.01745507
0.01745521
0.01751028
0.01751028
0.01745521
0.01751028
0.01751028
0.01733252
0.01738545
0.01738601
0.017386525
0.017390295
0.017390885
0.017391185
0.017391455
0.01739145
0.01739103
0.017390785
0.017390595
0.017390395
0.01739025
0.01739075
0.017390925
0.017391305
0.01739439
0.01739437
0.017395
0.017395395
0.01739591
0.017401435
0.017402005
0.01740239
0.01740294
0.01745344
0.017453365
0.01745337
0.017453305
0.01745338
0.017453385
0.017453225
0.017452695
0.01745215
0.0174534
0.01745313
0.017452605
0.01745259
0.0174539
0.01745327
0.017453405
0.01745341
0.0174534
0.0174534
0.01745341
0.017453445
0.017453465
0.017453405
0.017453405
0.017453395
0.017453385
0.01741509
0.01745339
0.017453395
0.017453395
0.017453415
0.01745342
0.01745367
0.017454155
0.01745435
0.017454865
0.01745539
0.017455825
0.017456355
0.01745696
0.017324095
0.01730261
0.017303115
0.01730328
0.017303425
0.01730362
0.017303625
0.017303885
0.017304085
0.017304185
0.017304045
0.01730402
0.01730458
0.017304805
0.017305005
0.0173937
0.0173937
0.017303575
0.017303575
0.017303575
0.017303305
0.01730301
0.01730294
0.017303305
0.01730333
0.017303085
0.01730328
0.01730311
0.017303355
0.017303705
0.017303575
0.01734128
0.017311625
0.017305355
0.01730315
0.01730066
0.01730013
0.017299645
0.01729906
0.01729843
0.01728
0.01727942
0.01733635
0.01727481
0.017274255
0.01722874
0.01715972
0.0171596
0.017164615
0.01716472
0.01711082
0.017111295
0.017111765
0.017112315
0.01711284
0.01711232
0.01710508
0.017105075
0.01710557
0.0171061
0.017197735
0.017197735
0.017197735
0.01719773
0.01719773
0.01719775
0.017197725
0.01719775
0.01719775
0.01719775
0.01719775
0.01719775
0.01719775
0.01719775
0.01719775
0.01719775
0.01730806
0.017307535
0.01719775
0.01719775
0.01719775
0.01719775
0.01730428
0.017303805
0.017304265
0.01730484
0.017305455
0.01730605
0.017306665
0.01730724
0.017307885
0.01730853
0.017309145
0.017309825
0.017310465
0.01731207
0.01733101
0.017317995
0.017317995
0.017317995
0.017317995
0.017331135
0.01733173
0.01733211
0.017332105
0.01733198
0.01737351
0.01737299
0.017350325
0.017349915
0.017307675
0.01730739
0.017301055
0.017300745
0.01730049
0.01729996
0.017299415
0.017298915
0.017298355
0.017297795
0.01729966
0.01729989
0.01730031
0.01730086
0.01730074
0.01730148
0.01730159
0.017301415
0.017301465
0.017306855
0.01730717
0.0173074
0.01725499
0.017307915
0.01735164
0.01740235
0.01740235
0.01740235
0.01740329
0.017403285
0.017403285
0.017403285
0.017403285
0.017403285
0.017403285
0.017402375
0.017402375
0.017402375
0.017405495
0.017405495
0.017405495
0.017405495
0.017405495
0.017405495
0.01746
0.01746
0.01746
0.01746
0.0174601
0.017539395
0.017539395
0.017539395
0.01756058
0.01758155
0.0175951
0.01759809
0.01759809
0.017595125
0.01759513
0.01759513
0.01759534
0.01759429
0.01759429
0.01759559
0.017502405
0.017502975
0.017503495
0.01750406
0.017504625
0.01750521
0.017505725
0.017506155
0.01750665
0.017507105
0.017507635
0.01750819
0.01750872
0.01750883
0.017506975
0.017507515
0.017507
0.017506995
0.01750673
0.01750596
0.01749862
0.017497255
0.01745567
0.017498325
0.017491295
0.017465745
0.017450795
0.017325095
0.017260905
0.01732612
0.017361875
0.01736235
0.017362355
0.017362355
0.01736233
0.017362335
0.017362345
0.017362345
0.01736234
0.01736234
0.017362335
0.01736233
0.01736233
0.01736233
0.017386
0.017386045
0.017386055
0.01738594
0.01743062
0.01743062
0.01729875
0.017364345
0.01719702
0.017197
0.017197985
0.0171924
0.01719191
0.01718638
0.01718583
0.017185315
0.017184815
0.01717347
0.017173095
0.017168065
0.01716271
0.01717896
0.017178735
0.017161055
0.017160685
0.01716268
0.01721402
0.017183965
0.017184515
0.01718442
0.017183055
0.0171846
0.017185065
0.01718563
0.017185825
0.01718376
0.017183175
0.017147895
0.01714655
0.017146555
0.01708656
0.01708656
0.01708656
0.01699669
0.01714363
0.017143305
0.017143635
0.01714364
0.017143655
0.01714365
0.01714356
0.017191485
0.017190875
0.01715063
0.0171501
0.017190455
0.017012185
0.017012185
0.017045135
0.017044805
0.016981205
0.016987365
0.016992705
0.0169975
0.016997185
0.016998305
0.016998875
0.016999445
0.017000065
0.01700063
0.017001205
0.01700188
0.01707794
0.01717506
0.0171745
0.01717382
0.01695235
0.01708635
0.017086085
0.01709692
0.01712032
0.017120295
0.01714889
0.0172465
0.0172465
0.0172465
0.01725158
0.0172465
0.0172465
0.0172465
0.01729181
0.01729176
0.0172913
0.017291095
0.017285515
0.017285145
0.01727973
0.017279275
0.01706148
0.017235395
0.017234805
0.01703211
0.017032265
0.0170327
0.01703191
0.01703134
0.017030815
0.01703245
0.017032445
0.017032525
0.01703303
0.01703361
0.017034165
0.017034885
0.017035465
0.017036035
0.017036565
0.017037
0.017037245
0.01703745
0.01703761
0.017037815
0.017038
0.017038195
0.01704569
0.01704594
0.017046135
0.017046275
0.017046415
0.0170466
0.017046805
0.01704702
0.017047225
0.017047465
0.01704765
0.01704564
0.01704562
0.01704564
0.016977005
0.016977005
0.016977005
0.016977005
0.017045865
0.01705733
0.01705773
0.017045635
0.01705709
0.017057105
0.017057145
0.01705717
0.017056975
0.017057095
0.01703536
0.017034875
0.01703436
0.01703378
0.01703324
0.017032675
0.017003425
0.017003105
0.017002835
0.01700341
0.01700357
0.01700357
0.01695458
0.01695433
0.016988665
0.016988125
0.0169875
0.01695518
0.016959695
0.016964515
0.01696448
0.016969055
0.01695248
0.016957115
0.01697417
0.0169735
0.016967695
0.016949635
0.016944305
0.01694387
0.01691859
0.016899745
0.01683878
0.01683882
0.016811155
0.016810615
0.016810135
0.016809725
0.01683721
0.01689761
0.016897605
0.016837165
0.01683716
0.016837175
0.01683771
0.01683716
0.01683749
0.01683801
0.016838525
0.01683908
0.016839555
0.016840035
0.01684057
0.016841045
0.01684152
0.01684206
0.016950275
0.016950205
0.0169501
0.016949835
0.01694963
0.01694943
0.016944075
0.01694359
0.016943195
0.01690617
0.01690566
0.016905075
0.016904945
0.01690522
0.016850355
0.01685051
0.01679211
0.01679009
0.01690464
0.016866795
0.016827105
0.0168275
0.016827465
0.0168275
0.01682747
0.01682748
0.016827475
0.01677929
0.016781375
0.01682379
0.01679609
0.016795575
0.01679497
0.01679439
0.01679376
0.016793285
0.01677987
0.016764675
0.01676427
0.01671369
0.016713075
0.01671249
0.01671194
0.0167
0.0166994
0.016698835
0.016698335
0.016697755
0.01669732
0.0166974
0.01669773
0.016761335
0.0167611
0.016725455
0.016719655
0.0166751
0.0166501
0.0166501
0.016650415
0.016650975
0.0166765
0.01667499
0.016676315
0.01667457
0.01667404
0.0166251
0.016625125
0.016625275
0.01667905
0.01667937
0.01667991
0.01668041
0.01668097
0.016681195
0.016681705
0.016681985
0.01668183
0.016681825
0.01672482
0.016724275
0.016723745
0.016723155
0.016722705
0.016717305
0.016716835
0.016717305
0.016717825
0.01671315
0.016713465
0.016714005
0.01670953
0.016709995
0.01671048
0.016721015
0.01672151
0.01672198
0.01672229
0.016717665
0.016718145
0.01672892
0.01673408
0.016734165
0.01671797
0.01669542
0.01670009
0.016736975
0.016736455
0.01673591
0.016735385
0.01673482
0.01673434
0.016733835
0.01673332
0.016732735
0.0167322
0.016731625
0.01673113
0.016729955
0.016729945
0.01672965
0.01672947
0.016729435
0.016729255
0.01668
0.01668
0.01668
0.01668
0.01668
0.01668
0.01668
0.01668
0.01668
0.01668
0.01668
0.01668
0.01668
0.016680005
0.01662035
0.0166257
0.01662538
0.01663079
0.016631235
0.01663159
0.01663689
0.01680882
0.016808825
0.01680883
0.016808835
0.01680884
0.016808845
0.016698725
0.01679382
0.016785035
0.016793815
0.01679383
0.01687024
0.016870085
0.01676552
0.01676586
0.016766185
0.01676671
0.016767265
0.016772835
0.01677328
0.01677362
0.016773975
0.01677431
0.01678043
0.01678081
0.01678163
0.016782125
0.016782755
0.016788235
0.01678886
0.01678941
0.01679
0.01679551
0.01679588
0.016796605
0.016860765
0.01686076
0.016860985
0.01686141
0.01686187
0.016862435
0.01686216
0.016862245
0.01685777
0.016862155
0.01686216
0.016802775
0.016802775
0.016802775
0.016802775
0.016802775
0.016802775
0.01690251
0.01686974
0.016870295
0.01687082
0.0168758
0.016876015
0.016876225
0.016921535
0.016876435
0.01687674
0.01687687
0.016877265
0.016966405
0.016966235
0.01698357
0.016983015
0.016987585
0.016991975
0.016996475
0.017036905
0.017001355
0.017001115
0.01699516
0.016994835
0.016994285
0.016993755
0.01699322
0.016992645
0.0169661
0.016940845
0.0169405
0.0169348
0.01693432
0.016933945
0.01696778
0.01696718
0.01696667
0.01696602
0.01696048
0.01695992
0.016959395
0.01695887
0.01691829
0.0169
0.01685301
0.01676579
0.01676551
0.016711845
0.01671207
0.01671155
0.016717105
0.01674027
0.016895365
0.01670645
0.016711435
0.016799825
0.01671184
0.01671201
0.0167149
0.01679963
0.01679963
0.01679963
0.01679963
0.01679963
0.016799775
0.016799775
0.016913265
0.01691266
0.01691235
0.01691181
0.01691126
0.01691069
0.01691018
0.01690974
0.01690953
0.01692329
0.016922705
0.0169221
0.016921545
0.01692096
0.01692036
0.01691977
0.016919265
0.016918805
0.0169187
0.0169221
0.0169223
0.0169226
0.016922765
0.01692298
0.016923235
0.016923805
0.016924035
0.016924225
0.01692443
0.01692216
0.016921625
0.0169211
0.01692059
0.016920295
0.01690474
0.016904405
0.01690393
0.01690486
0.016836105
0.01683606
0.016835975
0.01683591
0.016835485
0.01683543
0.016835745
0.01683575
0.01683575
0.01683575
0.01683575
0.01683575
0.01683575
0.016835805
0.016835805
0.016835805
0.016835805
0.016835805
0.016835805
0.016835805
0.016835805
0.016835805
0.016835805
0.01683543
0.0168349
0.016834405
0.016813475
0.01681304
0.01681532
0.01681476
0.016814525
0.01681439
0.016815335
0.01681537
0.01681505
0.0168146
0.016814325
0.01681422
0.01681415
0.01681412
0.016814215
0.01681421
0.01681421
0.01681421
0.016814205
0.016870035
0.016815235
0.016814705
0.01681538
0.01681515
0.01681538
0.01681536
0.01679373
0.01679399
0.01679395
0.01679395
0.01679392
0.016793955
0.01679431
0.01679487
0.016795475
0.01679602
0.01679658
0.01679705
0.016797345
0.016797885
0.01679843
0.016799265
0.016799835
0.01680037
0.016800915
0.01680143
0.01680204
0.01680267
0.016803285
0.01680383
0.016809335
0.01680994
0.016810475
0.016932545
0.016938065
0.016938625
0.016939255
0.01693995
0.016940545
0.0169461
0.017132105
0.016965135
0.016965715
0.016971185
0.01700911
0.017009595
0.01701018
0.017010745
0.0170113
0.01707548
0.017076045
0.017217335
0.01721731
0.017217335
0.017124855
0.017125475
0.017125985
0.01712654
0.017127065
0.01713255
0.017133195
0.01713374
0.01713431
0.01713494
0.01713555
0.017136095
0.017136495
0.01713629
0.01720105
0.017168845
0.017169375
0.01716972
0.017170275
0.01720528
0.01725282
0.01720922
0.017189765
0.01719035
0.0172109
0.017214995
0.017220475
0.017226035
0.0172316
0.017279465
0.01727963
0.017279895
0.01728495
0.01728994
0.017289435
0.017277155
0.0172766
0.017163005
0.01724762
0.01724707
0.017246505
0.01724607
0.017245525
0.017244505
0.01724399
0.017243165
0.017142235
0.017133235
0.01713271
0.017132185
0.01713166
0.017052345
0.017101955
0.017101785
0.017062505
0.017062505
0.017062385
0.01695439
0.016954645
0.01695488
0.016992365
0.016992365
0.017017365
0.017017365
0.017060155
0.017064045
0.017068635
0.01706836
0.017068325
0.017068355
0.01706832
0.017073325
0.01707304
0.01694776
0.016997745
0.01699795
0.017003155
0.017002965
0.01700318
0.017003295
0.017003355
0.01700338
0.016997
0.016996485
0.017001865
0.01700133
0.01700072
0.017000165
0.01699959
0.016998985
0.01699835
0.01699791
0.01699732
0.016996765
0.0169962
0.016907405
0.016907405
0.016907405
0.016907405
0.016907405
0.016907405
0.016907405
0.01699422
0.016994005
0.01699381
0.016993605
0.016953875
0.016901445
0.016897745
0.016897745
0.016897745
0.01682637
0.016830645
0.01684645
0.01684679
0.016846205
0.0168462
0.016830215
0.01683073
0.016836265
0.016841765
0.01684234
0.016765315
0.016776405
0.016799965
0.0168531
0.01685265
0.016817295
0.01679989
0.01679987
0.016799485
0.016712915
0.016712915
0.016669445
0.016669675
0.01666975
0.01666984
0.01667004
0.01667018
0.01666957
0.016753055
0.016752555
0.01674696
0.016751495
0.016751185
0.016740555
0.016745195
0.01674485
0.016739225
0.016738735
0.01673815
0.01673262
0.016724495
0.016664595
0.01657476
0.01657474
0.016574825
0.01657472
0.01662967
0.01662911
0.0166286
0.01662801
0.01662749
0.016540205
0.016540205
0.016540205
0.016540205
0.016540205
0.016540205
0.01662441
0.016688055
0.016687535
0.016447885
0.016447225
0.01649113
0.016491125
0.016447225
0.01638178
0.01635093
0.01635041
0.01635055
0.016345435
0.016356025
0.01636151
0.01636204
0.01649479
0.016435175
0.016435425
0.01643519
0.016519005
0.01643567
0.016435105
0.01646034
0.01645969
0.016433285
0.016432775
0.016432415
0.016431885
0.0164316
0.016431125
0.016430905
0.016430875
0.016431225
0.01643119
0.016430985
0.01642957
0.01642935
0.016429315
0.01642873
0.016431695
0.016431685
0.0164317
0.016431405
0.016431045
0.01643077
0.01643162
0.01642955
0.01642935
0.016429345
0.01642904
0.016430655
0.01643097
0.016430905
0.01643048
0.01642904
0.016429405
0.01641706
0.016417515
0.016393105
0.01639329
0.01639116
0.016391705
0.01639068
0.016390645
0.01639329
0.016393295
0.01639329
0.01639329
0.01639329
0.016393285
0.01639301
0.01637826
0.016212735
0.016212735
0.016212735
0.016182245
0.016182235
0.016182215
0.01616017
0.016160175
0.01616017
0.016160175
0.016164975
0.01616497
0.01616497
0.016199905
0.016164965
0.01616496
0.01616496
0.016164955
0.016165125
0.016165265
0.01616545
0.016292465
0.01629745
0.016297415
0.01629744
0.01630238
0.016307355
0.016313675
0.016284045
0.016288795
0.01628821
0.01625191
0.016248945
0.016248525
0.0161213
0.01612129
0.016121295
0.016121295
0.016121295
0.016121295
0.0161213
0.016121115
0.0161213
0.016121295
0.016115595
0.016115595
0.016106295
0.0161063
0.0161063
0.0161063
0.0161063
0.0161063
0.0161063
0.0161063
0.0161063
0.0161063
0.016106295
0.016106295
0.01610614
0.0161063
0.0161063
0.016142585
0.016142585
0.0161063
0.016106305
0.0161063
0.0161063
0.0161063
0.0161063
0.016106265
0.01610605
0.016105545
0.016105105
0.016075875
0.0160762
0.01607605
0.016076085
0.01607559
0.016075335
0.01607608
0.016076075
0.016075915
0.01607536
0.016075145
0.016074915
0.016054995
0.016054345
0.016053785
0.01605322
0.016052635
0.016052105
0.016051565
0.01605142
0.01605128
0.016051045
0.01605083
0.01605062
0.01605061
0.0160506
0.016050595
0.01598928
0.01594942
0.01589466
0.0158947
0.0158947
0.01594371
0.01594413
0.01594404
0.01594392
0.015849365
0.01585467
0.01587369
0.015853965
0.015832275
0.015852995
0.01585275
0.01584531
0.01585012
0.01585005
0.015855025
0.015855005
0.015859885
0.01585987
0.01587799
0.01587774
0.015877475
0.01585904
0.01585892
0.01585889
0.015858835
0.01584154
0.015820005
0.015794875
0.015668935
0.015668935
0.015636105
0.01563617
0.01563614
0.015636165
0.0156495
0.015616665
0.015616665
0.015616665
0.01561667
0.015616675
0.01563617
0.01570166
0.01570181
0.01570209
0.01570245
0.015749975
0.015705835
0.01572505
0.01573006
0.01572987
0.015794425
0.01579442
0.015799395
0.015799505
0.015799485
0.015799465
0.015804295
0.01580426
0.01580922
0.015809155
0.01580915
0.01580923
0.015809135
0.015809
0.01580887
0.015776215
0.015776145
0.01577605
0.015757015
0.015761375
0.01575154
0.015717675
0.01563228
0.01563228
0.015716885
0.01571602
0.01565998
0.01566
0.015709365
0.01575079
0.015750935
0.015790785
0.015790635
0.015790705
0.01579053
0.01579104
0.01579124
0.015819415
0.01581962
0.01581981
0.01581997
0.01582015
0.015796995
0.01579702
0.01579695
0.01581306
0.015812815
0.015812555
0.015812375
0.015799895
0.01579978
0.01566
0.015660005
0.01566
0.015626495
0.015605835
0.01561081
0.01558579
0.01558579
0.015585785
0.01558078
0.01558081
0.01558087
0.01558099
0.015586065
0.01558607
0.01570912
0.015611255
0.015522525
0.01561109
0.015610945
0.01561081
0.015522075
0.015522075
0.015517055
0.015698325
0.01568591
0.01567594
0.015675775
0.015675795
0.01567534
0.015522595
0.01567425
0.015673915
0.01567361
0.01567314
0.01567266
0.015672515
0.01567233
0.015672155
0.01567202
0.015671775
0.015676665
0.015663445
0.01565826
0.015658035
0.015611175
0.01561104
0.01555578
0.01555573
0.01555569
0.015555675
0.01555568
0.015550045
0.01564703
0.01567205
0.015672105
0.015677145
0.01567727
0.015672865
0.01566814
0.01567341
0.01567385
0.015679025
0.015679325
0.015679495
0.0156797
0.015677875
0.01567804
0.01567832
0.015678405
0.01567807
0.015699435
0.015800425
0.01580043
0.015800425
0.015874345
0.01587433
0.015874315
0.015874315
0.01587431
0.01587433
0.015874355
0.01585391
0.01582588
0.01574004
0.015854015
0.01585388
0.01585376
0.015814175
0.01581437
0.01581461
0.015814865
0.015815125
0.015815375
0.01581562
0.01581581
0.01581591
0.015816185
0.015816455
0.01581679
0.01586164
0.015861405
0.015861255
0.015861075
0.015860935
0.015863805
0.015863775
0.015863535
0.01586333
0.01586314
0.01586294
0.015862765
0.015837565
0.01583732
0.01583712
0.015836875
0.01583664
0.015836415
0.015836025
0.015835535
0.015834985
0.015834435
0.015833855
0.01578
0.015833155
0.015824985
0.015801495
0.015755535
0.01575531
0.015751665
0.01561601
0.015746125
0.01574592
0.015745675
0.0157455
0.01574436
0.015743925
0.015743015
0.015742535
0.01574218
0.01578499
0.015784495
0.015740515
0.015745715
0.01562337
0.015745065
0.01580834
0.015617525
0.01568091
0.015681045
0.015680505
0.015685785
0.015680515
0.01561715
0.015616015
0.015612015
0.015684075
0.015683545
0.015680505
0.015680505
0.01574802
0.01574802
0.01568059
0.015763295
0.01569438
0.015695505
0.015696065
0.01570163
0.0157022
0.01570269
0.015703185
0.01570368
0.01578024
0.015880935
0.01588104
0.01588104
0.01588104
0.0157887
0.0157896
0.015790265
0.015800165
0.015800905
0.01580145
0.015802025
0.01580255
0.015808025
0.01580863
0.01580922
0.01580982
0.015810385
0.015816015
0.015847645
0.015848225
0.01589553
0.01589617
0.01589667
0.015897415
0.01589795
0.01589849
0.015899005
0.015899355
0.01589968
0.01590023
0.015918095
0.01592316
0.015922855
0.015922635
0.01592396
0.015924175
0.016017325
0.01607337
0.01607333
0.01607333
0.016073485
0.016074025
0.01607446
0.016074955
0.01607554
0.016081605
0.016189265
0.01618926
0.016189265
0.016189265
0.016189265
0.016189265
0.016117215
0.016132015
0.016132275
0.016261145
0.016260985
0.016151755
0.016136375
0.01619227
0.01619208
0.016141945
0.016147
0.016147205
0.016147035
0.01614673
0.01614608
0.016145575
0.01614513
0.016144955
0.016144995
0.016144575
0.016144145
0.01614879
0.016203135
0.01610671
0.01610675
0.016018555
0.01614664
0.01601842
0.0160068
0.01607909
0.016083775
0.016083445
0.016083115
0.016083075
0.01608281
0.01609836
0.01610361
0.01610331
0.01610319
0.0161029
0.016143645
0.01610289
0.01610427
0.016053255
0.01605325
0.01610879
0.016001775
0.01610245
0.016101935
0.016101495
0.0161012
0.016106115
0.016105995
0.01610628
0.01611169
0.016112195
0.016112375
0.016200105
0.016203775
0.01613456
0.01620376
0.016135195
0.0161355
0.01614098
0.016193715
0.016193715
0.016193715
0.016193715
0.016193715
0.016193715
0.016134215
0.0161343
0.01613975
0.01614003
0.01613956
0.016144915
0.01614542
0.01618549
0.016186075
0.0161846
0.01617984
0.016180245
0.01618024
0.016234025
0.01623852
0.016243425
0.0162436
0.01624353
0.016273715
0.01627913
0.01629019
0.016290705
0.016291255
0.016291785
0.016339785
0.016339785
0.016339785
0.01633968
0.01633966
0.0162251
0.016224765
0.016229225
0.016218705
0.016213285
0.01621282
0.016212075
0.016211815
0.016216755
0.01621637
0.01621635
0.016221655
0.016222025
0.01622896
0.01622908
0.01622105
0.0162054
0.0162054
0.016205345
0.01620498
0.01620487
0.01619973
0.016204445
0.01620444
0.01620446
0.016204245
0.016198515
0.01619829
0.01619804
0.01614297
0.01614299
0.016143025
0.016143
0.01614306
0.016143005
0.016254845
0.01619773
0.016197405
0.016198015
0.016204035
0.016253845
0.016228595
0.01622888
0.01622874
0.01619682
0.016196565
0.016207575
0.016207535
0.01620756
0.016217965
0.01623676
0.016241945
0.016242275
0.016242525
0.01626187
0.016262765
0.01626385
0.016373935
0.016371945
0.016363595
0.016376655
0.01637727
0.01642822
0.016508135
0.016513705
0.01665953
0.01674621
0.017048815
0.01724099
0.01738758
0.017409945
0.01744396
0.017479285
0.017492015
0.017565
0.017663565
0.01789757
0.017832825
0.01793902
0.018099515
0.01809755
0.01813091
0.018137045
0.018137265
0.018132045
0.018053345
0.018040605
0.01806213
0.018061845
0.01806171
0.018008795
0.017959005
0.018065985
0.01795909
0.017959055
0.018049675
0.01804449
0.018039545
0.018083415
0.01807806
0.018001705
0.017984195
0.017979775
0.01798528
0.0179853
0.017976905
0.017849375
0.017850275
0.017880595
0.017888325
0.01788815
0.017887825
0.01788757
0.01783886
0.01785
0.01786005
0.017904525
0.017942535
0.018022025
0.01800002
0.01800996
0.01800009
0.017999515
0.01804936
0.018049995
0.01800005
0.01800849
0.01805834
0.01805834
0.018058335
0.018058325
0.01805831
0.01805833
0.018058245
0.018025
0.018058315
0.018058295
0.018058155
0.01795006
0.018058305
0.0180582
0.0180583
0.018058215
0.01805
0.017950055
0.018044965
0.018132375
0.01805833
0.018008505
0.018086975
0.018102705
0.01812029
0.018130625
0.018438355
0.01845426
0.018431775
0.01843231
0.01863631
0.018680555
0.01869527
0.01869499
0.01867096
0.01862902
0.018628825
0.018593175
0.018593375
0.01859325
0.018485105
0.018608105
0.0184846
0.01848401
0.0184835
0.01843127
0.0183344
0.018334075
0.01833331
0.018226875
0.01817159
0.017917925
0.01766821
0.01774274
0.01774267
0.017702745
0.01770194
0.01761001
0.01754943
0.01770201
0.01766792
0.01768365
0.017899995
0.017835515
0.017835505
0.01783551
0.017810115
0.017820105
0.017780015
0.01789032
0.017889995
0.01788983
0.017889665
0.01788953
0.01788947
0.017889565
0.01788955
0.01788953
0.017888265
0.01788563
0.017882975
0.01788249
0.017882455
0.01789452
0.017887755
0.017887815
0.017882555
0.01788277
0.01788271
0.017887885
0.01788808
0.017888035
0.017888045
0.017888035
0.017887745
0.01785119
0.017846195
0.017846195
0.017846195
0.01794213
0.017888415
0.017983995
0.017888095
0.017972905
0.017990955
0.017990515
0.01799037
0.017977345
0.017977125
0.01799419
0.017989845
0.01795977
0.017968685
0.017968605
0.01796852
0.01795853
0.01792098
0.017792105
0.01792056
0.017908585
0.01790785
0.01776949
0.01771166
0.017691605
0.01769085
0.017335195
0.017330185
0.017330105
0.01728581
0.017295095
0.01731509
0.017240045
0.017195755
0.017160205
0.017105035
0.017105035
0.01710507
0.017105025
0.017105025
0.017061005
0.017092195
0.01725021
0.01724977
0.01724959
0.017249455
0.01724999
0.01732956
0.017330095
0.017330965
0.01733196
0.017337465
0.017463295
0.01738268
0.01738832
0.017399715
0.017405535
0.017405905
0.01740528
0.017425
0.0174255
0.01745672
0.01745709
0.017457615
0.01745822
0.01745873
0.01745915
0.01745957
0.017464825
0.017456995
0.017456945
0.017457155
0.0174573
0.0174575
0.01745741
0.01754671
0.017431465
0.01760434
0.017603725
0.017536745
0.017602695
0.017602175
0.01753713
0.017529595
0.01753423
0.017533655
0.01753312
0.01751117
0.017510515
0.01751007
0.01735702
0.01735705
0.017357025
0.017474145
0.017473805
0.017473875
0.01755346
0.01762424
0.01758888
0.01758904
0.017729505
0.017819315
0.01775314
0.01777927
0.017779695
0.01777921
0.01777466
0.0177349
0.01788468
0.01786681
0.017879995
0.01789999
0.0179007
0.017999945
0.017896175
0.01790162
0.017902
0.01789729
0.01788345
0.017765435
0.017720725
0.01772119
0.017765975
0.017788705
0.01775429
0.01770951
0.01772642
0.017726305
0.017754785
0.01773814
0.017739075
0.017739565
0.017750375
0.017746345
0.017754665
0.01774573
0.017858965
0.017774525
0.01777437
0.017774175
0.01777648
0.01774012
0.01773762
0.017737615
0.01773762
0.01773762
0.01784167
0.01757089
0.01769915
0.017779985
0.017698575
0.01770303
0.01766456
0.01766932
0.017543235
0.01754323
0.017599995
0.017725085
0.01766257
0.017595435
0.017595125
0.017594625
0.017594195
0.01755761
0.0175241
0.01750732
0.017225405
0.01719322
0.01720593
0.01755182
0.017349995
0.017424945
0.017424945
0.017424905
0.017424895
0.017424625
0.01742413
0.017423545
0.017423015
0.017422875
0.017423315
0.0175344
0.01754519
0.01756471
0.01757469
0.01757425
0.01735245
0.017505145
0.01750466
0.017504165
0.017503685
0.01749816
0.017497725
0.017497275
0.017496665
0.017495825
0.01749532
0.01742504
0.017416645
0.017458485
0.01745801
0.017389665
0.01737124
0.017321275
0.017321045
0.017320835
0.017320595
0.01732033
0.0173201
0.017319855
0.01731964
0.01731936
0.01731914
0.017318815
0.01731863
0.017318385
0.017318135
0.01731789
0.017317655
0.017310635
0.017310415
0.017296435
0.01729631
0.017288785
0.017288675
0.01728855
0.0173469
0.017346535
0.01728802
0.017287955
0.017286485
0.017254325
0.01726827
0.01720303
0.01720301
0.017202875
0.017157085
0.01723938
0.01728467
0.01728204
0.01728179
0.017281565
0.01728141
0.01728353
0.017283545
0.01731817
0.01731817
0.017317875
0.01732248
0.017322115
0.01729949
0.01729956
0.01729959
0.017299785
0.0172997
0.017305125
0.017306645
0.0173766
0.01747422
0.017479815
0.017480195
0.01748079
0.017542305
0.017542305
0.017542305
0.017480525
0.017442605
0.017442225
0.017441705
0.017341735
0.01739989
0.01737174
0.017340775
0.017399695
0.017399225
0.017398745
0.01739858
0.01739807
0.01734721
0.01734674
0.01734129
0.017340765
0.017340195
0.01712402
0.0172804
0.01727994
0.01728454
0.017284175
0.017287515
0.01729219
0.017292335
0.017292465
0.01729234
0.01729233
0.01729248
0.01729257
0.01729272
0.017293075
0.017293635
0.01729913
0.01729927
0.01729936
0.017304265
0.0173092
0.01730308
0.017302545
0.01730202
0.01730152
0.01730094
0.017300365
0.017299785
0.017270905
0.017270565
0.017269925
0.01726964
0.01727464
0.01727455
0.01727434
0.017268995
0.017268345
0.01726748
0.01717248
0.017172475
0.01726667
0.01726626
0.017271015
0.01730331
0.01730313
0.017265325
0.01726506
0.01726464
0.017144975
0.017137475
0.017137475
0.017137475
0.017137475
0.017137475
0.01713751
0.017137475
0.017137475
0.017137475
0.017137475
0.017128525
0.017128525
0.017103405
0.017113405
0.017095695
0.01710841
0.01720703
0.017211465
0.017205935
0.01720545
0.017205025
0.01720449
0.01715216
0.01714205
0.017142055
0.01714244
0.017142525
0.017142165
0.017142495
0.017142435
0.017147445
0.01714741
0.01714753
0.01714204
0.017142045
0.01714216
0.017142675
0.01715633
0.01715687
0.01720181
0.017157535
0.01715805
0.017158645
0.017158865
0.01715887
0.017158915
0.01715939
0.017158865
0.017158875
0.01715886
0.01715886
0.017191105
0.017243265
0.017243085
0.01724291
0.017127755
0.017197715
0.017197725
0.017197535
0.017197155
0.01722568
0.017285405
0.017284925
0.01728436
0.01730198
0.017301795
0.017302105
0.017388045
0.017388045
0.01738804
0.01738804
0.017388035
0.01746491
0.017464325
0.017464625
0.017466125
0.01746663
0.017471605
0.017521685
0.01762985
0.017530975
0.017597415
0.01759746
0.01759751
0.017595235
0.0175957
0.01759515
0.017598095
0.01759861
0.017599095
0.01759716
0.01759961
0.01762868
0.01762867
0.01759973
0.01757267
0.017600645
0.01760124
0.01759658
0.01759678
0.0176264
0.01762589
0.017625795
0.017656235
0.01765568
0.017656705
0.01765691
0.01765691
0.017656905
0.01765699
0.01772989
0.01772989
0.017726785
0.017729545
0.01772968
0.017824565
0.017824555
0.01782416
0.017734185
0.017678315
0.017678315
0.017733765
0.01773373
0.01782209
0.017821685
0.01782122
0.01782251
0.017734525
0.017734765
0.017734915
0.0177339
0.0177339
0.0177339
0.0177337
0.01773322
0.017732825
0.01773226
0.017720315
0.017699855
0.017699355
0.01769886
0.017698485
0.0176983
0.01769792
0.017697635
0.017698935
0.01770011
0.0176989
0.017698335
0.01769778
0.017694805
0.017694185
0.01769371
0.017693175
0.017689665
0.01764
0.017640045
0.01764052
0.017655
0.0177998
0.017714915
0.01771521
0.017720525
0.017720825
0.017726515
0.017750025
0.017750635
0.017751225
0.01775181
0.01775238
0.01775289
0.017822515
0.017822515
0.017800005
0.017825005
0.017826635
0.0178399
0.0178399
0.017913225
0.017897365
0.017895635
0.017855725
0.017855765
0.0178399
0.017839905
0.0178558
0.01785576
0.01785575
0.017855745
0.01781245
0.01781244
0.017772125
0.01777233
0.017771655
0.017771015
0.017770355
0.01776986
0.017769035
0.017767115
0.01776622
0.017765295
0.017765295
0.01773629
0.01773673
0.017735765
0.017735285
0.017735205
0.01773428
0.01773376
0.01773321
0.017720845
0.01772084
0.01772084
0.01771995
0.01771907
0.01771825
0.01771729
0.01771693
0.01775
0.01775
0.017799965
0.01775007
0.01775
0.01775
0.01775
0.017750005
0.017750005
0.01775
0.01776887
0.01776887
0.01776914
0.01776887
0.01776895
0.01775647
0.01775639
0.017756585
0.01775854
0.01776385
0.01776433
0.01787493
0.017874995
0.01769063
0.01773333
0.017733825
0.017759105
0.01775932
0.017764475
0.017719365
0.017718895
0.017718345
0.017739465
0.01773966
0.01773983
0.017739995
0.01774047
0.017746005
0.017752865
0.01775339
0.01775361
0.017803995
0.017875005
0.017880755
0.017920005
0.017920005
0.01792001
0.01792001
0.017924985
0.017920505
0.017926065
0.017926575
0.017925035
0.017925245
0.017925535
0.01792599
0.01814549
0.018050525
0.01805103
0.01808001
0.01808011
0.018080075
0.01808008
0.01816497
0.018085235
0.01802114
0.01808525
0.018303045
0.018273985
0.01827397
0.018274095
0.01846538
0.018334645
0.018340355
0.01834726
0.01835272
0.01842546
0.018425465
0.018425465
0.01842547
0.018425475
0.01848652
0.018498775
0.018498775
0.018519285
0.01851929
0.018528765
0.01852847
0.0185282
0.018527605
0.01852736
0.01833701
0.018409595
0.01840997
0.018478915
0.01847922
0.018478915
0.018479205
0.018479445
0.018484575
0.018485055
0.01848733
0.01848743
0.018484835
0.018487405
0.018487405
0.01848741
0.018482415
0.018487615
0.018488145
0.01848815
0.01848815
0.018488595
0.01848902
0.018489315
0.018489605
0.018520955
0.01852151
0.018521985
0.01852261
0.018625575
0.018564355
0.018575895
0.018685555
0.01867774
0.018677605
0.01863448
0.018566355
0.01862166
0.018612135
0.018603605
0.01861122
0.01861133
0.01860563
0.018597015
0.01861191
0.018604565
0.01860478
0.018604855
0.01860514
0.01868502
0.018713065
0.01863801
0.018638375
0.01872421
0.0186792
0.01868291
0.018726145
0.018728205
0.018825115
0.01889263
0.018784445
0.01878483
0.01878456
0.018888875
0.018784405
0.018783895
0.018783345
0.01878255
0.018713005
0.018762545
0.01875901
0.01875107
0.01853424
0.01848674
0.018465665
0.01859906
0.01861119
0.018632315
0.018631715
0.018609515
0.018456775
0.018282505
0.018532635
0.018364835
0.01837409
0.018374125
0.01837445
0.018374585
0.01837459
0.018374725
0.01842415
0.01842382
0.01842332
0.01843733
0.01843677
0.018436275
0.018435725
0.01843529
0.01843338
0.018433115
0.018433105
0.018433095
0.018433095
0.01843308
0.0183165
0.01831649
0.018316315
0.01831536
0.01831553
0.01831572
0.018316005
0.01831542
0.018315405
0.018315405
0.018316495
0.018316495
0.0183166
0.018317155
0.0183176
0.018318085
0.018318585
0.018316495
0.018316495
0.018316495
0.018276975
0.0182769
0.01831617
0.018315835
0.018315355
0.018314925
0.01831767
0.018317655
0.018367255
0.01836672
0.018366285
0.018366245
0.018417185
0.018482995
0.018626335
0.0186258
0.018600075
0.018575485
0.01859471
0.018540215
0.018545235
0.01854521
0.01854526
0.01854525
0.018548285
0.018683195
0.018682705
0.01865044
0.01864987
0.018617775
0.018633565
0.01861757
0.018617585
0.01869825
0.01861772
0.01861816
0.018696105
0.01872104
0.01872104
0.01874603
0.018787765
0.0187876
0.01879313
0.01878867
0.018794255
0.01888099
0.018925
0.018949985
0.0187761
0.01887729
0.018955
0.018975005
0.018975005
0.019020505
0.018975
0.01900685
0.01900685
0.01900685
0.01900685
0.019011835
0.019006855
0.019006865
0.019006865
0.019006865
0.01900686
0.01900688
0.019006885
0.01900694
0.0190071
0.019026845
0.019027345
0.019026885
0.01903684
0.019050395
0.01916475
0.01908728
0.01916475
0.019209015
0.019209015
0.01920902
0.0192203
0.0192399
0.0192399
0.019239905
0.019251985
0.019289585
0.01926017
0.019256485
0.01937355
0.01937344
0.01933454
0.01933436
0.01933417
0.019333785
0.019222575
0.01933122
0.019164285
0.01911768
0.01912228
0.01911151
0.01918657
0.01937123
0.019422495
0.01944369
0.019422495
0.01942288
0.019446445
0.019467545
0.019467545
0.019488965
0.019467545
0.019467545
0.01946879
0.01947022
0.01947358
0.01948808
0.01963607
0.01953406
0.019659975
0.01954599
0.019586795
0.01958126
0.019581345
0.019581345
0.01953974
0.019545525
0.01954549
0.01953973
0.01953975
0.019633665
0.019633665
0.019631
0.019631
0.019631
0.0195388
0.019631995
0.019666
0.019665995
0.019666
0.01965817
0.0196765
0.019721035
0.01972104
0.019702705
0.01965762
0.01953696
0.01944497
0.01939762
0.01925006
0.019250055
0.01926006
0.019260055
0.01925
0.01925
0.019359945
0.01904137
0.01920443
0.01918674
0.019135515
0.018830735
0.01883588
0.018848565
0.01885014
0.018875165
0.01887782
0.018999925
0.018999925
0.0191415
0.019141725
0.019141815
0.019141835
0.019222675
0.01929576
0.01929576
0.01928025
0.01928092
0.019280905
0.01928055
0.019331295
0.01932541
0.01933017
0.01933499
0.019334515
0.019334315
0.01933425
0.01931364
0.019306125
0.01903165
0.019242955
0.019019125
0.019200755
0.01920938
0.01920894
0.01915313
0.019156905
0.019157205
0.019150685
0.01915028
0.01900028
0.019127485
0.018980465
0.018980645
0.0189807
0.01898064
0.01898542
0.01895595
0.018955555
0.01895512
0.018956005
0.018715205
0.01888401
0.01885415
0.01876391
0.018699325
0.01874422
0.01874422
0.01869941
0.01869962
0.018699785
0.018704945
0.018810775
0.01869909
0.0187194
0.01872446
0.018751735
0.01874616
0.01874336
0.018743885
0.018654375
0.01862345
0.018715645
0.01872015
0.018720075
0.018681145
0.018681435
0.01862039
0.018685075
0.018685095
0.01868523
0.018668635
0.0186352
0.01860388
0.018588025
0.01863713
0.0186039
0.018684045
0.018717355
0.01871857
0.018718485
0.018757755
0.018757985
0.018758265
0.018756985
0.018757035
0.01875801
0.01877867
0.01878388
0.01877825
0.018778745
0.018790995
0.018961175
0.01896064
0.018960115
0.01888206
0.018882125
0.01888243
0.018969685
0.01896919
0.0189991
0.01896987
0.01902037
0.01904813
0.019047965
0.019020365
0.019020365
0.019020365
0.01907905
0.01907905
0.01909981
0.0190295
0.019099575
0.01901005
0.01901936
0.018949755
0.01889041
0.01895
0.01895
0.01895
0.01895
0.018905
0.018915
0.01889
0.018915
0.01894992
0.018949505
0.018949365
0.01894928
0.01894906
0.018834965
0.0187115
0.018746455
0.01877611
0.01877606
0.01884973
0.018849515
0.018849215
0.01889849
0.01880329
0.01882323
0.01877328
0.01878976
0.0187734
0.01877386
0.01877354
0.018773295
0.018773295
0.018772825
0.01877244
0.01875807
0.018757565
0.018725
0.01873364
0.018733635
0.018724835
0.01864828
0.018644365
0.018644365
0.01859629
0.01859629
0.018704995
0.018651245
0.018704955
0.018651225
0.01865128
0.018505
0.018505
0.0186231
0.018617915
0.018617615
0.01856914
0.018568705
0.0185683
0.0184245
0.0184245
0.01842454
0.018429505
0.01842942
0.0184245
0.0184245
0.018424505
0.018424505
0.01842494
0.018430385
0.018430755
0.018431215
0.018436545
0.01843696
0.0184373
0.0184426
0.018624025
0.018518165
0.018578795
0.018545755
0.018629955
0.0186301
0.018635245
0.01863595
0.01863627
0.01863676
0.01863578
0.018711965
0.018829465
0.018717485
0.0187173
0.01871689
0.018716715
0.018714905
0.018744575
0.01874422
0.018743915
0.01878818
0.018787755
0.018787745
0.018787595
0.018787115
0.0187871
0.018787095
0.018787195
0.01878783
0.018787995
0.018788265
0.018793395
0.018801105
0.01880157
0.018899765
0.018950015
0.01895036
0.01895509
0.0189601
0.019064985
0.01907
0.0190941
0.01909425
0.01913999
0.019214805
0.019214805
0.019214945
0.019224325
0.019233185
0.019233695
0.01923916
0.019361445
0.019409685
0.019282915
0.019283375
0.019293845
0.019299355
0.01929985
0.01930036
0.01930585
0.01930634
0.019329015
0.019357275
0.01938289
0.01938252
0.01928572
0.01938315
0.019383625
0.01933364
0.01933407
0.019443495
0.0194435
0.019506435
0.019506715
0.019563475
0.0195638
0.019761545
0.019761665
0.019761645
0.019635645
0.01968128
0.019681575
0.0196815
0.01968163
0.019679805
0.019680055
0.01965095
0.019650985
0.01965015
0.019680285
0.01967906
0.01967863
0.01967791
0.0196309
0.01953158
0.01953157
0.0195749
0.019599685
0.01950817
0.01950056
0.019505165
0.019504795
0.01958803
0.019587565
0.019416275
0.019416095
0.01941585
0.01941567
0.0194153
0.019416315
0.01942178
0.01942226
0.01942263
0.019499985
0.01941633
0.019416745
0.01963963
0.01958893
0.019588425
0.01958787
0.01963765
