0.012855735
0.012855735
0.012855835
0.012865005
0.01286531
0.012859785
0.0128645
0.012862785
0.012831695
0.012855
0.012872
0.0128745
0.0128745
0.0128745
0.0128745
0.0128745
0.0128745
0.012865
0.012865
0.012872505
0.01284832
0.01284832
0.01284332
0.01284332
0.0128558
0.01285637
0.01286137
0.01286137
0.01290169
0.012906385
0.01290598
0.01290557
0.01290543
0.012905325
0.012904605
0.01294196
0.01294196
0.01290442
0.012904425
0.012904425
0.012904335
0.01290489
0.01290713
0.01290744
0.012910065
0.012910425
0.012910955
0.012911225
0.012911325
0.01291639
0.01291687
0.01292996
0.012929965
0.01295533
0.0129707
0.013060005
0.01306997
0.013130975
0.01313097
0.01313597
0.01316572
0.01316564
0.01316553
0.01316481
0.01315993
0.01307059
0.013075625
0.013075895
0.01307746
0.01307877
0.01307902
0.013079265
0.013079525
0.013119985
0.013119985
0.01310499
0.013105
0.013146095
0.013106275
0.013106275
0.013105045
0.01310504
0.01310005
0.01310504
0.013078685
0.01307854
0.01307493
0.01302214
0.01302214
0.013008215
0.013008215
0.01306071
0.01305966
0.01306014
0.013083345
0.013083355
0.0130832
0.01308303
0.013024215
0.013024215
0.01302421
0.01302421
0.01302421
0.013020015
0.01302373
0.013000015
0.01302373
0.013055105
0.013054395
0.013054075
0.01305391
0.013053595
0.01304987
0.01304959
0.01304941
0.013000015
0.013000015
0.013000005
0.013000005
0.01295645
0.012956695
0.01295715
0.0129576
0.012957695
0.01295791
0.01295827
0.013005245
0.013047355
0.013063685
0.013063315
0.01300452
0.013004775
0.013003935
0.013003025
0.013002845
0.013040205
0.01306088
0.01305996
0.012986015
0.01300016
0.01303261
0.013032305
0.01303139
0.012955115
0.012976585
0.01297659
0.01296191
0.012961945
0.01296481
0.012965
0.012965
0.01297
0.01294
0.012935
0.012919005
0.01291901
0.012934005
0.012919005
0.012919005
0.012919005
0.012994775
0.012994775
0.012954005
0.012954015
0.012954005
0.01291802
0.012954005
0.012954005
0.012954005
0.012954005
0.012953395
0.01295332
0.012953115
0.012916805
0.012914005
0.012951005
0.012951005
0.012906235
0.012906235
0.0129485
0.012948385
0.012951015
0.012950725
0.01295056
0.01295123
0.012931235
0.01291954
0.012939445
0.012889085
0.01288907
0.01288907
0.01288797
0.01293783
0.01292734
0.01290832
0.01292628
0.01292574
0.01290821
0.01282735
0.01282734
0.01282311
0.01281701
0.012805045
0.012812025
0.012800035
0.01279536
0.01279372
0.012793795
0.012793735
0.012794005
0.01279404
0.012823985
0.012884625
0.012883925
0.01288388
0.012883525
0.012895565
0.01289524
0.01289632
0.0128964
0.012896565
0.012942915
0.01289785
0.012884575
0.012899965
0.012899585
0.01289938
0.01289927
0.012898775
0.01285053
0.01285054
0.01283699
0.012836995
0.012836995
0.012836995
0.012823995
0.012832005
0.01283704
0.012837065
0.012837
0.012837005
0.012874005
0.012860985
0.012860945
0.012823985
0.012823985
0.012788585
0.012788855
0.01278283
0.012811995
0.012755015
0.01276497
0.01277004
0.01277504
0.012835605
0.012762795
0.0128221
0.012821425
0.01282581
0.01282467
0.012824285
0.01279698
0.012775485
0.012793975
0.01277483
0.012779115
0.01269739
0.012697375
0.012691005
0.012709995
0.01269082
0.012691005
0.01272738
0.012691385
0.01274405
0.012676455
0.012726045
0.012726505
0.01272666
0.012731145
0.01270661
0.012742755
0.01277434
0.01277474
0.012774525
0.01277389
0.012792285
0.012790035
0.01282
0.012818995
0.012818995
0.01281899
0.012818735
0.01277001
0.012779995
0.01279844
0.012798295
0.012794335
0.01279377
0.01279137
0.01277875
0.0127787
0.012776315
0.012741115
0.01274446
0.012724965
0.012715515
0.01271556
0.01274077
0.012740555
0.01274099
0.012741685
0.01279077
0.012794
0.01279399
0.01279399
0.01279399
0.01279399
0.012741705
0.012744715
0.012744725
0.012789405
0.01274403
0.0127443
0.01273262
0.012732075
0.01274401
0.012742005
0.012745055
0.012735
0.01274652
0.012746535
0.012735055
0.012735085
0.012731515
0.012749995
0.01271068
0.012724615
0.01271018
0.012710205
0.01271014
0.012709965
0.01270079
0.012675805
0.012650015
0.01264896
0.01264896
0.012642735
0.012642735
0.01264521
0.012659715
0.01265272
0.012652725
0.01265272
0.012652715
0.012655455
0.012655455
0.012655235
0.012657725
0.01265544
0.012655435
0.012655435
0.012640435
0.012640435
0.01263522
0.012630005
0.012630005
0.012630005
0.012615
0.012619995
0.012610125
0.01259843
0.01259843
0.0126125
0.012612505
0.012607505
0.012607505
0.01260752
0.012607505
0.012607515
0.012608005
0.012609
0.01260925
0.012627045
0.01263227
0.012632275
0.01266491
0.012656765
0.012657015
0.012667465
0.012625005
0.012624305
0.01261445
0.012629435
0.012629425
0.01262943
0.01262852
0.01262852
0.012629435
0.01268451
0.012671905
0.0126252
0.012650135
0.01265015
0.01268001
0.012690415
0.012715035
0.01272994
0.012789285
0.0127925
0.01279251
0.01283576
0.012851605
0.012855965
0.012935165
0.012939955
0.012934705
0.012934995
0.012979645
0.01292281
0.012984915
0.012953325
0.01295851
0.013051795
0.01307087
0.013070885
0.01312009
0.01311983
0.0131131
0.01310812
0.01311951
0.0131571
0.013156695
0.013187005
0.013263695
0.013313755
0.013336365
0.01339019
0.0134816
0.013524965
0.013505235
0.01347113
0.01350465
0.01345039
0.013567375
0.01364993
0.0136758
0.013700695
0.013719125
0.01378886
0.01379871
0.01383825
0.01390198
0.01390399
0.013927995
0.013859055
0.013820905
0.01374215
0.0136791
0.01358885
0.01349224
0.01353706
0.0136203
0.013742045
0.01367109
0.0137561
0.01375504
0.01376479
0.0137695
0.013784915
0.013815665
0.013470015
0.013509995
0.013469815
0.013430675
0.01342647
0.01342716
0.01344987
0.01320392
0.01320391
0.01320391
0.013217005
0.013225785
0.01323218
0.013257735
0.013267595
0.01327495
0.01329992
0.013275
0.01326327
0.01326327
0.013267505
0.01326223
0.01323025
0.01317986
0.01310826
0.01311632
0.013126705
0.01312676
0.013088835
0.01308884
0.01311878
0.01307966
0.013079815
0.01307998
0.013080145
0.01308019
0.013065305
0.013085045
0.013125035
0.013130075
0.01313061
0.013178825
0.01318443
0.013224915
0.01322492
0.013252585
0.013255655
0.013198355
0.013198625
0.013275505
0.01330631
0.013305525
0.01330554
0.013305545
0.01334998
0.013349995
0.013349975
0.013350805
0.01330619
0.01330644
0.013320115
0.013381775
0.01330729
0.013307585
0.013307915
0.01330818
0.01331345
0.013355
0.01331374
0.013313995
0.01333089
0.01332752
0.01334413
0.013344355
0.01330346
0.013316235
0.013315785
0.01333501
0.01333985
0.01333985
0.0133133
0.0133133
0.013313295
0.013261735
0.013261735
0.0132367
0.0132367
0.0132367
0.013236695
0.013236765
0.013261925
0.01326695
0.01326695
0.01326695
0.01324195
0.01322923
0.01323582
0.01322508
0.01322505
0.013186975
0.01321204
0.01327492
0.01327473
0.013274545
0.013274255
0.013175135
0.01317341
0.013173415
0.013173415
0.01321025
0.013249995
0.01320787
0.013249995
0.01321431
0.01326523
0.01326064
0.013270795
0.01327083
0.01327038
0.013254315
0.01317292
0.01325272
0.01323345
0.0132156
0.013211305
0.013216675
0.013234365
0.013234655
0.01319518
0.013195495
0.01319572
0.013196005
0.01322971
0.013229475
0.013228685
0.013228875
0.01322772
0.01317551
0.01315059
0.01315059
0.013149555
0.013148105
0.013147645
0.013124105
0.01312408
0.01312408
0.013124055
0.01314072
0.013124055
0.013119055
0.01313516
0.013135125
0.013119015
0.013090005
0.013079545
0.01307739
0.013031165
0.01303099
0.01303115
0.01303049
0.013011015
0.01301099
0.01300503
0.013030025
0.013025025
0.013030025
0.013025025
0.01300505
0.013005075
0.01300005
0.0129995
0.01298392
0.01298288
0.012989065
0.01302
0.013013935
0.012988925
0.012988925
0.012970295
0.01296522
0.0129721
0.01296521
0.01297
0.01296521
0.01294508
0.012949875
0.01297
0.012970005
0.012949875
0.01292312
0.012923275
0.01290343
0.012903405
0.01290009
0.0129199
0.012880075
0.012880135
0.012880145
0.012880125
0.01289
0.01288501
0.01291987
0.01290996
0.01294987
0.012969735
0.012969845
0.012969695
0.01296987
0.0129698
0.012969875
0.012969865
0.012919925
0.01293976
0.01293976
0.012969695
0.01290012
0.01290469
0.01289962
0.012899655
0.012820185
0.01281583
0.01282504
0.012869235
0.012869005
0.01283581
0.01283494
0.012873675
0.01288335
0.01283192
0.01283192
0.01283192
0.01281599
0.012815045
0.012815045
0.01277874
0.012774835
0.01274
0.01274
0.012740005
0.01276433
0.012755
0.012730005
0.012718175
0.012752655
0.01275271
0.012752925
0.01275293
0.012754725
0.01274921
0.01275433
0.012754325
0.012745
0.012744985
0.012699905
0.012689995
0.012725
0.012675495
0.01266012
0.012640535
0.012635555
0.012640485
0.0126101
0.012610095
0.012645515
0.01264534
0.012635065
0.012635035
0.01263512
0.012635075
0.01264599
0.012645975
0.0126253
0.0126253
0.0126254
0.0126253
0.01263492
0.01263167
0.01262792
0.0126245
0.012594075
0.012544995
0.012524995
0.012515525
0.012511025
0.01251603
0.01251604
0.012540515
0.012551005
0.01259828
0.012597995
0.0125976
0.012597085
0.01260208
0.012597155
0.01259683
0.012596785
0.012601765
0.012601945
0.012602225
0.01261674
0.012681255
0.01268189
0.01272623
0.012774255
0.012778475
0.01279775
0.01276589
0.0127561
0.012745
0.0127499
0.01273857
0.01269499
0.0126705
0.012660995
0.012635
0.012635
0.012620345
0.01258082
0.012634595
0.012602155
0.012609725
0.012601645
0.012606085
0.01261085
0.012600635
0.01260034
0.01260016
0.012598135
0.01253201
0.012530515
0.0125415
0.0125415
0.012533995
0.01252361
0.012523015
0.012557415
0.012557255
0.012557255
0.012555255
0.012510005
0.012497195
0.012494395
0.01254501
0.012545015
0.01254476
0.012589995
0.01257025
0.012530005
0.012519995
0.012490005
0.01247502
0.01251034
0.012526265
0.012526825
0.012586035
0.012550255
0.012614915
0.012614895
0.01264001
0.012618355
0.01267825
0.01267825
0.012705035
0.012725
0.01271002
0.01271001
0.012760025
0.01276014
0.01286371
0.01292887
0.012932125
0.0129385
0.012897825
0.012913335
0.01287499
0.012874975
0.01279867
0.012798515
0.012774165
0.01277413
0.012774165
0.012773985
0.01277363
0.01272
0.012705225
0.01271004
0.012710115
0.012753495
0.0127475
0.012747525
0.01278495
0.01274749
0.012747845
0.01284452
0.01284466
0.01284468
0.01288821
0.01292581
0.01293381
0.01296068
0.012960695
0.012960375
0.01297419
0.012959155
0.012958935
0.012947635
0.012914445
0.01299379
0.01299379
0.012999835
0.01299493
0.01299491
0.013005145
0.013005135
0.01301015
0.01300514
0.013000135
0.01298888
0.012988865
0.01298387
0.012920935
0.012995185
0.013030945
0.013056085
0.013077335
0.013079585
0.013079585
0.01308926
0.013059855
0.013089975
0.0130965
0.01311739
0.013162235
0.013280165
0.01329116
0.01333032
0.01333347
0.01330118
0.013271745
0.013261445
0.0132206
0.01322561
0.01315
0.013135
0.01311
0.013095
0.013095
0.01309471
0.013095
0.013045205
0.013085
0.013085
0.013020345
0.01304999
0.013049945
0.01304951
0.01295712
0.01299492
0.012895015
0.012885
0.01287001
0.012875
0.012857165
0.012852155
0.01282931
0.012857295
0.01285716
0.01285716
0.012857165
0.01285722
0.01285754
0.012925625
0.01296143
0.012925405
0.012987825
0.012980595
0.012980445
0.01296061
0.012925085
0.01293013
0.01293
0.01293
0.01296061
0.01296061
0.01296143
0.01298083
0.01296061
0.01296061
0.012979985
0.01298
0.01295017
0.01298716
0.012986935
0.012987155
0.012987065
0.01298863
0.01299065
0.01299106
0.012995835
0.01299563
0.01290005
0.01290005
0.012815085
0.012820345
0.012826
0.012785645
0.012830865
0.012786785
0.012830315
0.0128296
0.01282816
0.0128136
0.012811325
0.012810845
0.01281039
0.01281003
0.01280964
0.01280953
0.012816535
0.01281697
0.012826975
0.01282634
0.012815125
0.01281522
0.01282196
0.012821325
0.01282037
0.01281966
0.01276022
0.01276005
0.01276005
0.01276005
0.01280003
0.0128188
0.012823095
0.012849815
0.012819525
0.012818995
0.012770035
0.01279475
0.01274549
0.01274549
0.01274549
0.01278495
0.012834485
0.01281816
0.01282307
0.012817735
0.01281714
0.01274547
0.012745475
0.012745465
0.012745475
0.012717945
0.01271793
0.01270664
0.012710765
0.012710765
0.01271076
0.012710765
0.01271647
0.01271647
0.01271647
0.01271648
0.012715015
0.012715015
0.012721465
0.012711485
0.012711485
0.012711485
0.012719705
0.012719705
0.012719705
0.01271971
0.01271971
0.01271971
0.01271971
0.01267825
0.012694715
0.012676525
0.01269973
0.01270646
0.012701475
0.012701475
0.012701475
0.01267827
0.012704725
0.012704725
0.01269968
0.01269964
0.012693255
0.012666505
0.01270062
0.012616875
0.0126831
0.01268219
0.012498565
0.01254082
0.012549995
0.012589705
0.012589735
0.01254507
0.01255529
0.01263423
0.012633815
0.012633645
0.01259001
0.012677005
0.0126766
0.012660795
0.01266993
0.012580025
0.012659775
0.0126302
0.01263496
0.012605535
0.012587165
0.01257156
0.01254628
0.012531275
0.01251139
0.0125115
0.01251172
0.012511875
0.01252701
0.012527215
0.01252743
0.012527745
0.012533045
0.01253367
0.012534085
0.012540585
0.012585125
0.01258962
0.01259483
0.012595105
0.012614035
0.012551005
0.01255125
0.0125952
0.01259485
0.012594475
0.012594015
0.0125937
0.01257903
0.01257969
0.012556085
0.012555985
0.01253814
0.0125432
0.0125483
0.012518535
0.01254822
0.01254822
0.01254813
0.012503425
0.012500735
0.01253
0.012496015
0.01248123
0.01246636
0.01246638
0.012450005
0.012450005
0.012441395
0.012424995
0.012372595
0.012399985
0.01240505
0.01238785
0.01236254
0.01238787
0.012408045
0.01239788
0.012362805
0.01237839
0.012388435
0.012363475
0.01236811
0.012398995
0.01239945
0.012379085
0.01237358
0.01243154
0.012400005
0.012378595
0.012385
0.01236495
0.012378645
0.0123686
0.01236863
0.012368685
0.012379005
0.01240415
0.012387985
0.012388055
0.012376645
0.012376645
0.012376645
0.01237163
0.012352275
0.012347255
0.012347255
0.012316795
0.012261485
0.01232444
0.01229184
0.012283615
0.012268225
0.012283615
0.0122886
0.012283455
0.01225826
0.012240495
0.012264085
0.012258625
0.01222505
0.012204185
0.012273605
0.012188945
0.012189585
0.012185325
0.01219093
0.012191245
0.012224315
0.012251985
0.012171065
0.012170895
0.01217075
0.01212098
0.01207364
0.01205737
0.01202468
0.012012305
0.01200003
0.01193834
0.01190525
0.0118631
0.011936105
0.01193619
0.011891745
0.011977675
0.01199011
0.01199252
0.0120925
0.012092495
0.0120624
0.01206248
0.012090655
0.012040685
0.01203003
0.01203004
0.01203007
0.012055025
0.01205518
0.01205519
0.01205479
0.012005
0.012004995
0.012005
0.012004995
0.01198
0.011960005
0.01197768
0.01198
0.011982495
0.0119824
0.011995295
0.011909515
0.011821065
0.011888035
0.01188799
0.01190123
0.011940575
0.011928885
0.011877255
0.011877255
0.011928645
0.01179171
0.01183021
0.011810215
0.01180167
0.011770765
0.011740815
0.011740765
0.011729975
0.01172997
0.011709975
0.01170998
0.01165213
0.01165221
0.01165224
0.01170001
0.011703765
0.01168877
0.01165746
0.01168003
0.011709995
0.011729995
0.011729995
0.011729995
0.01171997
0.011732445
0.011727
0.011727
0.01173249
0.01173247
0.011715
0.011715
0.011705
0.011720825
0.011804505
0.011724995
0.011725
0.011685
0.01168502
0.011725
0.011802415
0.011775045
0.011775015
0.01177652
0.011796305
0.011863695
0.011955545
0.012040655
0.01201834
0.012086555
0.011999855
0.012018875
0.01198921
0.01187568
0.01194088
0.0119251
0.011924975
0.01187556
0.01187248
0.011845005
0.011836535
0.01182459
0.01182628
0.01183088
0.01177213
0.011685385
0.01170226
0.011701885
0.011695665
0.011727805
0.01176575
0.01179612
0.011762735
0.011684295
0.01167199
0.011657665
0.01166265
0.011681545
0.01165429
0.01173049
0.01168666
0.01173531
0.011734435
0.011726195
0.011700045
0.011749545
0.011676925
0.011677265
0.01173648
0.01176933
0.0118192
0.01181947
0.011869205
0.011886405
0.011896115
0.01189615
0.011915535
0.0119157
0.011915685
0.01190052
0.01189987
0.011924875
0.01187517
0.011899745
0.01189493
0.011865345
0.011830805
0.011865475
0.01186556
0.01186571
0.01185963
0.01184994
0.011849805
0.011849315
0.01178161
0.01180164
0.011801955
0.011802495
0.01180237
0.011810325
0.01182818
0.01182825
0.011827145
0.01182685
0.01183036
0.01183467
0.01183347
0.011832585
0.011834985
0.01183515
0.011835195
0.01184431
0.011835265
0.01179835
0.01178078
0.011760515
0.01176051
0.01170094
0.011645585
0.01164522
0.01153975
0.011516345
0.011513155
0.01149772
0.011419495
0.011421405
0.01136428
0.011409695
0.01137496
0.01135416
0.01135433
0.011349385
0.011349195
0.011349595
0.011389985
0.011359445
0.011404995
0.01136933
0.0114149
0.011414905
0.011451285
0.01145102
0.0114509
0.011450985
0.011399335
0.01139946
0.011409305
0.011380355
0.011390575
0.011409915
0.011340535
0.01132947
0.011345575
0.011345545
0.011325015
0.011319995
0.01129115
0.011291225
0.011299935
0.01129994
0.01129994
0.01131
0.011340395
0.011309985
0.01131005
0.0113511
0.01147987
0.011489905
0.011600975
0.0115662
0.011612625
0.01162082
0.01168004
0.01169082
0.01169114
0.011789965
0.011789235
0.0117425
0.011754655
0.01175509
0.0117774
0.01183967
0.011818085
0.011818085
0.01181806
0.011753935
0.01175896
0.01166666
0.011720155
0.011720605
0.01172061
0.01175705
0.01170257
0.01173466
0.01173465
0.01167003
0.011661455
0.011700515
0.01170356
0.011702835
0.011702275
0.011705975
0.01169479
0.011627275
0.011617785
0.01161343
0.01158335
0.011570615
0.01152544
0.011428515
0.011419935
0.011387165
0.011372605
0.011228605
0.011330675
0.01134424
0.011350055
0.011300005
0.011285015
0.011302125
0.011274805
0.011274945
0.01118143
0.01121302
0.011213255
0.011214945
0.01116948
0.01118522
0.0111956
0.01119967
0.011110685
0.011095135
0.01117138
0.01115496
0.011130075
0.011131035
0.011142565
0.01116482
0.01117965
0.01118506
0.01118484
0.01118487
0.011184905
0.01116534
0.011224545
0.01118995
0.011189365
0.01118937
0.011188875
0.01112558
0.011102805
0.011115315
0.011076645
0.01107582
0.011055805
0.011100565
0.01111955
0.011108005
0.01109071
0.011078715
0.011011395
0.01094872
0.0108865
0.010775
0.010760005
0.01070207
0.0106771
0.010711305
0.010735
0.010710875
0.010722495
0.01072254
0.01072256
0.010715105
0.010707555
0.010737565
0.010739005
0.010729515
0.010729505
0.01072956
0.010700075
0.01073217
0.01069554
0.01064212
0.010617125
0.0106175
0.010650435
0.01057999
0.010540195
0.01050912
0.010394365
0.01039502
0.010395015
0.010339995
0.010339775
0.01035972
0.010359455
0.010221775
0.01012178
0.010115795
0.010108855
0.01005564
0.010070065
0.010079015
0.01008004
0.01008502
0.010102505
0.010253925
0.010288815
0.01037752
0.010475955
0.01054224
0.01061994
0.01061551
0.010605565
0.010659955
0.010825745
0.0107829
0.010914805
0.0109412
0.01091488
0.01100035
0.01097002
0.01096999
0.010972055
0.01100791
0.011109865
0.01111542
0.01111544
0.01111799
0.011187505
0.01115807
0.010986335
0.01099604
0.010910525
0.01084441
0.010914995
0.01088282
0.01085737
0.010881505
0.01088156
0.01088224
0.010881415
0.010841515
0.01081
0.01080528
0.010806175
0.01080621
0.010806225
0.010734955
0.010734965
0.010734855
0.01071958
0.01064238
0.01064234
0.010686405
0.010719665
0.010705035
0.010734865
0.010749995
0.010734905
0.01074004
0.01074004
0.010720115
0.01072506
0.010645855
0.01064501
0.01069086
0.010685785
0.010685855
0.010705
0.01068998
0.010684555
0.010595045
0.01059474
0.01059451
0.010586235
0.01061902
0.01068426
0.01068045
0.01069498
0.01069953
0.010710195
0.01072509
0.01077605
0.01091998
0.010919875
0.010919835
0.01091981
0.011004995
0.011000005
0.011044965
0.011005
0.010985785
0.011016335
0.011067275
0.01100997
0.01103862
0.011033595
0.01105697
0.011056995
0.011067255
0.010965715
0.010983505
0.01106717
0.01106721
0.01106721
0.010999705
0.0109363
0.01093662
0.010936985
0.01099223
0.01099268
0.01099317
0.010993675
0.01099374
0.010994355
0.010995
0.011000695
0.0110983
0.01112553
0.01120887
0.01121486
0.011214655
0.011224695
0.0112197
0.01121971
0.011279935
0.011275465
0.011220045
0.01126611
0.0112665
0.01122693
0.01123195
0.01125201
0.011309705
0.01134905
0.011327055
0.01136628
0.011354515
0.01130992
0.01129044
0.01129044
0.01129048
0.01131002
0.011351805
0.011383625
0.01142922
0.011429665
0.0113925
0.01139251
0.011340045
0.011335085
0.01127317
0.01119783
0.011096085
0.011183635
0.01109237
0.01109237
0.01114862
0.011148665
0.01114846
0.011133075
0.0110522
0.011037875
0.01113939
0.011139395
0.01105776
0.011139345
0.011139395
0.01114955
0.01114933
0.011185
0.011285105
0.01131499
0.01131257
0.0113248
0.01132477
0.01132478
0.011324625
0.011300015
0.011306685
0.011301675
0.01128876
0.01128871
0.011240275
0.01120666
0.01121121
0.011235595
0.01121623
0.01121589
0.0111669
0.011185045
0.01117549
0.011175625
0.01117542
0.011237995
0.01117621
0.011171945
0.01117691
0.01117047
0.01117647
0.01118149
0.011201025
0.01122711
0.01123706
0.011249995
0.011450515
0.011640005
0.011679995
0.01167499
0.01167499
0.011674975
0.011689115
0.011679795
0.01168007
0.01168038
0.01172913
0.011680415
0.01168037
0.01168037
0.011670285
0.011670295
0.011664495
0.011567165
0.01155688
0.011554855
0.011534865
0.01146544
0.01146542
0.0115175
0.011694985
0.011694995
0.011779025
0.011858805
0.01194034
0.01192595
0.011999975
0.012064435
0.01214211
0.01218217
0.01219621
0.012234915
0.01225211
0.012207075
0.011917435
0.01204028
0.01192492
0.011875775
0.01202224
0.01205742
0.01209582
0.01215576
0.01215109
0.012180755
0.012146005
0.011971685
0.01190448
0.011887485
0.011869685
0.01172642
0.01158846
0.01159998
0.01163082
0.01163081
0.0116307
0.011611635
0.01161161
0.01163082
0.011585865
0.01159098
0.01167557
0.01167541
0.011669405
0.01166428
0.011558595
0.01148329
0.011382165
0.0114554
0.011355505
0.01141937
0.011472815
0.011483955
0.011481615
0.0114745
0.01147449
0.01140986
0.01145013
0.011452525
0.01145247
0.011418
0.01141806
0.011363195
0.01139352
0.01139805
0.01138812
0.011363175
0.01126912
0.011269075
0.011274785
0.011327485
0.01125585
0.01128298
0.011306385
0.01131132
0.011313125
0.011310145
0.01129402
0.01124155
0.01124161
0.01124662
0.011215985
0.011221015
0.011221065
0.011226065
0.01121601
0.01122104
0.01121982
0.01120648
0.01121047
0.011210465
0.011205975
0.011175175
0.011190435
0.0111901
0.01119078
0.011196055
0.01124
0.01126
0.011295005
0.01122503
0.011300485
0.011305605
0.01137996
0.011410015
0.011410745
0.01150047
0.01142132
0.0114718
0.01141686
0.011467245
0.01146729
0.01145703
0.0115599
0.011530715
0.011540325
0.011540325
0.011585815
0.01155581
0.01161387
0.011577805
0.01156972
0.011569955
0.011604895
0.01156
0.011599575
0.01155981
0.011564745
0.01156458
0.011579085
0.01157908
0.011544585
0.011499285
0.01148432
0.011481845
0.011481755
0.011439855
0.01142633
0.0113919
0.01139176
0.011391295
0.01133067
0.011292205
0.011434475
0.011449225
0.01138501
0.011385015
0.01135503
0.01133006
0.011330085
0.01134509
0.011350165
0.011379995
0.011315085
0.011328575
0.011339995
0.011285365
0.011325
0.01133
0.011351295
0.01126704
0.011369495
0.01138006
0.01138029
0.01152499
0.0115648
0.011614425
0.01169992
0.011699955
0.01171188
0.011800825
0.011795455
0.01182999
0.011790535
0.011725695
0.01163098
0.011711305
0.01157087
0.011579285
0.011570125
0.011574955
0.011575215
0.011530355
0.011530355
0.01153035
0.01157764
0.011582435
0.011515
0.01149582
0.01156498
0.01159949
0.011565
0.01156506
0.01156049
0.011574975
0.011575005
0.011594495
0.011579495
0.01157052
0.01164095
0.01159415
0.01159399
0.01159412
0.01159414
0.01159401
0.011550655
0.011593725
0.011599765
0.011602265
0.011602255
0.011602295
0.01160229
0.011602085
0.011601915
0.01158683
0.011576825
0.011571795
0.011575995
0.01157152
0.011558605
0.01155861
0.01155019
0.011540585
0.01154062
0.01155859
0.01155859
0.0115624
0.01155859
0.011558585
0.011558595
0.01154058
0.01153061
0.0115486
0.01160185
0.011548605
0.011548595
0.011548595
0.01151864
0.011469365
0.01152053
0.01152047
0.01147502
0.011409185
0.01138494
0.01138522
0.011385325
0.011385705
0.011386285
0.01142081
0.01142024
0.01142166
0.01147496
0.011469955
0.011417595
0.01141642
0.011421115
0.011500255
0.011409
0.0114325
0.011449905
0.011455
0.011479485
0.01147948
0.011461935
0.011459405
0.011405155
0.011330005
0.011384905
0.011389665
0.01138946
0.01138948
0.01138951
0.011412275
0.011415855
0.011433675
0.011417125
0.01141794
0.011417945
0.01137838
0.0113783
0.011378075
0.0113786
0.011379245
0.01144415
0.01137967
0.01138004
0.01146166
0.011473135
0.01149589
0.01149659
0.011496255
0.011528655
0.01149587
0.01143876
0.01142233
0.01142233
0.01142207
0.01139309
0.01139202
0.01142541
0.011426385
0.01144241
0.011442065
0.011401325
0.01136628
0.01138165
0.011386145
0.011399995
0.011420465
0.01134776
0.011380455
0.011320205
0.011353925
0.01135471
0.011325305
0.011325625
0.01127179
0.01127132
0.011278195
0.01127819
0.0112188
0.011206215
0.01120582
0.011205435
0.011180615
0.01113625
0.01113625
0.01119845
0.0111979
0.01116308
0.01116298
0.01116774
0.01116188
0.011174495
0.01111109
0.01109691
0.01109691
0.011101935
0.011136955
0.01114197
0.01114225
0.011221555
0.011197035
0.011241935
0.01124604
0.01127926
0.011283115
0.01136637
0.011366165
0.011366475
0.011365935
0.01136625
0.01136664
0.01136704
0.011367455
0.01138774
0.01138736
0.011387355
0.0113493
0.01124589
0.011245825
0.01124127
0.011244935
0.01120003
0.011192485
0.011192485
0.01124501
0.011329105
0.011348935
0.01129885
0.011299875
0.01143669
0.011437355
0.01143632
0.011382845
0.0113765
0.01138147
0.01138138
0.01138309
0.01138777
0.011375005
0.01133006
0.011359885
0.01135499
0.01135968
0.011359695
0.01139545
0.011395115
0.011335005
0.01128153
0.011286215
0.011271315
0.01129498
0.011329615
0.01129145
0.01129142
0.01129099
0.01129074
0.01120877
0.011208795
0.011254695
0.01126479
0.011264575
0.01125797
0.01127006
0.011374355
0.011287415
0.011271445
0.011318615
0.011277245
0.011249365
0.011249655
0.011339525
0.011339675
0.011339595
0.011339585
0.011339585
0.0113396
0.01135576
0.011349275
0.011404065
0.01136407
0.011325285
0.01130115
0.01133944
0.011339235
0.01130379
0.011318295
0.01131855
0.01130364
0.011303605
0.011303575
0.01130345
0.01129819
0.01129323
0.0112922
0.01129169
0.01124241
0.011242445
0.01124262
0.011242805
0.0112946
0.011260805
0.01126052
0.011256995
0.011260505
0.01126053
0.01127789
0.01127792
0.011278525
0.011278305
0.01127937
0.01128029
0.011279955
0.01132624
0.01128717
0.01135529
0.011338675
0.011339905
0.01136351
0.011341455
0.011341805
0.01134647
0.011347015
0.01134724
0.01134786
0.01134856
0.011348245
0.0113486
0.01134869
0.01134898
0.011348235
0.01134805
0.01134815
0.011348345
0.011349275
0.01134922
0.011348365
0.01134833
0.011348385
0.01134818
0.011348605
0.011348805
0.01136796
0.011367445
0.011367275
0.01135711
0.011347595
0.01134716
0.01134966
0.011359145
0.01143791
0.011438315
0.011426615
0.011426575
0.011426645
0.01150074
0.011500655
0.01150051
0.01150042
0.011500735
0.011365825
0.01136624
0.011366635
0.011367745
0.011353345
0.01135352
0.011353885
0.01135408
0.011379995
0.011379995
0.011415005
0.011405065
0.011405185
0.01144447
0.01145037
0.011491945
0.01151278
0.011604985
0.0116127
0.011610705
0.011642305
0.011677455
0.011680885
0.011700985
0.011690235
0.011690545
0.01175856
0.01181208
0.011805125
0.011815
0.011815
0.011800005
0.01176493
0.01171143
0.011744945
0.011569375
0.01156936
0.011559635
0.011539415
0.01149033
0.01155892
0.011559105
0.011559455
0.011569485
0.011550015
0.01154953
0.01154909
0.011560205
0.0115685
0.01156845
0.01156847
0.01156829
0.01154878
0.01155877
0.01156845
0.01156418
0.01164777
0.01167273
0.011685225
0.01167223
0.01168416
0.01164495
0.01164491
0.011625
0.01159998
0.01159998
0.011599955
0.01156561
0.011565835
0.01156605
0.01159998
0.011646565
0.01164658
0.011631635
0.011631705
0.01163844
0.011637855
0.01161241
0.011585005
0.011584665
0.01157944
0.011579255
0.01153459
0.011529415
0.01150459
0.01150459
0.01150459
0.011465325
0.011489375
0.01148919
0.011488955
0.01143585
0.01141945
0.011419455
0.011439985
0.011410895
0.01144356
0.011472485
0.011472225
0.01147197
0.0114717
0.011471425
0.01147114
0.011446045
0.011445415
0.011384825
0.011384825
0.01143467
0.01143453
0.01143428
0.011434295
0.01143424
0.011433615
0.01143365
0.011433805
0.011433305
0.01143347
0.011433395
0.01143365
0.011435585
0.011434705
0.01148259
0.01148293
0.01148294
0.0114829
0.0114829
0.0114829
0.01143545
0.01143564
0.01143581
0.01143038
0.011429565
0.01142969
0.01142978
0.01142968
0.01142948
0.011429345
0.011381535
0.011381535
0.011381515
0.011381515
0.011381515
0.011381535
0.01138152
0.011381535
0.01138114
0.011415635
0.01141585
0.0114164
0.01141679
0.011418565
0.01147678
0.011418425
0.011418545
0.01141864
0.01139025
0.011390245
0.01141778
0.011364995
0.011361975
0.01140675
0.01138222
0.01135998
0.01130207
0.01122508
0.011263445
0.011263385
0.011263145
0.01126294
0.01126294
0.011238265
0.011238265
0.01123847
0.011238455
0.011238435
0.011238445
0.011238455
0.01126194
0.011261815
0.011261865
0.011261915
0.0112564
0.011261445
0.011261435
0.01126058
0.011250035
0.011241025
0.011236
0.011236075
0.01122942
0.011229425
0.011229415
0.01122999
0.011229415
0.011215725
0.01121081
0.01121081
0.01122083
0.011220825
0.01122083
0.01122083
0.011215825
0.011231575
0.011215955
0.0112162
0.011215575
0.0112153
0.01122026
0.01125984
0.01125984
0.011259905
0.011259905
0.01126984
0.011245
0.01126
0.01126
0.011240505
0.011195005
0.01119503
0.011195005
0.011222765
0.011227765
0.01122752
0.011227535
0.011227785
0.01123477
0.011239875
0.01123551
0.0112402
0.01126239
0.01126315
0.011355845
0.011355845
0.01133292
0.011400825
0.011425
0.011373095
0.011420005
0.01142002
0.01142016
0.011420495
0.01143307
0.011432715
0.01139171
0.011391715
0.011391925
0.011366915
0.01136756
0.011373125
0.011375005
0.011364935
0.011364935
0.01141104
0.01141104
0.011375
0.01143773
0.01143254
0.01139451
0.011416945
0.01141671
0.011421555
0.011431515
0.01143154
0.01143151
0.011436005
0.011435505
0.011434995
0.0114345
0.011434495
0.011434985
0.011434985
0.01143498
0.011434995
0.011434995
0.011459985
0.011434995
0.01143502
0.01143511
0.011459985
0.011459995
0.01146871
0.01146871
0.011448735
0.011448765
0.01144874
0.011453715
0.01145375
0.011468715
0.01148435
0.011494295
0.011500395
0.011505865
0.011549755
0.011550765
0.011550865
0.011550755
0.011550745
0.01155224
0.011480005
0.011524485
0.01154581
0.01152636
0.011524595
0.011519395
0.01151405
0.011466435
0.011466435
0.01146643
0.011466435
0.011485
0.011497815
0.01150782
0.011517825
0.011503215
0.01153232
0.011544595
0.011544595
0.01156017
0.011590505
0.011590505
0.011593065
0.01158817
0.011616505
0.011615985
0.011615485
0.011614495
0.01161458
0.011614
0.0116135
0.011613315
0.011589
0.011589
0.011589
0.011589
0.011589
0.011588995
0.011589
0.011612755
0.011647405
0.0116512
0.011650695
0.011704495
0.01169441
0.011758935
0.011758075
0.01173952
0.01175758
0.011743565
0.011778995
0.011779035
0.011778545
0.011779065
0.011779045
0.011764485
0.011730015
0.011764455
0.01173995
0.011739955
0.011763925
0.01173011
0.011764015
0.011763925
0.011763705
0.0117297
0.011704775
0.011605825
0.011595005
0.01158401
0.011584
0.011584005
0.011551115
0.011556745
0.011556715
0.011555825
0.01156115
0.01151246
0.011564505
0.011598625
0.01159883
0.01155434
0.011554505
0.011554245
0.011559505
0.01155951
0.011559275
0.01156442
0.011564635
0.011562925
0.01154919
0.01155919
0.01155955
0.01155918
0.011559785
0.0115885
0.011594545
0.0116201
0.011620115
0.01162029
0.011625005
0.01161252
0.011637005
0.01163701
0.011637
0.011652215
0.011637105
0.01167742
0.0116772
0.01172518
0.01170531
0.011705535
0.011687095
0.011748995
0.01169235
0.01176874
0.01182968
0.011856155
0.01185619
0.01186304
0.011863085
0.01186803
0.01186803
0.011867575
0.011875555
0.01190241
0.01192496
0.01194
0.01193972
0.011986765
0.011998545
0.01210081
0.012120075
0.012168705
0.012259105
0.01229079
0.01234152
0.012384005
0.012479975
0.012481485
0.012523015
0.01235782
0.012288025
0.01233001
0.012260185
0.01232904
0.0122551
0.012255105
0.01225501
0.012255025
0.01229011
0.01230493
0.012329485
0.01236491
0.01237499
0.012358745
0.012358855
0.01238863
0.012349805
0.012329765
0.01231331
0.01232321
0.01232295
0.01232227
0.01232226
0.0122544
0.012261355
0.012255985
0.012211685
0.01219002
0.01216748
0.012162475
0.012241305
0.012162675
0.0121675
0.012171
0.012178025
0.01223366
0.012223035
0.01214518
0.01214501
0.01212081
0.012086825
0.012048925
0.012049085
0.011965915
0.011882835
0.01189001
0.01185863
0.011874305
0.01185
0.01186005
0.011939995
0.012031645
0.01207327
0.012275275
0.012321645
0.012321835
0.01238284
0.01234726
0.0123835
0.01238286
0.01240255
0.012428045
0.012424255
0.0124244
0.01244998
0.01242426
0.01239861
0.012424985
0.01243498
0.012424225
0.012421465
0.012387565
0.01234287
0.01236559
0.01233165
0.012287995
0.012288255
0.012364945
0.01229083
0.012291105
0.0122914
0.01229169
0.012291055
0.012398825
0.01236583
0.012399995
0.012399995
0.012508515
0.0125427
0.012544985
0.01254668
0.012555845
0.012659995
0.012581745
0.012587015
0.01265602
0.012681035
0.01279365
0.012797085
0.012773625
0.01260531
0.0126505
0.012695
0.012790515
0.012790515
0.0128108
0.012805975
0.012805975
0.012835745
0.01277022
0.01278072
0.012714
0.012694815
0.012694815
0.01265995
0.01271825
0.012709205
0.012708955
0.012718525
0.01271812
0.012664995
0.012655055
0.01266497
0.012699945
0.01266498
0.012665125
0.0127118
0.01271206
0.01276359
0.01279255
0.012839985
0.01285998
0.012884965
0.0128855
0.012907645
0.012910665
0.01291085
0.01294116
0.012990305
0.01300056
0.013031175
0.0130314
0.01306206
0.01307536
0.013044365
0.01292151
0.012914975
0.01288501
0.012865005
0.01293
0.01289006
0.01294994
0.012975005
0.013040015
0.013039985
0.01309553
0.01309532
0.01309501
0.0130799
0.01311992
0.013129825
0.01312999
0.01316638
0.013172755
0.013172755
0.013149965
0.01315484
0.013125
0.01315498
0.013140625
0.013150225
0.013150235
0.01315088
0.013150985
0.01317526
0.01317576
0.013200985
0.01321004
0.013215005
0.013262525
0.0133146
0.013219995
0.013213325
0.013276525
0.01334146
0.013319995
0.013256795
0.013344005
0.01332705
0.013325
0.013325005
0.013319505
0.013324515
0.013342875
0.01341342
0.0134384
0.01345001
0.013484435
0.01351498
0.013495
0.0134955
0.013505525
0.013505555
0.013534995
0.013550005
0.013502495
0.01343244
0.013310345
0.013310345
0.01330516
0.01326172
0.013213425
0.01314874
0.013058255
0.01306759
0.013026815
0.012986605
0.01298167
0.012986615
0.012961595
0.0128899
0.012820455
0.01281601
0.012836485
0.012926535
0.013023265
0.01302328
0.013093235
0.01304694
0.013046945
0.01302422
0.01302371
0.013003815
0.01302574
0.01294997
0.01289826
0.012905
0.012865
0.0129
0.012890005
0.012892535
0.012915
0.012915
0.012890005
0.01288254
0.01288254
0.01287001
0.01285647
0.01276158
0.01276158
0.012761565
0.0126649
0.01258482
0.012635235
0.012649255
0.01258582
0.012585995
0.012620555
0.0126335
0.012624415
0.012639765
0.01266821
0.01276158
0.012799415
0.01278321
0.01283948
0.012845865
0.012984155
0.012984165
0.013034985
0.01303475
0.013014285
0.012929725
0.012760965
0.01276047
0.0127074
0.01272211
0.01271276
0.012786565
0.01276359
0.0127492
0.012748935
0.01274896
0.01274011
0.0127351
0.01270495
0.012712245
0.0126925
0.012665195
0.01272225
0.01272194
0.01272123
0.012665395
0.012665335
0.012665325
0.01272082
0.01263191
0.012609765
0.01260282
0.012602815
0.012556475
0.012514605
0.012515
0.01256512
0.012552485
0.012550325
0.01255013
0.012553505
0.01255006
0.01256277
0.012665995
0.01267157
0.01275228
0.012839245
0.01283948
0.012839805
0.01285349
0.01281083
0.01277349
0.01277361
0.01280865
0.012827495
0.01277398
0.01272672
0.01265755
0.012632555
0.01261012
0.012699995
0.01270183
0.01270611
0.012713215
0.012765625
0.012707715
0.01270731
0.012712265
0.01268001
0.012657605
0.01266266
0.01266763
0.012694765
0.01270266
0.01270247
0.012707495
0.012729205
0.012729205
0.01272917
0.012729095
0.01272917
0.012729235
0.01272924
0.01278374
0.01278369
0.012783735
0.012783965
0.01278486
0.01278511
0.012856865
0.012785165
0.012782265
0.01281
0.012845625
0.012855275
0.012874755
0.01287253
0.012844765
0.01282818
0.01282832
0.012855545
0.012855545
0.012855545
0.012855545
0.012855545
0.012872525
0.012872525
0.012872525
0.01287251
0.012872505
0.012872505
0.01287247
0.012780465
0.0127671
0.012766855
0.012734255
0.012704495
0.012672625
0.012663925
0.01260258
0.012574975
0.012550485
0.012534805
0.012555345
0.01255026
0.012511045
0.012555155
0.01255501
0.012540405
0.01255495
0.0125843
0.01259905
0.012661635
0.012642335
0.01264233
0.01263187
0.012592245
0.012617465
0.012592585
0.012573155
0.01257683
0.012607395
0.012609155
0.012656005
0.01258868
0.01256624
0.01261497
0.012605
0.012619
0.01262748
0.012575005
0.01256545
0.01257414
0.012540995
0.01250081
0.012521
0.012548815
0.01254876
0.01253292
0.01243894
0.012438875
0.0124576
0.01243375
0.012410005
0.01237798
0.01241178
0.01241661
0.0123831
0.012428535
0.012428545
0.012428525
0.012425005
0.012453525
0.01240582
0.012375395
0.012330435
0.012329985
0.012285985
0.01227827
0.01229299
0.01229799
0.01229698
0.012281
0.012281005
0.012280875
0.01228101
0.012286005
0.012299995
0.012281
0.012280995
0.012252165
0.012249995
0.01226999
0.01224984
0.012235045
0.01229975
0.01232082
0.012320825
0.012332845
0.0123105
0.01233235
0.01233235
0.01233235
0.012310005
0.012332365
0.012332365
0.012354695
0.012377315
0.012377315
0.012399965
0.01245457
0.012499815
0.012521925
0.012524685
0.012524685
0.012574985
0.01261999
0.012654985
0.01263763
0.012583355
0.01256075
0.012575985
0.012575815
0.012518415
0.01249641
0.01249601
0.012495735
0.01241576
0.012415765
0.01249507
0.01249473
0.012490135
0.01245992
0.012460055
0.01246005
0.01248692
0.01246004
0.012460015
0.01244658
0.0124601
0.01246025
0.01246046
0.01250271
0.01250781
0.012507545
0.01256082
0.012508785
0.012530015
0.012559995
0.012530025
0.01253506
0.012559995
0.01262347
0.01259173
0.012596175
0.012596265
0.012669095
0.01266907
0.01271499
0.012714995
0.01273183
0.012789635
0.01283141
0.01283239
0.012869575
0.012875955
0.012833905
0.012833825
0.012790295
0.01279027
0.012730405
0.012818335
0.012823005
0.012752655
0.01282296
0.012834245
0.012856375
0.012934705
0.012975875
0.013049935
0.013094885
0.01310599
0.013172155
0.013198465
0.013216835
0.01315799
0.013011535
0.012969415
0.01298669
0.013049805
0.013059325
0.013144595
0.01317981
0.013199515
0.01322417
0.01322391
0.013248775
0.013248775
0.01326081
0.013271595
0.01328946
0.013289615
0.013289115
0.013289115
0.013294555
0.01322391
0.01321163
