0.000170665
0.00017067
0.00017128
0.00017126
0.0001715
0.00017095
0.00017145
0.00017146
0.000171485
0.0001713
0.000171525
0.0001715
0.000171115
0.00017111
0.000171625
0.000171655
0.000171985
0.00017202
0.000171705
0.000172005
0.00017206
0.00017206
0.00017217
0.000171755
0.000171755
0.000171855
0.00017217
0.00017126
0.00017098
0.0001721
0.00017088
0.00017157
0.000172005
0.000172165
0.000171655
0.000172445
0.000171505
0.000171505
0.00017152
0.00017153
0.000171765
0.000172345
0.0001724
0.000172545
0.000173215
0.000172765
0.000172765
0.00017276
0.00017276
0.00017277
0.0001723
0.00017237
0.0001723
0.000172355
0.000172385
0.00017239
0.000172405
0.00017276
0.000172675
0.00017277
0.000173155
0.000173155
0.00017358
0.00017402
0.00017434
0.00017475
0.000174895
0.000174435
0.000174435
0.00017443
0.00017444
0.000174505
0.00017467
0.0001749
0.00017491
0.00017457
0.00017484
0.00017541
0.000175705
0.00017586
0.000176105
0.00017653
0.0001759
0.00017574
0.00017455
0.00017455
0.000174995
0.000174645
0.000174005
0.0001745
0.000174505
0.00017451
0.00017466
0.00017456
0.00017452
0.000174525
0.00017479
0.00017482
0.00017482
0.000174445
0.000174445
0.00017465
0.000174195
0.000174195
0.000174075
0.000173085
0.000173375
0.00017325
0.00017295
0.00017332
0.00017372
0.0001736
0.000173275
0.00017325
0.000173035
0.00017327
0.000173465
0.00017437
0.000174735
0.00017392
0.000173965
0.00017399
0.00017406
0.000173915
0.00017394
0.00017369
0.000173705
0.000173695
0.000173725
0.000173425
0.00017413
0.00017404
0.0001745
0.00017455
0.0001746
0.0001744
0.0001738
0.00017385
0.00017356
0.00017385
0.00017375
0.00017375
0.00017375
0.00017375
0.000173755
0.000173745
0.000173745
0.000173745
0.00017371
0.00017344
0.00017339
0.000174
0.00017528
0.000174325
0.0001753
0.000175535
0.000175535
0.000175565
0.0001749
0.00017487
0.00017482
0.000174195
0.000175135
0.00017543
0.000175585
0.000175745
0.0001751
0.000175895
0.0001761
0.0001761
0.0001759
0.000174745
0.00017378
0.000173855
0.00017389
0.00017463
0.00017451
0.00017392
0.00017392
0.000173925
0.000174395
0.000174045
0.000174445
0.000174445
0.000174205
0.000173825
0.00017382
0.00017335
0.00017335
0.000172465
0.00017236
0.000172375
0.00017223
0.00017213
0.000172115
0.00017201
0.000172125
0.000172135
0.000172165
0.00017211
0.000171415
0.000171555
0.000171855
0.000171375
0.00017184
0.000171805
0.00017185
0.000171845
0.000171275
0.000171045
0.00017103
0.00017075
0.000170325
0.00017043
0.00017007
0.000170045
0.00017012
0.00016988
0.000169755
0.00016974
0.0001696
0.000168995
0.000168755
0.00016876
0.000169775
0.000170315
0.000170185
0.00017035
0.00017111
0.00017014
0.00017041
0.00017085
0.000170745
0.00017073
0.00017087
0.0001708
0.00017095
0.00017095
0.00017066
0.000170745
0.00017041
0.000170405
0.000170405
0.000170495
0.00017074
0.00017055
0.000170495
0.00017055
0.00017055
0.00017076
0.00017079
0.000170805
0.00017081
0.0001708
0.0001708
0.00017108
0.000170905
0.000171155
0.0001712
0.000171265
0.000171505
0.000171075
0.000171035
0.000170895
0.00017131
0.00017088
0.00017082
0.00017073
0.000170495
0.000170485
0.000170025
0.000170025
0.00017036
0.000170845
0.000170845
0.000170805
0.00017048
0.0001702
0.000170195
0.000170195
0.000170415
0.000170675
0.000170545
0.000170545
0.000170745
0.000170745
0.00017077
0.00017045
0.00017045
0.000170575
0.000170325
0.00017018
0.00016986
0.000169465
0.00016903
0.000168925
0.000168925
0.000169425
0.00016858
0.00016856
0.000168375
0.000168165
0.000167565
0.00016759
0.00016756
0.00016756
0.00016756
0.000167555
0.000167545
0.000167185
0.000167095
0.00016694
0.000167395
0.000167595
0.000167965
0.000168045
0.000166865
0.000167125
0.000167075
0.000166435
0.00016652
0.00016605
0.00016625
0.000166335
0.000166245
0.00016611
0.00016567
0.00016599
0.000165595
0.000165595
0.000166155
0.000166135
0.000165795
0.00016555
0.000165795
0.00016584
0.000165775
0.000165775
0.00016704
0.000168665
0.00016767
0.000168845
0.000168905
0.00016886
0.00016806
0.0001678
0.0001678
0.000167805
0.000167795
0.000167795
0.000167795
0.000167795
0.00016779
0.00016764
0.00016883
0.000168645
0.000168175
0.00016848
0.000168405
0.00016845
0.00016832
0.00016791
0.00016732
0.000166905
0.00016675
0.00016675
0.00016675
0.00016743
0.000166805
0.00016726
0.000166805
0.000166895
0.000166895
0.00016679
0.0001659
0.00016628
0.000165835
0.00016584
0.00016547
0.000165465
0.00016516
0.00016511
0.000165085
0.000165125
0.00016495
0.00016488
0.000164755
0.000164765
0.000164645
0.000164545
0.00016457
0.000164305
0.000163875
0.000163795
0.00016483
0.000164455
0.00016427
0.000165235
0.00016515
0.00016595
0.0001654
0.00016449
0.000165355
0.000164745
0.00016445
0.000164335
0.000164335
0.000164285
0.00016445
0.000164505
0.000164555
0.00016531
0.000165745
0.000165875
0.000165745
0.000165315
0.000165315
0.000164755
0.000164005
0.00016402
0.000164485
0.00016447
0.00016529
0.000164825
0.000164715
0.0001647
0.000164575
0.00016445
0.000164745
0.00016527
0.00016496
0.000164575
0.000165225
0.00016462
0.000165215
0.000165275
0.000165205
0.000165095
0.000163975
0.00016492
0.00016428
0.0001649
0.000164105
0.000164055
0.000163715
0.000163675
0.000163675
0.000163925
0.00016376
0.00016377
0.000163795
0.000164105
0.00016377
0.000164095
0.000163705
0.00016344
0.000163645
0.00016334
0.00016333
0.00016197
0.000163365
0.00016345
0.0001635
0.000163685
0.000163725
0.00016392
0.00016541
0.00016542
0.00016587
0.000166995
0.0001681
0.00016758
0.00016647
0.00016642
0.000166565
0.000166985
0.000167485
0.00016725
0.000164795
0.00016532
0.000166005
0.00016693
0.00016694
0.000166825
0.000166815
0.00016681
0.00016687
0.00016726
0.000167255
0.00016726
0.000167295
0.000167605
0.000167225
0.00016749
0.00016796
0.000168005
0.00016749
0.000166685
0.00016715
0.0001661
0.000166485
0.000166375
0.000165755
0.00016585
0.000165535
0.000165545
0.000165375
0.000165365
0.00016568
0.00016568
0.000165585
0.0001651
0.00016475
0.000164405
0.0001644
0.000164335
0.000164425
0.00016443
0.00016437
0.00016438
0.000164385
0.000163955
0.00016285
0.000163285
0.000163735
0.000163875
0.000164155
0.000163975
0.00016398
0.00016365
0.00016381
0.000163805
0.000164285
0.000165535
0.00016529
0.00016529
0.000165745
0.00016578
0.000166105
0.00016566
0.000166165
0.000166225
0.000166575
0.000167015
0.00016645
0.000166835
0.000166725
0.000167115
0.000167365
0.000167455
0.000167445
0.000167245
0.00016705
0.00016679
0.00016674
0.000166925
0.000166775
0.000166735
0.000166345
0.00016518
0.000164775
0.00016415
0.000164125
0.000163825
0.00016381
0.00016403
0.000164075
0.00016398
0.000164075
0.00016415
0.00016416
0.000164225
0.000164225
0.00016408
0.000164185
0.000164955
0.000165605
0.00016592
0.0001659
0.000165385
0.00016518
0.00016517
0.000165765
0.000164815
0.000164675
0.000164995
0.000165385
0.000165385
0.00016538
0.000165305
0.00016527
0.00016529
0.000165455
0.00016581
0.00016543
0.0001654
0.000165375
0.000164905
0.00016491
0.00016475
0.000164755
0.00016474
0.000164975
0.000164975
0.00016468
0.000164785
0.00016492
0.000164875
0.00016461
0.000164605
0.00016443
0.0001646
0.00016483
0.000164845
0.000164845
0.000164845
0.000164425
0.00016442
0.00016442
0.000164435
0.00016489
0.00016405
0.000164045
0.00016405
0.00016424
0.00016424
0.0001642
0.000164205
0.000164185
0.00016381
0.00016379
0.000163555
0.00016352
0.00016326
0.00016315
0.00016259
0.00016253
0.00016253
0.000162765
0.000162995
0.00016325
0.0001631
0.00016308
0.000163125
0.000163275
0.000163005
0.00016278
0.000162895
0.00016276
0.000162775
0.000162775
0.0001631
0.00016315
0.00016276
0.00016285
0.000162755
0.000162745
0.000162555
0.000162575
0.000162315
0.000162325
0.000162225
0.000161755
0.000161635
0.00016226
0.00016168
0.000161015
0.000161125
0.000161665
0.00016174
0.00016165
0.000161605
0.000161605
0.00016176
0.000161215
0.000161125
0.00016113
0.000161175
0.00016113
0.00016122
0.000161225
0.00016177
0.000162305
0.000162305
0.000162355
0.00016172
0.00016239
0.000161305
0.00016172
0.0001617
0.00016169
0.000162145
0.000161255
0.00016152
0.0001608
0.000161045
0.000161045
0.000160805
0.000161515
0.000161255
0.00016122
0.000160665
0.00016058
0.000161065
0.00016105
0.000160795
0.000160425
0.00016031
0.00016031
0.000160145
0.00015993
0.00015993
0.000159705
0.000159925
0.000159935
0.00016075
0.000160925
0.00016138
0.000162655
0.00016275
0.000162985
0.00016291
0.000162905
0.00016292
0.000163035
0.00016315
0.000163445
0.00016376
0.000164205
0.00016453
0.000165215
0.000164785
0.00016458
0.00016425
0.000164655
0.0001651
0.000165685
0.00016523
0.00016602
0.000165895
0.000166055
0.000166705
0.000166405
0.00016575
0.000166035
0.000166075
0.000165905
0.000166405
0.000165055
0.000165675
0.000165475
0.000165835
0.00016583
0.0001657
0.00016478
0.0001647
0.00016443
0.000164395
0.00016424
0.00016362
0.00016361
0.000163555
0.00016369
0.000163545
0.00016417
0.00016417
0.000163725
0.000163925
0.00016396
0.000163765
0.000163755
0.000163505
0.000163555
0.0001638
0.000163805
0.00016381
0.00016438
0.000164755
0.000164125
0.000163505
0.00016351
0.000163965
0.00016385
0.000163355
0.000163615
0.000162805
0.000163265
0.000163545
0.00016312
0.000162435
0.0001627
0.000162505
0.000162745
0.000162995
0.000162025
0.00016221
0.000161615
0.000161605
0.00016169
0.00016166
0.000161645
0.00016157
0.00016168
0.000162485
0.000162985
0.000162705
0.000162795
0.00016289
0.000161975
0.00016316
0.000163745
0.0001638
0.000162925
0.000163365
0.000163485
0.000163565
0.0001631
0.0001625
0.00016299
0.0001625
0.00016252
0.000161925
0.00016193
0.000161945
0.00016194
0.000161995
0.00016194
0.00016194
0.00016288
0.000161995
0.000162515
0.000162545
0.00016256
0.000162655
0.00016348
0.000164245
0.0001651
0.000165685
0.0001664
0.000166375
0.00016724
0.000167245
0.000167515
0.000167515
0.000166525
0.00016628
0.00016503
0.000163575
0.000163015
0.00016214
0.000161245
0.000160555
0.00015959
0.00015949
0.000159425
0.000160315
0.000162035
0.00016225
0.000162945
0.00016281
0.000162775
0.00016281
0.000162155
0.000162085
0.00016265
0.000162155
0.00016195
0.00016137
0.000161355
0.0001617
0.00016096
0.000160905
0.00016089
0.000160555
0.0001606
0.000160855
0.00016103
0.000161695
0.00016208
0.00016169
0.000161715
0.00016224
0.00016319
0.00016347
0.00016224
0.000162445
0.00016247
0.00016298
0.000163175
0.000163405
0.00016359
0.00016361
0.00016356
0.000163565
0.000163555
0.000162885
0.000162825
0.000162905
0.00016291
0.000162915
0.000162905
0.0001629
0.000162925
0.00016278
0.000162665
0.000162785
0.00016224
0.000162225
0.000162225
0.000162235
0.00016208
0.000161935
0.00016161
0.00016089
0.000160785
0.000160785
0.000160895
0.00016131
0.00016219
0.000161035
0.00016147
0.000162265
0.000162125
0.00016201
0.000162025
0.00016209
0.00016135
0.00016115
0.00016115
0.00016115
0.0001613
0.00016089
0.000160635
0.0001615
0.000161325
0.00016208
0.000160705
0.00016082
0.00016094
0.00016121
0.000160445
0.000160615
0.00016062
0.0001614
0.00016145
0.000161895
0.0001615
0.0001609
0.000161465
0.000161405
0.00016132
0.000161305
0.000161315
0.00016147
0.00016147
0.000161985
0.000161695
0.000161695
0.000161235
0.000161455
0.000161985
0.00016161
0.000162545
0.000162875
0.00016296
0.000163025
0.00016302
0.0001636
0.00016434
0.000164685
0.000164825
0.000164825
0.000164625
0.000164245
0.00016429
0.00016429
0.00016429
0.000164325
0.000164405
0.000164435
0.00016441
0.00016437
0.000164495
0.000164365
0.000164365
0.000164375
0.00016436
0.000164405
0.000164405
0.000163865
0.00016469
0.000163325
0.00016383
0.000163885
0.000163915
0.00016389
0.000164645
0.000164655
0.00016393
0.000163735
0.000163405
0.00016332
0.000162635
0.0001626
0.000162665
0.00016277
0.00016246
0.00016259
0.00016276
0.000163445
0.000163465
0.000163445
0.00016346
0.000162695
0.00016302
0.00016315
0.000162925
0.000163145
0.000162855
0.000163125
0.00016308
0.0001619
0.00016192
0.000162535
0.00016261
0.000162325
0.00016194
0.00016245
0.00016189
0.00016224
0.00016195
0.0001619
0.00016175
0.00016131
0.000161275
0.000161615
0.000161835
0.00016141
0.00016136
0.000161065
0.000161405
0.000161405
0.000161695
0.000161415
0.00016106
0.000161015
0.000160975
0.000160955
0.000160955
0.000160955
0.00016109
0.00016109
0.00016155
0.000161545
0.00016226
0.00016224
0.00016159
0.000161595
0.00016151
0.0001613
0.000161255
0.00016101
0.00016065
0.0001604
0.00016012
0.000160595
0.000161255
0.00016126
0.00016165
0.000161245
0.0001608
0.0001605
0.00016177
0.000161535
0.000160855
0.000160855
0.000160695
0.000160695
0.00016067
0.000160475
0.000160255
0.00016051
0.00016075
0.000160695
0.000160595
0.00016044
0.0001603
0.00016001
0.000160515
0.000160525
0.00016014
0.00015945
0.00015943
0.000159415
0.000160155
0.00015978
0.00016009
0.000159195
0.000158875
0.00015859
0.00015846
0.00015944
0.000158355
0.00015829
0.00015888
0.000158295
0.00015821
0.00015822
0.000158135
0.000158895
0.000158785
0.000158685
0.000158685
0.00015842
0.00015923
0.00015874
0.00015941
0.000160375
0.000160275
0.00016078
0.00016026
0.000162055
0.00016152
0.000162625
0.000161885
0.000162535
0.000161775
0.000162305
0.00016217
0.000162245
0.00016237
0.000161595
0.000161565
0.000161625
0.000161735
0.00016209
0.000161845
0.000161855
0.00016183
0.000161465
0.00016155
0.000162135
0.000161895
0.0001619
0.000161865
0.00016208
0.00016215
0.000162125
0.000162125
0.000162115
0.00016224
0.00016192
0.00016159
0.000161335
0.000161365
0.00016137
0.000161725
0.000161595
0.000161635
0.000161765
0.00016184
0.00016189
0.000161905
0.000161915
0.00016192
0.000162185
0.000161795
0.000161615
0.00016125
0.000161165
0.000160825
0.00016058
0.000160575
0.00016056
0.0001609
0.0001609
0.00016075
0.000160895
0.00016089
0.0001609
0.000161185
0.000161185
0.000161085
0.000160575
0.00016075
0.00016074
0.000160695
0.000160565
0.00016055
0.0001604
0.00016018
0.000159995
0.00015939
0.0001594
0.000159175
0.00015873
0.000158445
0.00015844
0.00015839
0.00015844
0.000158185
0.000158185
0.000158185
0.000158185
0.00015819
0.000158185
0.000157715
0.000157505
0.00015748
0.000157045
0.000157275
0.000157095
0.00015682
0.00015722
0.00015721
0.00015722
0.000157755
0.00015906
0.000159715
0.000159815
0.000159715
0.00015886
0.000159835
0.00015929
0.000158335
0.000158395
0.00015845
0.000158235
0.00015823
0.000158295
0.00015805
0.00015815
0.000158145
0.00015765
0.0001575
0.000156635
0.000156645
0.000156645
0.00015664
0.000156565
0.000156325
0.000156245
0.00015598
0.000155945
0.000155905
0.00015572
0.000155705
0.00015556
0.00015525
0.000155
0.000154505
0.000154175
0.000153995
0.000153885
0.00015436
0.000154035
0.00015571
0.00015452
0.000154945
0.000154725
0.000153605
0.0001539
0.000154275
0.00015427
0.000153805
0.000153925
0.000153925
0.000153525
0.00015353
0.000154405
0.00015441
0.00015441
0.00015435
0.00015392
0.00015395
0.00015387
0.00015387
0.00015349
0.00015347
0.00015333
0.000153505
0.00015361
0.000153735
0.00015377
0.000153845
0.00015388
0.00015386
0.000153855
0.00015358
0.00015358
0.00015348
0.0001536
0.000153605
0.00015385
0.000153605
0.000153605
0.00015311
0.000153035
0.000153035
0.000153045
0.000152935
0.00015297
0.00015294
0.000153315
0.0001533
0.00015293
0.00015293
0.00015293
0.000152925
0.00015259
0.0001527
0.000152495
0.000152025
0.000152045
0.000151905
0.00015182
0.000152075
0.00015194
0.000152595
0.00015277
0.000152785
0.000152895
0.00015325
0.000154055
0.000155035
0.000156395
0.000157475
0.0001578
0.000158215
0.00015849
0.000158285
0.000158935
0.000159055
0.000158605
0.000158895
0.000159145
0.00015779
0.00015856
0.00015781
0.00015683
0.000156405
0.00015642
0.00015528
0.000155265
0.00015527
0.000155005
0.00015481
0.000154565
0.00015445
0.00015433
0.00015373
0.000154555
0.00015434
0.000153995
0.00015381
0.000154295
0.000154245
0.00015405
0.00015408
0.000154135
0.000154245
0.000154245
0.000154545
0.000154695
0.00015464
0.000154585
0.000154395
0.00015436
0.000154395
0.0001544
0.000154255
0.00015426
0.00015441
0.000154385
0.00015439
0.000154015
0.000153355
0.000153585
0.00015361
0.00015369
0.0001537
0.0001538
0.00015401
0.000154085
0.000153925
0.000154515
0.000154505
0.00015451
0.00015453
0.000154785
0.000154245
0.000154085
0.00015391
0.00015375
0.00015348
0.000153235
0.00015227
0.000151775
0.00015151
0.00015171
0.00015166
0.00015135
0.000150545
0.00015005
0.000150095
0.000150095
0.000151505
0.00015168
0.000151955
0.000152915
0.00015215
0.000152905
0.000152505
0.000152885
0.0001526
0.000151885
0.00015132
0.000151125
0.00015054
0.00015054
0.000150105
0.000150105
0.00015011
0.000149995
0.000149535
0.000148095
0.000147975
0.00014755
0.00014763
0.000147695
0.000147895
0.00014736
0.000146975
0.00014667
0.000146015
0.00014586
0.00014524
0.00014598
0.000146885
0.00014539
0.000145425
0.00014524
0.000142585
0.000142335
0.00014232
0.000141975
0.000141445
0.00014094
0.000140885
0.00014111
0.00014066
0.000141855
0.0001442
0.000144385
0.00014439
0.00014359
0.000144155
0.000144095
0.000144175
0.000144175
0.00014486
0.000145145
0.000144495
0.000145655
0.00014543
0.00014648
0.00014658
0.000143995
0.00014377
0.000143725
0.000143445
0.00014337
0.000143135
0.000142635
0.00014289
0.00014335
0.00014295
0.000143015
0.00014338
0.000142725
0.000143165
0.000143065
0.00014169
0.00014075
0.00014044
0.00013909
0.00013842
0.000137585
0.00013695
0.000136755
0.000136775
0.00013877
0.00013908
0.000139295
0.00013959
0.00013873
0.00013833
0.00013761
0.0001376
0.00013755
0.000137205
0.000135995
0.000134935
0.00013614
0.00013634
0.000137435
0.00013698
0.000137115
0.00013707
0.0001373
0.00013676
0.000136215
0.000136515
0.000136735
0.000136725
0.000136625
0.00013591
0.000136095
0.00013555
0.000135205
0.00013554
0.000135365
0.00013462
0.00013418
0.0001339
0.000133785
0.000134375
0.000133625
0.000134495
0.000134525
0.000135685
0.00013538
0.00013444
0.00013534
0.00013436
0.000134625
0.000133755
0.00013265
0.00013265
0.00013205
0.00013115
0.000131105
0.0001304
0.000129995
0.00012975
0.00013039
0.00012855
0.00012802
0.000129295
0.000128745
0.00012831
0.0001279
0.0001276
0.00012702
0.000125915
0.000126425
0.00012579
0.000124835
0.000124735
0.000124875
0.00012377
0.00012079
0.00012001
0.00011986
0.00011971
0.00011616
0.000114325
0.000114185
0.00012463
0.000125915
0.000130435
0.00013343
0.000133715
0.00013925
0.000141455
0.00014191
0.000141935
0.000142985
0.000142375
0.000142955
0.00014344
0.000142005
0.00014075
0.00014205
0.00013871
0.000134655
0.00013215
0.000126715
0.00013216
0.000131095
0.00012905
0.00012795
0.00012963
0.00012966
0.0001315
0.00013303
0.00013396
0.00013384
0.0001305
0.00012872
0.00012868
0.000128685
0.00013128
0.000131805
0.00013235
0.000134405
0.000136515
0.00013748
0.000138405
0.00013825
0.000135375
0.000135415
0.00013635
0.000136735
0.000136115
0.000137445
0.000138685
0.00013848
0.00013954
0.00014013
0.000139435
0.00013858
0.00013953
0.00013934
0.00013824
0.000138995
0.00013979
0.00013975
0.000139465
0.000139585
0.00013949
0.00013799
0.00013695
0.000137125
0.000136605
0.00013671
0.000136445
0.00013533
0.000133515
0.000134125
0.00013409
0.00013601
0.000137035
0.0001363
0.00013575
0.00013724
0.000137515
0.0001378
0.000138255
0.00013747
0.00013804
0.000138495
0.000138265
0.000138685
0.000138745
0.00013916
0.00013954
0.00013947
0.00013923
0.00013958
0.000139525
0.000139125
0.000139655
0.000139785
0.000139615
0.000139705
0.00013991
0.000139845
0.000139675
0.000139775
0.00014023
0.000139965
0.000140215
0.00014029
0.000141745
0.000141965
0.00014267
0.000141945
0.00014276
0.000143725
0.0001444
0.00014449
0.00014509
0.00014639
0.000147135
0.000147385
0.00014796
0.000148945
0.000148995
0.000149955
0.0001495
0.00015061
0.00014931
0.000150015
0.00014949
0.000149395
0.000151235
0.00015085
0.00015051
0.00015075
0.000150615
0.000151285
0.000152365
0.00015375
0.00015468
0.0001547
0.0001547
0.000152855
0.000152995
0.00015489
0.000152115
0.00015083
0.000150565
0.000151755
0.000151005
0.000151965
0.000152685
0.000153905
0.000153835
0.000153245
0.000154055
0.000153645
0.000152945
0.00015294
0.000151805
0.000150885
0.00015092
0.00015027
0.000150255
0.00015025
0.000151225
0.000149735
0.000150735
0.00015012
0.000150565
0.00015053
0.0001513
0.00015085
0.00015092
0.000150005
0.00015065
0.00015
0.000150075
0.000148035
0.00014788
0.00014747
0.00014734
0.00014829
0.00014891
0.00014887
0.00014847
0.00014989
0.000148955
0.0001485
0.00014853
0.00014899
0.0001493
0.00014945
0.000149605
0.000149645
0.00014945
0.000148125
0.0001482
0.000148415
0.00014762
0.00014692
0.000146745
0.000146725
0.000146855
0.000146515
0.000146605
0.000146135
0.000146145
0.000146145
0.00014595
0.00014576
0.00014526
0.00014484
0.000144565
0.000144195
0.000143985
0.00014348
0.000141425
0.00014138
0.00014143
0.0001419
0.000142565
0.00014347
0.00014252
0.00014213
0.00014329
0.00014281
0.00014281
0.00014242
0.000142805
0.000142825
0.000143235
0.0001426
0.00014125
0.000141255
0.00014125
0.00014108
0.000140395
0.000140135
0.000140535
0.000139505
0.000139145
0.000137145
0.00013589
0.00013455
0.00013425
0.000136135
0.000136785
0.00013767
0.00013798
0.00013772
0.000136415
0.00013565
0.00013645
0.00013645
0.000135975
0.00013633
0.000137075
0.000137125
0.000137045
0.00013675
0.000137745
0.000138835
0.000140995
0.000141345
0.000141285
0.0001399
0.00013924
0.00013859
0.0001387
0.00013857
0.000139765
0.000138805
0.00013874
0.00014015
0.000139895
0.000138395
0.00013737
0.00013797
0.00013744
0.000136945
0.00013565
0.00013645
0.00013645
0.000136445
0.00013452
0.00013359
0.000133035
0.000134205
0.000130155
0.00013125
0.00013068
0.000129655
0.000128725
0.000128145
0.00012794
0.000127775
0.00012764
0.00012852
0.000129585
0.000129815
0.000129465
0.000130615
0.000132
0.00013185
0.00013208
0.000135
0.000135255
0.000136235
0.000135895
0.000137495
0.0001367
0.000138945
0.00013811
0.00013982
0.00013983
0.000140005
0.000141295
0.000142085
0.0001435
0.00014361
0.00014137
0.00014102
0.00014272
0.00014222
0.000142165
0.000139985
0.000141195
0.000141035
0.0001414
0.000141775
0.00014195
0.000143495
0.000143845
0.000144945
0.000145535
0.000145995
0.00014753
0.00014799
0.00014707
0.000147225
0.00014252
0.000141985
0.00013986
0.000138245
0.000137745
0.000139275
0.00013893
0.000140715
0.00014084
0.000140225
0.00014067
0.00014114
0.00014199
0.00014153
0.0001415
0.000142255
0.000142395
0.0001424
0.00014225
0.000141985
0.000140755
0.000140585
0.000139055
0.00013782
0.0001376
0.000138005
0.00013763
0.00013759
0.0001371
0.00013794
0.000138755
0.000138785
0.00013947
0.000139435
0.00013856
0.00013817
0.000138335
0.000138005
0.000137915
0.000139215
0.00013923
0.0001396
0.00013913
0.000139125
0.000138935
0.000138995
0.000138985
0.00013853
0.000138345
0.00013824
0.000137505
0.000137825
0.00013726
0.00013715
0.00013678
0.00013677
0.00013699
0.00013726
0.000138625
0.00013846
0.00013752
0.000137505
0.00013787
0.000137445
0.000137655
0.00013743
0.00013738
0.00013739
0.00013744
0.000137355
0.00013736
0.00013763
0.000137805
0.00013841
0.00013903
0.00013925
0.00013955
0.000140435
0.00014016
0.000140295
0.00014037
0.00014027
0.000140755
0.00014114
0.0001429
0.00014305
0.000142105
0.000142305
0.00014101
0.000141705
0.00014175
0.00014258
0.000142575
0.000143225
0.000142985
0.00014299
0.000143295
0.0001439
0.000143905
0.0001434
0.000143175
0.00014396
0.00014327
0.000142775
0.00014347
0.00014353
0.000142755
0.00014276
0.000142715
0.00014275
0.000142755
0.00014334
0.000142785
0.00014288
0.00014253
0.00014255
0.00014238
0.000143045
0.00014207
0.000142075
0.00014207
0.000142075
0.000142235
0.000142105
0.000142575
0.000142575
0.000142565
0.00014227
0.000142545
0.00014296
0.000143535
0.00014359
0.00014397
0.00014434
0.000145105
0.00014526
0.000145955
0.000146255
0.0001467
0.000147575
0.00014775
0.00014702
0.00014576
0.000146335
0.00014724
0.000146335
0.000146005
0.000146505
0.00014653
0.00014685
0.00014685
0.000147255
0.000146825
0.000145975
0.00014554
0.00014568
0.000143385
0.00014144
0.00014107
0.000141255
0.00014137
0.000141485
0.00014215
0.000141265
0.000141845
0.000141405
0.000140015
0.000139785
0.000139495
0.00013801
0.000138015
0.00013818
0.00013755
0.00013729
0.000137535
0.0001384
0.000138245
0.00013817
0.00013889
0.000138915
0.00013846
0.000138345
0.000138875
0.000138765
0.00013847
0.0001377
0.00013723
0.000137195
0.000136295
0.000136345
0.000136685
0.000137115
0.000137155
0.00013748
0.000137135
0.000137255
0.000136615
0.00013626
0.000136365
0.00013638
0.00013589
0.00013598
0.000136165
0.00013624
0.00013696
0.000137235
0.000137225
0.0001378
0.00013782
0.00013815
0.00013863
0.000139265
0.000139555
0.00014024
0.000139125
0.000139175
0.00013809
0.000138125
0.00013784
0.000138835
0.00013849
0.00013849
0.000138295
0.0001383
0.00013843
0.000138615
0.000138125
0.000138125
0.00013826
0.00013826
0.000137595
0.00013759
0.000137115
0.00013791
0.000137865
0.000137865
0.000136905
0.00013693
0.000137505
0.00013734
0.00013711
0.000136615
0.00013662
0.000136425
0.00013557
0.000136315
0.000136475
0.000136815
0.000137885
0.000138025
0.0001374
0.000137795
0.000138465
0.00013827
0.00013776
0.00013705
0.000136755
0.000136095
0.000136615
0.00013777
0.000137125
0.000137785
0.00013846
0.00013861
0.000138285
0.000138285
0.000137675
0.000137845
0.00013783
0.00013745
0.000137195
0.000136775
0.000136685
0.000136535
0.00013709
0.00013744
0.000137505
0.00013623
0.00013658
0.000135715
0.00013589
0.00013592
0.000136355
0.000136035
0.000135685
0.00013531
0.00013435
0.000134825
0.000134995
0.00013484
0.00013482
0.000134735
0.00013479
0.00013547
0.000134805
0.000134895
0.00013483
0.00013521
0.000134555
0.0001352
0.000134865
0.000134555
0.00013608
0.0001362
0.000136065
0.000136265
0.00013649
0.000136765
0.000136795
0.000136795
0.00013662
0.000137145
0.000136805
0.000136995
0.00013681
0.00013681
0.000136815
0.00013681
0.000136295
0.000136225
0.00013633
0.00013627
0.000136045
0.000136855
0.00013677
0.000136305
0.000137095
0.000135605
0.000135125
0.000133965
0.00013368
0.00013422
0.00013394
0.000134015
0.000134115
0.000134185
0.0001344
0.000134695
0.000134685
0.00013451
0.00013428
0.000134005
0.00013428
0.000133975
0.000134085
0.00013384
0.000133145
0.00013381
0.000134065
0.00013387
0.00013399
0.00013398
0.000134295
0.00013353
0.000134385
0.00013381
0.00013391
0.000134155
0.000133835
0.00013438
0.000134315
0.000133965
0.000134025
0.000134235
0.000134215
0.000134915
0.000134535
0.00013491
0.000135955
0.000135995
0.000136235
0.000136225
0.00013643
0.0001365
0.0001365
0.000136505
0.00013673
0.00013719
0.000137245
0.000138215
0.00013839
0.000138535
0.000138885
0.00013907
0.000138745
0.000139085
0.000139715
0.000139015
0.000138685
0.00013893
0.00013937
0.000139825
0.000139725
0.000139175
0.000139285
0.000140105
0.00013938
0.00013983
0.00013983
0.000139395
0.00013836
0.000137215
0.00013653
0.000137655
0.00013764
0.000137665
0.000138165
0.00013868
0.000139035
0.00013977
0.00013979
0.00013968
0.000139515
0.000139505
0.000139535
0.000139985
0.000139535
0.00013969
0.000139745
0.00013974
0.00013995
0.00014044
0.000139575
0.000140255
0.00014027
0.000140815
0.00014135
0.00014201
0.00014235
0.000143885
0.000144265
0.00014481
0.000145955
0.00014645
0.000146825
0.000147005
0.00014644
0.00014668
0.000146685
0.000146305
0.000145725
0.00014587
0.000145755
0.000146315
0.000146475
0.000146665
0.000147085
0.000146765
0.000147415
0.000147875
0.000148325
0.000149245
0.000149105
0.000149005
0.00014833
0.0001476
0.00014547
0.000143795
0.00014334
0.00014324
0.000144505
0.000144825
0.00014491
0.000144255
0.000144615
0.000144295
0.00014491
0.000144895
0.0001455
0.000144605
0.000144645
0.00014489
0.000145065
0.00014512
0.00014501
0.000144375
0.000142915
0.00014266
0.000142635
0.000141585
0.00014116
0.000141515
0.000139965
0.000139325
0.000138875
0.00013985
0.00013982
0.00013983
0.000139605
0.000139625
0.00014015
0.000140515
0.00014071
0.000140545
0.00014025
0.00014029
0.00014028
0.000140275
0.00014027
0.000139785
0.000139715
0.00013977
0.000140325
0.000139485
0.00013955
0.00013954
0.000139385
0.000138295
0.00013892
0.00013923
0.00013922
0.00013898
0.00013949
0.000139915
0.000139935
0.00013966
0.00013968
0.000139045
0.000139335
0.000139135
0.000138855
0.000138855
0.00013893
0.0001386
0.00013795
0.000137515
0.000137715
0.00013711
0.000137235
0.000136945
0.000137345
0.000136755
0.0001368
0.000137495
0.0001375
0.000137525
0.00013758
0.00013795
0.000137355
0.000137375
0.00013738
0.00013775
0.00013775
0.00013851
0.000138395
0.000138515
0.000139035
0.00013936
0.000139325
0.000139405
0.0001394
0.00013992
0.000139565
0.00013962
0.000138765
0.00013774
0.00013626
0.000136255
0.00013613
0.00013537
0.0001365
0.000136245
0.000136815
0.000135735
0.00013654
0.00013632
0.000136
0.000135745
0.00013588
0.000135985
0.000136295
0.00013581
0.0001358
0.000135805
0.00013583
0.00013715
0.000137175
0.000137425
0.000138355
0.00013835
0.00013863
0.000138635
0.000138635
0.000138975
0.00013857
0.00013836
0.000138215
0.00013668
0.00013656
0.00013668
0.00013666
0.000136645
0.000136655
0.00013747
0.00013715
0.00013736
0.000137135
0.000136645
0.000136635
0.00013665
0.000136145
0.00013641
0.000137515
0.00013748
0.00013689
0.00013729
0.00013735
0.00013735
0.00013738
0.00013755
0.000137645
0.000137655
0.00013733
0.000137365
0.00013736
0.00013738
0.00013739
0.000137595
0.00013683
0.00013683
0.000136795
0.000136795
0.000136715
0.00013637
0.0001354
0.00013616
0.00013608
0.000136605
0.00013594
0.000136715
0.000136115
0.000135945
0.000136185
0.00013613
0.000136375
0.00013651
0.000136485
0.000136515
0.000137345
0.000137385
0.00013718
0.00013736
0.00013736
0.00013725
0.000137255
0.000137365
0.000137375
0.000137495
0.00013713
0.000137375
0.000136885
0.000137805
0.000137125
0.00013712
0.00013713
0.000137125
0.000137585
0.000137965
0.000138065
0.000138055
0.0001381
0.0001381
0.000137965
0.00013853
0.00013863
0.000138995
0.000138505
0.00013912
0.000139115
0.00013931
0.00013932
0.000139615
0.000139115
0.000140185
0.000140335
0.00014025
0.00014038
0.000140365
0.000140335
0.000140315
0.000140005
0.00014003
0.00013996
0.000139685
0.000140125
0.000139755
0.000139245
0.000138605
0.000138465
0.000137755
0.000137215
0.000137195
0.00013714
0.00013744
0.000137355
0.000137885
0.000137415
0.000137445
0.00013752
0.000137535
0.00013758
0.000137145
0.00013758
0.00013758
0.000137565
0.00013755
0.000137455
0.000136565
0.000137225
0.00013703
0.00013675
0.00013702
0.000136935
0.000136505
0.000136505
0.000136405
0.00013684
0.000136805
0.000136925
0.00013671
0.000136315
0.000136715
0.00013666
0.00013586
0.00013588
0.000136365
0.000136385
0.00013616
0.000135995
0.000132735
0.000132965
0.00013277
0.000132565
0.000134015
0.00013451
0.000134355
0.00013449
0.000134695
0.00013481
0.00013496
0.000134585
0.00013455
0.00013419
0.00013268
0.000133465
0.000133365
0.000133755
0.000134395
0.00013349
0.00013377
0.0001338
0.00013546
0.000135425
0.00013547
0.000134575
0.000135085
0.00013499
0.000135145
0.000134575
0.000134415
0.000134405
0.000134405
0.000134215
0.00013405
0.00013406
0.000135295
0.000135285
0.000134775
0.000133945
0.000134705
0.000135415
0.000134825
0.00013486
0.00013497
0.00013484
0.000134845
0.00013487
0.000134885
0.00013511
0.000135175
0.000135175
0.00013517
0.00013474
0.000134675
0.00013468
0.000134755
0.00013467
0.000134175
0.000133495
0.000134305
0.00013412
0.00013393
0.000134015
0.000134775
0.000134055
0.00013474
0.000134855
0.00013476
0.000134755
0.00013475
0.000134515
0.000134165
0.000134385
0.000133925
0.00013377
0.000133755
0.00013328
0.00013417
0.00013328
0.00013338
0.000133525
0.000133535
0.000133415
0.00013323
0.000133285
0.00013344
0.00013341
0.000133035
0.000134505
0.00013398
0.00013279
0.00013338
0.000132865
0.00013366
0.00013409
0.0001341
0.00013282
0.00013402
0.00013384
0.000133335
0.0001334
0.000133515
0.000133365
0.000133495
0.000133355
0.000133465
0.000133505
0.000134025
0.000134075
0.000134075
0.000133585
0.000133625
0.00013397
0.00013397
0.000133975
0.000133975
0.00013419
0.000134365
0.000134965
0.000134965
0.00013496
0.00013509
0.00013541
0.000135665
0.00013566
0.00013599
0.000135925
0.000135965
0.000136
0.0001359
0.000135575
0.000135575
0.00013575
0.0001357
0.00013645
0.0001367
0.0001367
0.000135805
0.000136385
0.000136165
0.00013628
0.0001357
0.000135605
0.00013561
0.000134945
0.00013504
0.00013464
0.00013473
0.00013505
0.00013454
0.00013478
0.000135445
0.000134805
0.00013498
0.00013521
0.000135215
0.000135485
0.00013548
0.00013575
0.00013548
0.000135475
0.000135455
0.0001356
0.00013606
0.000136035
0.000136175
0.000136445
0.00013652
0.000136515
0.00013655
0.000136425
0.00013629
0.000136825
0.00013654
0.000136555
0.0001368
0.00013697
0.000136555
0.000136995
0.00013645
0.00013603
0.000136605
0.000136415
0.000135995
0.000135995
0.00013637
0.000136345
0.00013622
0.00013623
0.000136225
0.000136055
0.000136105
0.000136105
0.000136065
0.000136065
0.00013616
0.000136125
0.000136295
0.00013642
0.000136435
0.000136435
0.00013672
0.000136815
0.000136995
0.000136915
0.000136945
0.000137105
0.00013735
0.00013739
0.00013811
0.000138345
0.000138695
0.000139065
0.00013958
0.000140295
0.00014105
0.000141705
0.000142925
0.000142925
0.000142955
0.000143365
0.000143995
0.000144005
0.00014426
0.000144765
0.000144775
0.000145085
0.000145425
0.00014599
0.000146145
0.000147575
0.00014574
0.00014475
0.000142895
0.00014141
0.000141825
0.000141345
0.000141935
0.0001422
0.00014176
0.000142805
0.00014277
0.000142875
0.00014236
0.00014333
0.00014391
0.00014268
0.00014298
0.00014346
0.00014395
0.000143975
0.000143925
0.000143925
0.00014396
0.00014391
0.00014391
0.000143955
0.00014395
0.000143895
0.000143895
0.000143895
0.000143465
0.00014395
0.000143835
0.000143645
0.000142475
0.000141675
0.0001412
0.000141535
0.0001405
0.00014075
0.00014094
0.0001401
0.00014075
0.000140705
0.00014012
0.00014041
0.000140435
0.000140925
0.00014102
0.00014156
0.000140735
0.000140305
0.00014062
0.000140895
0.00014079
0.000140395
0.000141025
0.000140415
0.000140335
0.000140615
0.000140615
0.000142055
0.00014206
0.000141585
0.000141555
0.000141545
0.00014261
0.000141745
0.0001435
0.000143655
0.00014316
0.000144425
0.000143695
0.000143405
0.000143265
0.00014292
0.00014259
0.000143295
0.000143
0.00014307
0.000142505
0.00014266
0.000142415
0.000142835
0.00014325
0.0001426
0.0001426
0.00014261
0.00014263
0.000142605
0.00014285
0.000142995
0.000142995
0.000142505
0.00014236
0.000142515
0.00014251
0.00014251
0.000142505
0.000142585
0.00014298
0.00014273
0.00014353
0.000143495
0.00014314
0.00014315
0.00014315
0.000143155
0.000143665
0.00014349
0.00014337
0.000143515
0.000144265
0.000144295
0.00014474
0.00014482
0.00014505
0.00014509
0.000144675
0.000144965
0.000145405
0.000145605
0.0001457
0.00014563
0.00014559
0.000144975
0.00014492
0.000144925
0.00014475
0.000144265
0.00014499
0.00014406
0.000143765
0.00014333
0.00014123
0.000143275
0.000142755
0.000143145
0.000143425
0.00014342
0.000142855
0.00014081
0.00014119
0.000141295
0.0001414
0.000141425
0.00014143
0.0001421
0.000142385
0.00014182
0.000141185
0.00014155
0.000141345
0.00014194
0.00014124
0.000141155
0.000140545
0.000141585
0.00014183
0.000141845
0.00014213
0.000142445
0.000141955
0.00014221
0.00014195
0.00014112
0.000141755
0.000141475
0.00014147
0.00014105
0.00014105
0.0001409
0.0001409
0.00014105
0.00014095
0.000140625
0.000140675
0.000140675
0.00014068
0.000141105
0.00014135
0.000141355
0.00014136
0.00014135
0.000141145
0.00014084
0.000140835
0.000140755
0.000140755
0.00014075
0.000141
0.00014045
0.000139965
0.000139785
0.00014048
0.00014017
0.00014
0.000140005
0.00014025
0.00014025
0.00014026
0.000140425
0.00014041
0.00014018
0.00014018
0.00014018
0.00014018
0.00014026
0.00014027
0.00014027
0.000140735
0.000140925
0.000140875
0.00014088
0.000140875
0.000140945
0.000140955
0.00014119
0.000141325
0.00014153
0.000141215
0.000141795
0.000141795
0.00014178
0.00014178
0.00014178
0.00014178
0.00014141
0.00014185
0.000141865
0.00014225
0.000142565
0.00014256
0.00014275
0.000143095
0.000144125
0.00014444
0.000144445
0.000144985
0.00014512
0.000146175
0.000145995
0.000146245
0.000146395
0.00014594
0.000146445
0.00014695
0.00014742
0.000148535
0.000149695
0.000149315
0.0001502
0.00015207
0.00015299
0.000153335
0.00015455
0.00015506
0.00015543
0.00015532
0.00015621
0.00015599
0.000154005
0.00015066
0.00015251
0.000151615
0.00015174
0.000151755
0.000152005
0.00015199
0.000153995
0.000154895
0.000155045
0.000153995
0.000154995
0.00015575
0.000156545
0.000157145
0.000155885
0.00015557
0.0001563
0.000155995
0.000155495
0.000153475
0.00015299
0.00015448
0.000155435
0.000155245
0.000154995
0.000155305
0.000154645
0.00015412
0.00015418
0.00015449
0.0001546
0.00015463
0.0001547
0.00015523
0.000155885
0.00015552
0.000156045
0.00015598
0.000156945
0.000157015
0.00015728
0.000157765
0.000157885
0.00015701
0.00015744
0.000157785
0.00015747
0.00015678
0.00015593
0.00015575
0.000157045
0.000157675
0.000157975
0.00015876
0.000157955
0.00015776
0.00015749
0.000157005
0.000155985
0.00015589
0.00015705
0.00015675
0.0001566
0.0001566
0.00015564
0.00015543
0.00015445
0.000153065
0.000153385
0.000152665
0.000152335
0.00015282
0.00015237
0.000153505
0.00015355
0.0001542
0.000153765
0.00015398
0.00015352
0.00015242
0.0001525
0.0001523
0.00015215
0.000152345
0.00015234
0.0001523
0.000152355
0.000152655
0.000152895
0.00015293
0.000153345
0.00015335
0.000152825
0.00015245
0.00015233
0.00015217
0.000151405
0.000150925
0.00014934
0.00014841
0.000149165
0.000151315
0.000151745
0.000152685
0.000152095
0.000153125
0.000153125
0.00015171
0.000150965
0.00015154
0.000151815
0.000151725
0.000151665
0.000150995
0.00015098
0.000151005
0.000150985
0.00015075
0.00015072
0.00014965
0.0001504
0.000148945
0.000149095
0.000149105
0.00014912
0.000149105
0.00014932
0.0001488
0.000148645
0.000147645
0.000147305
0.00014575
0.0001467
0.000146365
0.00014564
0.000146225
0.000148635
0.00014866
0.00014925
0.000149655
0.000149685
0.00014992
0.000149
0.00014947
0.00014988
0.0001481
0.000148855
0.00014949
0.00014901
0.00014864
0.000147665
0.000147665
0.00014803
0.00014755
0.000146895
0.00014708
0.000147245
0.000147285
0.0001473
0.000146845
0.000147015
0.00014705
0.000147035
0.00014725
0.00014726
0.00014755
0.0001478
0.00014849
0.000148635
0.000148475
0.00014854
0.000148555
0.000148525
0.00014908
0.00014992
0.00014948
0.00014955
0.000149585
0.000149595
0.00014859
0.00014784
0.000148585
0.000148545
0.000148545
0.000148545
