0.0492201	0.01808834
0.04922078	0.01802068
0.04922205	22.8923
0.04922206	83.66421039
0.0492221	11.568
0.04922418	0.01804322
0.04922487	0.20843199
0.04941206	3.92053143
0.04946705	115.68
0.04946706	0.02036658
0.04956246	6.87623658
0.04961119	3.41917428
0.0496335	5.0
0.04969211	0.03307805
0.04971699	12.94543559
0.049717	2.559375
0.04981934	0.0116403
0.05	3.83668208
0.05005	501.73207581
0.05007288	0.21320283
0.05012984	7.5
0.05018	49.74652286
0.05018687	0.0347211
0.05024578	0.3450084
0.05042738	1.2
0.05045788	25.20122
0.0505	50.0
0.05068627	0.03435575
0.05082249	3.72332449
0.0508225	0.0540721
0.05089747	0.01181788
0.051	50.06550909
0.05105	0.22473854
0.0510875	7.35474513
0.05109127	0.38916925
0.0511	1.0
0.05119065	0.03401752
0.0513065	0.0540721
0.05170004	0.03368235
0.05170661	0.01249518
0.0518	38.0
0.0519	0.15604224
0.05199999	1.0
0.052	2.11218687
0.05202208	0.2052144
0.05202244	0.22316688
0.0520325	0.0540721
0.0521	0.20170823
0.05221451	0.03335048
0.05248279	0.36053205
0.0525	0.25410209
0.05251477	1.001
0.05251478	10.0
0.05253597	5.0
0.0525538	0.23092377
0.05256807	0.06744248
0.05258279	1.03746346
0.0526	0.21696698
0.05260003	0.77238789
0.0527	10.0
0.05273409	0.03302188
0.05279972	2.00564426
0.0528	1.0
0.05282307	0.79177911
0.05284917	1.98213681
0.05296504	0.96469945
0.05298542	3.30080867
0.05299581	0.0097741
0.05299681	0.59752663
0.053	247.53610177
0.0530006	0.0540721
0.05303726	0.08312922
0.05310594	0.0182183
0.05325884	0.03269652
0.053295	0.90236706
0.05353597	62.52162112
0.0535361	1.0
0.0535535	0.04212858
0.05364255	0.01934026
0.05364714	0.009399
0.0536624	0.125
0.05373043	0.1788302
0.053755	0.15479025
0.05375871	0.01999676
0.05378882	0.03237436
0.0538	4.96333829
0.0538012	0.33519661
0.05380922	2.02228171
0.05385	0.37937559
0.05385001	0.25036053
0.05387902	0.0179569
0.0539	19.43572884
0.05391852	1.26945693
0.05391854	0.01993748
0.05392178	0.3
0.05392879	0.94278955
0.05399	4.09482506
0.05399999	7.142571
0.054	218.22229427
0.05404603	1.0
0.0492201	0.00158834
0.04922078	0.01802068
0.04922138	23.1603
0.04922139	75.524
0.0492214	10.25115325
0.04922143	11.568
0.04922418	0.01804322
0.04922487	0.20843199
0.04946705	115.68
0.04946706	0.02036658
0.04956246	6.87623658
0.04961119	3.41917428
0.04966369	12.94543559
0.0496637	4.4658493
0.04969211	0.03307805
0.049717	2.559375
0.04981934	0.0116403
0.05	3.83668208
0.05005	501.73207581
0.05007288	0.21320283
0.05018	49.74652286
0.05018687	0.0347211
0.05024578	0.3450084
0.05042738	1.2
0.05045788	25.20122
0.0505	50.0
0.05068627	0.03435575
0.05082249	3.72332449
0.0508225	0.0540721
0.05089747	0.01181788
0.051	50.06550909
0.05105	0.22473854
0.0510875	7.35474513
0.05109127	0.38916925
0.0511	1.0
0.05119065	0.03401752
0.0513065	0.0540721
0.05170004	0.03368235
0.05170661	0.01249518
0.0518	38.0
0.0519	0.15604224
0.05199999	1.0
0.052	2.11218687
0.05202208	0.2052144
0.05202244	0.22316688
0.0520325	0.0540721
0.0521	0.20170823
0.05221451	0.03335048
0.05248279	0.36053205
0.0525	0.25410209
0.05251477	1.001
0.05251478	10.0
0.05253597	5.0
0.0525538	0.23092377
0.05256807	0.06744248
0.05258279	1.03746346
0.0526	0.21696698
0.05260003	0.77238789
0.0527	10.0
0.05273409	0.03302188
0.05279972	2.00564426
0.0528	1.0
0.05282307	0.79177911
0.05284917	1.98213681
0.05296504	0.96469945
0.05298542	3.30080867
0.05299581	0.0097741
0.05299681	0.59752663
0.053	247.53610177
0.0530006	0.0540721
0.05303726	0.08312922
0.05310594	0.0182183
0.05325884	0.03269652
0.053295	0.90236706
0.05353597	62.52162112
0.0535361	1.0
0.0535535	0.04212858
0.05364255	0.01934026
0.05364714	0.009399
0.0536624	0.125
0.05373043	0.1788302
0.053755	0.15479025
0.05375871	0.01999676
0.05378882	0.03237436
0.0538	4.96333829
0.0538012	0.33519661
0.05380922	2.02228171
0.05385	0.37937559
0.05385001	0.25036053
0.05387902	0.0179569
0.0539	19.43572884
0.05391852	1.26945693
0.05391854	0.01993748
0.05392178	0.3
0.05392879	0.94278955
0.05399	4.09482506
0.05399999	7.142571
0.054	216.22229427
0.05404603	1.0
0.0541	261.33472684
0.04922	70.008
0.04922001	9.3303
0.04922002	4.50854739
0.0492201	0.00158834
0.04922035	10.25114905
0.04922038	141.2435
0.04922078	0.01802068
0.04922418	0.01804322
0.04922487	0.20843199
0.04937849	6.6234842
0.04946706	0.02036658
0.04961118	12.94543559
0.04961119	3.41917428
0.0496637	4.4658493
0.04969211	0.03307805
0.049717	2.559375
0.04981934	0.0116403
0.05	3.83668208
0.05004999	32.19321
0.05005	501.73207581
0.05007288	0.21320283
0.05018	49.74652286
0.05018687	0.0347211
0.05024578	0.3450084
0.05042738	1.2
0.0505	50.0
0.05068627	0.03435575
0.0508225	0.0540721
0.05089747	0.01181788
0.051	50.06550909
0.05105	0.22473854
0.0510875	7.35474513
0.05109127	0.38916925
0.0511	1.0
0.05119065	0.03401752
0.0513065	0.0540721
0.05170004	0.03368235
0.05170661	0.01249518
0.0518	38.0
0.0519	0.15604224
0.05199999	1.0
0.052	2.11218687
0.05202208	0.2052144
0.05202244	0.22316688
0.0520325	0.0540721
0.0521	0.20170823
0.05221451	0.03335048
0.05248279	0.36053205
0.0525	1.25410209
0.05251477	1.001
0.05251478	10.0
0.05253597	5.0
0.0525538	0.23092377
0.05256807	0.06744248
0.05258279	1.03746346
0.0526	0.21696698
0.05260003	0.77238789
0.0527	10.0
0.05273409	0.03302188
0.05279972	2.00564426
0.0528	1.0
0.05282307	0.79177911
0.05284917	1.98213681
0.05296504	0.96469945
0.05298542	3.30080867
0.05299581	0.0097741
0.05299681	0.59752663
0.053	247.53610177
0.0530006	0.0540721
0.05303726	0.08312922
0.05310594	0.0182183
0.05325884	0.03269652
0.053295	0.90236706
0.05353597	62.52162112
0.0535361	1.0
0.0535535	0.04212858
0.05364255	0.01934026
0.05364714	0.009399
0.0536624	0.125
0.05373043	0.1788302
0.053755	0.15479025
0.05375871	0.01999676
0.05378882	0.03237436
0.0538	4.96333829
0.0538012	0.33519661
0.05380922	2.02228171
0.05385	0.37937559
0.05385001	0.25036053
0.05387902	0.0179569
0.0539	19.43572884
0.05391852	1.26945693
0.05391854	0.01993748
0.05392178	0.3
0.05392879	0.94278955
0.05399	4.09482506
0.05399999	7.142571
0.054	216.22229427
0.05404603	1.0
0.0541	261.33472684
0.05410248	1.64764641
0.04921901	72.028
0.04921902	33.36647086
0.04921906	4.50854739
0.0492201	0.00158834
0.04922078	0.01802068
0.04922418	0.01804322
0.04922487	0.20843199
0.04937849	6.6234842
0.04946706	0.02036658
0.04950665	5.0
0.04961118	12.94543559
0.04961119	3.41917428
0.0496637	4.4658493
0.04969211	0.03307805
0.049717	2.559375
0.04981934	0.0116403
0.05	3.83668208
0.05000172	7.5
0.05004999	32.19321
0.05005	501.73207581
0.05007288	0.21320283
0.05018	49.74652286
0.05018687	0.0347211
0.05024578	0.3450084
0.05042738	1.2
0.0505	50.0
0.05068627	0.03435575
0.05082249	3.72332449
0.0508225	0.0540721
0.05089747	0.01181788
0.051	50.06550909
0.05105	0.22473854
0.0510875	7.35474513
0.05109127	0.38916925
0.0511	1.0
0.05119065	0.03401752
0.0513065	0.0540721
0.05170004	0.03368235
0.05170661	0.01249518
0.0518	38.0
0.0519	0.15604224
0.05199999	1.0
0.052	2.11218687
0.05202208	0.2052144
0.05202244	0.22316688
0.0520325	0.0540721
0.0521	0.20170823
0.05221451	0.03335048
0.05248279	0.36053205
0.0525	1.25410209
0.05251477	1.001
0.05251478	10.0
0.05253597	5.0
0.0525538	0.23092377
0.05256807	0.06744248
0.05258279	1.03746346
0.0526	0.21696698
0.05260003	0.77238789
0.0527	10.0
0.05273409	0.03302188
0.05279972	2.00564426
0.0528	1.0
0.05282307	0.79177911
0.05284917	1.98213681
0.05296504	0.96469945
0.05298542	3.30080867
0.05299581	0.0097741
0.05299681	0.59752663
0.053	247.53610177
0.0530006	0.0540721
0.05303726	0.08312922
0.05310594	0.0182183
0.05325884	0.03269652
0.053295	0.90236706
0.05353597	62.52162112
0.0535361	1.0
0.0535535	0.04212858
0.05364255	0.01934026
0.05364714	0.009399
0.0536624	0.125
0.05373043	0.1788302
0.053755	0.15479025
0.05375871	0.01999676
0.05378882	0.03237436
0.0538	4.96333829
0.0538012	0.33519661
0.05380922	2.02228171
0.05385	0.37937559
0.05385001	0.25036053
0.05387902	0.0179569
0.0539	19.43572884
0.05391852	1.26945693
0.05391854	0.01993748
0.05392178	0.3
0.05392879	0.94278955
0.05399	4.09482506
0.05399999	7.142571
0.054	216.22229427
0.05404603	1.0
0.0541	261.33472684
0.04921438	10.25114905
0.04921441	75.058
0.04921442	4.50854739
0.04921444	21.2383
0.0492145	115.68
0.04921489	0.01539977
0.04921556	0.01536773
0.04921889	0.01543829
0.0492189	0.01538054
0.04922487	0.20843199
0.04937849	6.6234842
0.04946706	0.02036658
0.04950665	5.0
0.04961117	12.7658
0.04961118	12.94543559
0.04961119	3.41917428
0.0496637	4.4658493
0.04969211	0.03307805
0.049717	2.559375
0.04981934	0.0116403
0.05	3.83668208
0.05000172	7.5
0.05004999	40.69731
0.05005	501.73207581
0.05007288	0.21320283
0.05018	49.74652286
0.05018687	0.0347211
0.05024578	0.3450084
0.05042738	1.2
0.0505	50.0
0.05068627	0.03435575
0.05082249	3.72332449
0.0508225	0.0540721
0.05089747	0.01181788
0.051	50.06550909
0.05105	0.22473854
0.0510875	7.35474513
0.05109127	0.38916925
0.0511	1.0
0.05119065	0.03401752
0.0513065	0.0540721
0.05170004	0.03368235
0.05170661	0.01249518
0.0518	38.0
0.0519	0.15604224
0.05199999	1.0
0.052	2.11218687
0.05202208	0.2052144
0.05202244	0.22316688
0.0520325	0.0540721
0.0521	0.20170823
0.05221451	0.03335048
0.05248279	0.36053205
0.0525	1.25410209
0.05251477	1.001
0.05251478	10.0
0.05253597	5.0
0.0525538	0.23092377
0.05256807	0.06744248
0.05258279	1.03746346
0.0526	0.21696698
0.05260003	0.77238789
0.0527	10.0
0.05273409	0.03302188
0.05279972	2.00564426
0.0528	1.0
0.05282307	0.79177911
0.05284917	1.98213681
0.05296504	0.96469945
0.05298542	3.30080867
0.05299581	0.0097741
0.05299681	0.59752663
0.053	247.53610177
0.0530006	0.0540721
0.05303726	0.08312922
0.05310594	0.0182183
0.05325884	0.03269652
0.053295	0.90236706
0.05353597	62.52162112
0.0535361	1.0
0.0535535	0.04212858
0.05364255	0.01934026
0.05364714	0.009399
0.0536624	0.125
0.05373043	0.1788302
0.053755	0.15479025
0.05375871	0.01999676
0.05378882	0.03237436
0.0538	4.96333829
0.0538012	0.33519661
0.05380922	2.02228171
0.05385	0.37937559
0.05385001	0.25036053
0.05387902	0.0179569
0.0539	19.43572884
0.05391852	1.26945693
0.05391854	0.01993748
0.05392178	0.3
0.05392879	0.94278955
0.05399	4.09482506
0.04921336	74.281
0.04921337	10.25115115
0.0492134	8.5056
0.04921341	4.50854739
0.04921348	12.7581
0.04921349	127.248
0.04921489	0.01539977
0.04921556	0.01536773
0.04921889	0.01543829
0.0492189	0.01538054
0.04922487	0.20843199
0.04934448	5.21731033
0.04937103	3.15933592
0.04946706	0.02036658
0.04950665	5.0
0.04961118	12.94543559
0.04961119	3.41917428
0.04969211	0.03307805
0.049717	2.559375
0.04981934	0.0116403
0.05	3.83668208
0.05000172	7.5
0.05004999	32.19321
0.05005	501.73207581
0.05007288	0.21320283
0.05018	49.74652286
0.05018687	0.0347211
0.05024578	0.3450084
0.05042738	1.2
0.0505	50.0
0.05068627	0.03435575
0.05082249	3.72332449
0.0508225	0.0540721
0.05089747	0.01181788
0.051	50.06550909
0.05105	0.22473854
0.0510875	7.35474513
0.05109127	0.38916925
0.0511	1.0
0.05119065	0.03401752
0.0513065	0.0540721
0.05170004	0.03368235
0.05170661	0.01249518
0.0518	38.0
0.0519	0.15604224
0.05199999	1.0
0.052	2.53793972
0.05202208	0.2052144
0.05202244	0.22316688
0.0520325	0.0540721
0.0521	0.20170823
0.05221451	0.03335048
0.05248279	0.36053205
0.0525	1.25410209
0.05251477	1.001
0.05251478	10.0
0.05253597	5.0
0.0525538	0.23092377
0.05256807	0.06744248
0.05258279	1.03746346
0.0526	0.21696698
0.05260003	0.77238789
0.0527	10.0
0.05273409	0.03302188
0.05279972	2.00564426
0.0528	1.0
0.05282307	0.79177911
0.05284917	1.98213681
0.05296504	0.96469945
0.05298542	3.30080867
0.05299581	0.0097741
0.05299681	0.59752663
0.053	247.53610177
0.0530006	0.0540721
0.05303726	0.08312922
0.05310594	0.0182183
0.05325884	0.03269652
0.053295	0.90236706
0.05353597	62.52162112
0.0535361	1.0
0.0535535	0.04212858
0.05364255	0.01934026
0.05364714	0.009399
0.0536624	0.125
0.05373043	0.1788302
0.053755	0.15479025
0.05375871	0.01999676
0.05378882	0.03237436
0.0538	4.96333829
0.0538012	0.33519661
0.05380922	2.02228171
0.05385	0.37937559
0.05385001	0.25036053
0.05387902	0.0179569
0.0539	19.43572884
0.05391852	1.26945693
0.05391854	0.01993748
0.05392178	0.3
0.05392879	0.94278955
0.05399	4.09482506
0.04921245	70.318
0.04921246	10.25115115
0.04921249	148.5878
0.04921251	4.50854739
0.04921489	0.01539977
0.04921556	0.01536773
0.04921889	0.01543829
0.0492189	0.01538054
0.04922487	0.20843199
0.04937103	3.15933592
0.04946706	0.02036658
0.04950665	5.0
0.04953148	4.83233094
0.04961118	12.94543559
0.04961119	3.41917428
0.04969211	0.03307805
0.049717	2.559375
0.04981934	0.0116403
0.05	3.83668208
0.05000172	7.5
0.05004999	32.19321
0.05005	501.73207581
0.05007288	0.21320283
0.05018	49.74652286
0.05018687	0.0347211
0.05024578	0.3450084
0.05042738	1.2
0.0505	50.0
0.05068627	0.03435575
0.05082249	3.72332449
0.0508225	0.0540721
0.05089747	0.01181788
0.051	50.06550909
0.05105	0.22473854
0.0510875	7.35474513
0.05109127	0.38916925
0.0511	1.0
0.05119065	0.03401752
0.0513065	0.0540721
0.05170004	0.03368235
0.05170661	0.01249518
0.0518	38.0
0.0519	0.15604224
0.05199928	0.03904108
0.05199999	1.0
0.052	2.53793972
0.05202208	0.2052144
0.05202244	0.22316688
0.0520325	0.0540721
0.0521	0.20170823
0.05221451	0.03335048
0.05248279	0.36053205
0.0525	1.25410209
0.05251477	1.001
0.05251478	10.0
0.05253597	5.0
0.0525538	0.23092377
0.05256807	0.06744248
0.05258279	1.03746346
0.0526	0.21696698
0.05260003	0.77238789
0.0527	10.0
0.05273409	0.03302188
0.05279972	2.00564426
0.0528	1.0
0.05282307	0.79177911
0.05284917	1.98213681
0.05296504	0.96469945
0.05298542	3.30080867
0.05299581	0.0097741
0.05299681	0.59752663
0.053	247.53610177
0.0530006	0.0540721
0.05303726	0.08312922
0.05310594	0.0182183
0.05325884	0.03269652
0.053295	0.90236706
0.05353597	62.52162112
0.0535361	1.0
0.0535535	0.04212858
0.05364255	0.01934026
0.05364714	0.009399
0.0536624	0.125
0.05373043	0.1788302
0.053755	0.15479025
0.05375871	0.01999676
0.05378882	0.03237436
0.0538	4.96333829
0.0538012	0.33519661
0.05380922	2.02228171
0.05385	0.37937559
0.05385001	0.25036053
0.05387902	0.0179569
0.0539	19.43572884
0.05391852	1.26945693
0.05391854	0.01993748
0.05392178	0.3
0.05392879	0.94278955
0.05399	4.09482506
0.05399999	7.142571
0.04920763	74.825
0.04920764	4.50854739
0.04920768	10.25220422
0.04920771	20.3893
0.04920774	127.248
0.04920811	0.01808613
0.04920877	0.01801848
0.049212	0.38352774
0.04921207	0.018041
0.04922487	0.20843199
0.04937103	3.15933592
0.04946706	0.02036658
0.04950665	5.0
0.04953148	4.83233094
0.04961116	12.94543559
0.04961119	3.41917428
0.04969211	0.03307805
0.049717	2.559375
0.04981934	0.0116403
0.05	3.83668208
0.05000172	7.5
0.05004999	32.19321
0.05005	501.73207581
0.05007288	0.21320283
0.05018	49.74652286
0.05018687	0.0347211
0.05024578	0.3450084
0.05042738	1.2
0.0505	50.0
0.05068627	0.03435575
0.05089746	3.71784018
0.05089747	0.01181788
0.051	50.06550909
0.05105	0.22473854
0.0510875	7.35474513
0.05109127	0.38916925
0.0511	1.0
0.05119065	0.03401752
0.05170004	0.03368235
0.05170661	0.01249518
0.0518	38.0
0.0519	0.15604224
0.05199928	0.03904108
0.05199999	1.0
0.052	2.53793972
0.05202208	0.2052144
0.05202244	0.22316688
0.0521	0.20170823
0.05221451	0.03335048
0.05248279	0.36053205
0.0525	1.25410209
0.05251477	1.001
0.05251478	10.0
0.05253597	5.0
0.0525538	0.23092377
0.05256807	0.06744248
0.05258279	1.03746346
0.0526	0.21696698
0.05260003	0.77238789
0.0527	10.0
0.05273409	0.03302188
0.05279972	2.00564426
0.0528	1.0
0.05282307	0.79177911
0.05284917	1.98213681
0.05296504	0.96469945
0.05298542	3.30080867
0.05299581	0.0097741
0.05299681	0.59752663
0.053	247.53610177
0.05303726	0.08312922
0.05310594	0.0182183
0.05325884	0.03269652
0.053295	0.90236706
0.05353597	62.52162112
0.0535361	1.0
0.0535535	0.04212858
0.05364255	0.01934026
0.05364714	0.009399
0.0536624	0.125
0.05373043	0.1788302
0.053755	0.15479025
0.05375871	0.01999676
0.05378882	0.03237436
0.0538	4.96333829
0.0538012	0.33519661
0.05380922	2.02228171
0.05385	0.37937559
0.05385001	0.25036053
0.05387902	0.0179569
0.0539	19.43572884
0.05391852	1.26945693
0.05391854	0.01993748
0.05392178	0.3
0.05392879	0.94278955
0.05399	4.09482506
0.05399999	7.142571
0.054	216.22229427
0.05404603	1.0
0.0541	261.33472684
0.0492067	10.25115325
0.04920672	19.2788
0.04920673	75.136
0.04920674	4.50854739
0.04920683	127.248
0.04922487	0.20843199
0.04937103	3.15933592
0.04946706	0.02036658
0.04950665	5.0
0.04953148	4.83233094
0.04961118	12.94543559
0.04961119	3.41917428
0.04969211	0.03307805
0.049717	2.559375
0.04981934	0.0116403
0.05	3.83668208
0.05000172	7.5
0.05004999	32.19321
0.05005	501.73207581
0.05007288	0.21320283
0.05018	49.74652286
0.05018687	0.0347211
0.05024578	0.3450084
0.05042738	1.2
0.0505	50.0
0.05068627	0.03435575
0.05089746	3.71784018
0.05089747	0.01181788
0.051	50.06550909
0.05105	0.22473854
0.0510875	7.35474513
0.05109127	0.38916925
0.0511	1.0
0.05119065	0.03401752
0.05170004	0.03368235
0.05170661	0.01249518
0.0518	38.0
0.0519	0.15604224
0.05199928	0.03904108
0.05199999	1.0
0.052	2.53793972
0.05202208	0.2052144
0.05202244	0.22316688
0.0521	0.20170823
0.05221451	0.03335048
0.05248279	0.36053205
0.0525	1.25410209
0.05251477	1.001
0.05251478	10.0
0.05253597	5.0
0.0525538	0.23092377
0.05256807	0.06744248
0.05258279	1.03746346
0.0526	0.21696698
0.05260003	0.77238789
0.0527	10.0
0.05273409	0.03302188
0.05279972	2.00564426
0.0528	1.0
0.05282307	0.79177911
0.05284917	1.98213681
0.05296504	0.96469945
0.05298542	3.30080867
0.05299581	0.0097741
0.05299681	0.59752663
0.053	247.53610177
0.05303726	0.08312922
0.05310594	0.0182183
0.05325884	0.03269652
0.053295	0.90236706
0.05353597	62.52162112
0.0535361	1.0
0.0535535	0.04212858
0.05364255	0.01934026
0.05364714	0.009399
0.0536624	0.125
0.05373043	0.1788302
0.053755	0.15479025
0.05375871	0.01999676
0.05378882	0.03237436
0.0538	4.96333829
0.0538012	0.33519661
0.05380922	2.02228171
0.05385	0.37937559
0.05385001	0.25036053
0.05387902	0.0179569
0.0539	19.43572884
0.05391852	1.26945693
0.05391854	0.01993748
0.05392178	0.3
0.05392879	0.94278955
0.05399	4.09482506
0.05399999	7.142571
0.054	216.22229427
0.05404603	1.0
0.0541	261.33472684
0.05410248	1.64764641
0.05416226	0.19351996
0.05427302	0.18818156
0.05432407	0.03205538
0.04914961	8.35138296
0.04914963	70.474
0.04914964	19.2719
0.04914965	4.50854739
0.04915	0.38352774
0.04920281	0.01540143
0.04920334	11.5559
0.04920335	115.68
0.04920347	0.01536938
0.04920673	0.01543995
0.04920674	0.0153822
0.04920682	0.01019939
0.04922487	0.20843199
0.04937103	3.15933592
0.04946706	0.02036658
0.04950665	5.0
0.04953148	4.83233094
0.04961119	3.41917428
0.04969211	0.03307805
0.049717	2.559375
0.04981933	12.94543559
0.04981934	0.0116403
0.04999999	7.704
0.05	3.83668208
0.05000172	7.5
0.05004999	32.19321
0.05005	501.73207581
0.05007288	0.21320283
0.05018	49.74652286
0.05018687	0.0347211
0.05024578	0.3450084
0.05042738	1.2
0.0505	50.0
0.05068627	0.03435575
0.05089746	3.71784018
0.05089747	0.01181788
0.051	50.06550909
0.05105	0.22473854
0.0510875	7.35474513
0.05109127	0.38916925
0.0511	1.0
0.05119065	0.03401752
0.05170004	0.03368235
0.05170661	0.01249518
0.0518	38.0
0.0519	0.15604224
0.05199928	0.03904108
0.05199999	1.0
0.052	2.53793972
0.05202208	0.2052144
0.05202244	0.22316688
0.0521	0.20170823
0.05221451	0.03335048
0.05248279	0.36053205
0.0525	1.25410209
0.05251477	1.001
0.05251478	10.0
0.05253597	5.0
0.0525538	0.23092377
0.05256807	0.06744248
0.05258279	1.03746346
0.0526	0.21696698
0.05260003	0.77238789
0.0527	10.0
0.05273409	0.03302188
0.05279972	2.00564426
0.0528	1.0
0.05282307	0.79177911
0.05284917	1.98213681
0.05296504	0.96469945
0.05298542	3.30080867
0.05299581	0.0097741
0.05299681	0.59752663
0.053	247.53610177
0.05303726	0.08312922
0.05310594	0.0182183
0.05325884	0.03269652
0.053295	0.90236706
0.05353597	62.52162112
0.0535361	1.0
0.0535535	0.04212858
0.05364255	0.01934026
0.05364714	0.009399
0.0536624	0.125
0.05373043	0.1788302
0.053755	0.15479025
0.05375871	0.01999676
0.05378882	0.03237436
0.0538	4.96333829
0.0538012	0.33519661
0.05380922	2.02228171
0.05385	0.37937559
0.05385001	0.25036053
0.05387902	0.0179569
0.0539	19.43572884
0.05391852	1.26945693
0.05391854	0.01993748
0.05392178	0.3
0.05392879	0.94278955
0.05399	4.09482506
0.04914521	10.25779479
0.04914523	76.146
0.04914524	30.782
0.04914527	4.50854739
0.04914562	0.01808391
0.04914622	0.01801627
0.0491492	0.0180388
0.04915	0.38352774
0.04920335	115.68
0.04920682	0.01019939
0.04922487	0.20843199
0.04937103	3.15933592
0.04946706	0.02036658
0.04950665	5.0
0.04953148	4.83233094
0.04961119	3.41917428
0.0496921	12.94543559
0.04969211	0.03307805
0.049717	2.559375
0.04981934	0.0116403
0.05	3.83668208
0.05000172	7.5
0.05004999	32.19321
0.05005	501.73207581
0.05007288	0.21320283
0.05018	49.74652286
0.05018687	0.0347211
0.05024578	0.3450084
0.05042738	1.2
0.0505	50.0
0.05068627	0.03435575
0.05074789	3.72879782
0.0507479	0.0540721
0.05089747	0.01181788
0.051	50.06550909
0.05105	0.22473854
0.0510875	7.35474513
0.05109127	0.38916925
0.0511	1.0
0.05119065	0.03401752
0.0512313	0.0540721
0.05170004	0.03368235
0.05170661	0.01249518
0.0518	38.0
0.0519	0.15604224
0.0519562	0.0540721
0.05199928	0.03904108
0.05199999	1.0
0.052	2.53793972
0.05202208	0.2052144
0.05202244	0.22316688
0.0521	0.20170823
0.05221451	0.03335048
0.05248279	0.36053205
0.0525	1.25410209
0.05251477	1.001
0.05251478	10.0
0.05253597	5.0
0.0525538	0.23092377
0.05256807	0.06744248
0.05258279	1.03746346
0.0526	0.21696698
0.05260003	0.77238789
0.0527	10.0
0.05273409	0.03302188
0.05279972	2.00564426
0.0528	1.0
0.05282307	0.79177911
0.05284917	1.98213681
0.0529229	0.0540721
0.05296504	0.96469945
0.05298542	3.30080867
0.05299581	0.0097741
0.05299681	0.59752663
0.053	247.53610177
0.05303726	0.08312922
0.05310594	0.0182183
0.05325884	0.03269652
0.053295	0.90236706
0.05353597	62.52162112
0.0535361	1.0
0.0535535	0.04212858
0.05364255	0.01934026
0.05364714	0.009399
0.0536624	0.125
0.05373043	0.1788302
0.053755	0.15479025
0.05375871	0.01999676
0.05378882	0.03237436
0.0538	4.96333829
0.0538012	0.33519661
0.05380922	2.02228171
0.05385	0.37937559
0.05385001	0.25036053
0.05387902	0.0179569
0.0539	19.43572884
0.05391852	1.26945693
0.05391854	0.01993748
0.05392178	0.3
0.05392879	0.94278955
0.04914085	0.01540309
0.04914144	0.01537104
0.04914423	72.494
0.04914424	7.6465
0.04914425	10.2663017
0.04914428	11.568
0.04914439	0.0154416
0.0491444	0.01538385
0.04915	0.38352774
0.04920335	115.68
0.04920682	0.01019939
0.04922487	0.20843199
0.04937103	3.15933592
0.04946706	0.02036658
0.04950665	5.0
0.04953148	4.83233094
0.04961118	12.94543559
0.04961119	3.41917428
0.04969211	0.03307805
0.049717	2.559375
0.04981934	0.0116403
0.05	3.83668208
0.05000172	7.5
0.05004999	32.19321
0.05005	501.73207581
0.05007288	0.21320283
0.05018	49.74652286
0.05018687	0.0347211
0.05024578	0.3450084
0.05042738	1.2
0.0505	50.0
0.05068627	0.03435575
0.05074789	3.72879782
0.0507479	0.0540721
0.05089747	0.01181788
0.051	50.06550909
0.05105	0.22473854
0.0510875	7.35474513
0.05109127	0.38916925
0.0511	1.0
0.05119065	0.03401752
0.0512313	0.0540721
0.05170004	0.03368235
0.05170661	0.01249518
0.0518	38.0
0.0519	0.15604224
0.0519562	0.0540721
0.05199928	0.03904108
0.05199999	1.0
0.052	2.53793972
0.05202208	0.2052144
0.05202244	0.22316688
0.0521	0.20170823
0.05221451	0.03335048
0.05248279	0.36053205
0.0525	1.25410209
0.05251477	1.001
0.05251478	10.0
0.05253597	5.0
0.0525538	0.23092377
0.05256807	0.06744248
0.05258279	1.03746346
0.0526	0.21696698
0.05260003	0.77238789
0.0527	10.0
0.05273409	0.03302188
0.05279972	2.00564426
0.0528	1.0
0.05282307	0.79177911
0.05284917	1.98213681
0.0529229	0.0540721
0.05296504	0.96469945
0.05298542	3.30080867
0.05299581	0.0097741
0.05299681	0.59752663
0.053	247.53610177
0.05303726	0.08312922
0.05310594	0.0182183
0.05325884	0.03269652
0.053295	0.90236706
0.05353597	62.52162112
0.0535361	1.0
0.0535535	0.04212858
0.05364255	0.01934026
0.05364714	0.009399
0.0536624	0.125
0.05373043	0.1788302
0.053755	0.15479025
0.05375871	0.01999676
0.05378882	0.03237436
0.0538	4.96333829
0.0538012	0.33519661
0.05380922	2.02228171
0.05385	0.37937559
0.05385001	0.25036053
0.05387902	0.0179569
0.0539	19.43572884
0.05391852	1.26945693
0.05391854	0.01993748
0.05392178	0.3
0.04913978	4.50854739
0.04913982	81.959
0.04913983	10.29395839
0.04913984	11.517
0.04913985	127.248
0.04914029	0.02965452
0.04914085	0.01540309
0.04914144	0.01537104
0.04914439	0.0154416
0.0491444	0.01538385
0.04915	0.38352774
0.04920682	0.01019939
0.04922487	0.20843199
0.04937103	3.15933592
0.04946706	0.02036658
0.04950665	5.0
0.04953148	4.83233094
0.04961118	12.94543559
0.04961119	3.41917428
0.04969211	0.03307805
0.049717	2.559375
0.04981934	0.0116403
0.05	3.83668208
0.05000172	7.5
0.05004999	32.19321
0.05005	501.73207581
0.05007288	0.21320283
0.05018	49.74652286
0.05018687	0.0347211
0.05024578	0.3450084
0.05042738	1.2
0.0505	50.0
0.05068626	3.73333171
0.05068627	0.03435575
0.0507479	0.0540721
0.05089747	0.01181788
0.051	50.06550909
0.05105	0.22473854
0.0510875	7.35474513
0.05109127	0.38916925
0.0511	1.0
0.05119065	0.03401752
0.0512313	0.0540721
0.05170004	0.03368235
0.05170661	0.01249518
0.0518	38.0
0.0519	0.15604224
0.0519562	0.0540721
0.05199928	0.03904108
0.05199999	1.0
0.052	2.53793972
0.05202208	0.2052144
0.05202244	0.22316688
0.0521	0.20170823
0.05221451	0.03335048
0.05248279	0.36053205
0.0525	1.25410209
0.05251477	1.001
0.05251478	10.0
0.05253597	5.0
0.0525538	0.23092377
0.05256807	0.06744248
0.05258279	1.03746346
0.0526	0.21696698
0.05260003	0.77238789
0.0527	10.0
0.05273409	0.03302188
0.05279972	2.00564426
0.0528	1.0
0.05282307	0.79177911
0.05284917	1.98213681
0.0529229	0.0540721
0.05296504	0.96469945
0.05298542	3.30080867
0.05299581	0.0097741
0.05299681	0.59752663
0.053	247.53610177
0.05303726	0.08312922
0.05310594	0.0182183
0.05325884	0.03269652
0.053295	0.90236706
0.05353597	62.52162112
0.0535361	1.0
0.0535535	0.04212858
0.05364255	0.01934026
0.05364714	0.009399
0.0536624	0.125
0.05373043	0.1788302
0.053755	0.15479025
0.05375871	0.01999676
0.05378882	0.03237436
0.0538	4.96333829
0.0538012	0.33519661
0.05380922	2.02228171
0.05385	0.37937559
0.05385001	0.25036053
0.05387902	0.0179569
0.0539	19.43572884
0.05391852	1.26945693
0.05391854	0.01993748
0.04913549	69.308
0.0491355	19.2188
0.04913552	10.29397746
0.04913556	127.248
0.04913557	4.50854739
0.04913566	2.04671822
0.04913569	1.90881575
0.04913604	0.0180817
0.04913662	0.01801407
0.04913955	0.0180366
0.04914029	0.02965452
0.04922487	0.20843199
0.04937103	3.15933592
0.04946705	12.94543559
0.04946706	0.02036658
0.04953148	4.83233094
0.04961119	3.41917428
0.04969211	0.03307805
0.049717	2.559375
0.04981934	0.0116403
0.05	3.83668208
0.05004999	32.19321
0.05005	501.73207581
0.05007288	0.21320283
0.05018	49.74652286
0.05018687	0.0347211
0.05024578	0.3450084
0.05042738	1.2
0.0505	50.0
0.05068627	0.03435575
0.05074789	3.72879782
0.0507479	0.0540721
0.05089747	0.01181788
0.051	50.06550909
0.05105	0.22473854
0.0510875	7.35474513
0.05109127	0.38916925
0.0511	1.0
0.05119065	0.03401752
0.0512313	0.0540721
0.05170004	0.03368235
0.05170661	0.01249518
0.0518	38.0
0.0519	0.15604224
0.0519562	0.0540721
0.05199928	0.03904108
0.05199999	1.0
0.052	2.53793972
0.05202208	0.2052144
0.05202244	0.22316688
0.0521	0.20170823
0.05221451	0.03335048
0.05248279	0.36053205
0.0525	1.25410209
0.05251477	1.001
0.05251478	10.0
0.05253597	5.0
0.0525538	0.23092377
0.05256807	0.06744248
0.05258279	1.03746346
0.0526	0.21696698
0.05260003	0.77238789
0.0527	10.0
0.05273409	0.03302188
0.05279972	2.00564426
0.0528	1.0
0.05282307	0.79177911
0.05284917	1.98213681
0.0529229	0.0540721
0.05296504	0.96469945
0.05298542	3.30080867
0.05299581	0.0097741
0.05299681	0.59752663
0.053	247.53610177
0.05303726	0.08312922
0.05310594	0.0182183
0.05325884	0.03269652
0.053295	0.90236706
0.05353597	62.52162112
0.0535361	1.0
0.0535535	0.04212858
0.05364255	0.01934026
0.05364714	0.009399
0.0536624	0.125
0.05373043	0.1788302
0.053755	0.15479025
0.05375871	0.01999676
0.05378882	0.03237436
0.0538	4.96333829
0.0538012	0.33519661
0.05380922	2.02228171
0.05385	0.37937559
0.05385001	0.25036053
0.05387902	0.0179569
0.0539	19.43572884
0.05391852	1.26945693
0.05391854	0.01993748
0.05392178	0.3
0.05392879	0.94278955
0.05399	4.09482506
0.04913112	70.085
0.04913113	4.50854739
0.04913115	10.29866753
0.04913118	19.1415
0.04913139	1.70909304
0.04913148	0.01540474
0.04913207	0.01537268
0.04913496	0.01544327
0.04913497	0.0153855
0.04914029	0.02965452
0.04919448	4.88508799
0.04922487	0.20843199
0.04930065	5.0
0.04938156	12.94543559
0.04938157	6.69709098
0.04946706	0.02036658
0.04961119	3.41917428
0.04969211	0.03307805
0.049717	2.559375
0.04979366	7.5
0.04981934	0.0116403
0.05	3.83668208
0.05004999	32.19321
0.05005	501.73207581
0.05007288	0.21320283
0.05018	49.74652286
0.05018687	0.0347211
0.05024578	0.3450084
0.05042738	1.2
0.0505	50.0
0.05068627	0.03435575
0.05074789	3.72879782
0.0507479	0.0540721
0.05089747	0.01181788
0.051	50.06550909
0.05105	0.22473854
0.0510875	7.35474513
0.05109127	0.38916925
0.0511	1.0
0.05119065	0.03401752
0.0512313	0.0540721
0.05170004	0.03368235
0.05170661	0.01249518
0.0518	38.0
0.0519	0.15604224
0.0519562	0.0540721
0.05199928	0.03904108
0.05199999	1.0
0.052	2.53793972
0.05202208	0.2052144
0.05202244	0.22316688
0.0521	0.20170823
0.05221451	0.03335048
0.05248279	0.36053205
0.0525	1.25410209
0.05251477	1.001
0.05251478	10.0
0.05253597	5.0
0.0525538	0.23092377
0.05256807	0.06744248
0.05258279	1.03746346
0.0526	0.21696698
0.05260003	0.77238789
0.0527	10.0
0.05273409	0.03302188
0.05279972	2.00564426
0.0528	1.0
0.05282307	0.79177911
0.05284917	1.98213681
0.0529229	0.0540721
0.05296504	0.96469945
0.05298542	3.30080867
0.05299581	0.0097741
0.05299681	0.59752663
0.053	247.53610177
0.05303726	0.08312922
0.05310594	0.0182183
0.05325884	0.03269652
0.053295	0.90236706
0.05353597	62.52162112
0.0535361	1.0
0.0535535	0.04212858
0.05364255	0.01934026
0.05364714	0.009399
0.0536624	0.125
0.05373043	0.1788302
0.053755	0.15479025
0.05375871	0.01999676
0.05378882	0.03237436
0.0538	4.96333829
0.0538012	0.33519661
0.05380922	2.02228171
0.05385	0.37937559
0.05385001	0.25036053
0.05387902	0.0179569
0.0539	19.43572884
0.05391852	1.26945693
0.05391854	0.01993748
0.05392178	0.3
0.05392879	0.94278955
0.04854955	0.11866385
0.04913019	1.62347973
0.04913021	71.329
0.04913022	4.50854739
0.04913025	145.2460863
0.04913028	26.8711
0.04913046	2.68250121
0.04913066	2.11511838
0.04914029	0.02965452
0.04919448	4.88508799
0.04922487	0.20843199
0.04930065	5.0
0.04946705	12.94543559
0.04946706	0.02036658
0.04961119	3.41917428
0.04969211	0.03307805
0.049717	2.559375
0.04979366	7.5
0.04981934	0.0116403
0.05	3.83668208
0.05004998	7.6809
0.05004999	32.19321
0.05005	501.73207581
0.05007288	0.21320283
0.05018	49.74652286
0.05018687	0.0347211
0.05024578	0.3450084
0.05042738	1.2
0.0505	50.0
0.05068627	0.03435575
0.05074789	3.72879782
0.0507479	0.0540721
0.05089747	0.01181788
0.051	50.06550909
0.05105	0.22473854
0.0510875	7.35474513
0.05109127	0.38916925
0.0511	1.0
0.05119065	0.03401752
0.0512313	0.0540721
0.05170004	0.03368235
0.05170661	0.01249518
0.0518	38.0
0.0519	0.15604224
0.0519562	0.0540721
0.05199928	0.03904108
0.05199999	1.0
0.052	2.53793972
0.05202208	0.2052144
0.05202244	0.22316688
0.0521	0.20170823
0.05221451	0.03335048
0.05248279	0.36053205
0.0525	1.25410209
0.05251477	1.001
0.05251478	10.0
0.05253597	5.0
0.0525538	0.23092377
0.05256807	0.06744248
0.05258279	1.03746346
0.0526	0.21696698
0.05260003	0.77238789
0.0527	10.0
0.05273409	0.03302188
0.05279972	2.00564426
0.0528	1.0
0.05282307	0.79177911
0.05284917	1.98213681
0.0529229	0.0540721
0.05296504	0.96469945
0.05298542	3.30080867
0.05299581	0.0097741
0.05299681	0.59752663
0.053	247.53610177
0.05303726	0.08312922
0.05310594	0.0182183
0.05325884	0.03269652
0.053295	0.90236706
0.05353597	62.52162112
0.0535361	1.0
0.0535535	0.04212858
0.05364255	0.01934026
0.05364714	0.009399
0.0536624	0.125
0.05373043	0.1788302
0.053755	0.15479025
0.05375871	0.01999676
0.05378882	0.03237436
0.0538	4.96333829
0.0538012	0.33519661
0.05380922	2.02228171
0.05385	0.37937559
0.05385001	0.25036053
0.05387902	0.0179569
0.0539	19.43572884
0.05391852	1.26945693
0.05391854	0.01993748
0.05392178	0.3
0.05392879	0.94278955
0.05399	4.09482506
0.04854955	0.07768853
0.04912935	76.301
0.04912936	19.4718
0.04912938	4.50854739
0.04912943	127.248
0.04913032	2.60533978
0.04914029	0.02965452
0.04919448	4.88508799
0.04922487	0.20843199
0.04930065	5.0
0.04946705	12.94543559
0.04946706	0.02036658
0.04961119	3.41917428
0.04969211	0.03307805
0.049717	2.559375
0.04979366	7.5
0.04981934	0.0116403
0.05	3.83668208
0.05004999	32.19321
0.05005	501.73207581
0.05007288	0.21320283
0.05018	49.74652286
0.05018687	0.0347211
0.05024578	0.3450084
0.05042737	3.75249833
0.05042738	1.2
0.0505	50.0
0.05068627	0.03435575
0.0507479	0.0540721
0.05089747	0.01181788
0.051	50.06550909
0.05105	0.22473854
0.0510875	7.35474513
0.05109127	0.38916925
0.0511	1.0
0.05119065	0.03401752
0.0512313	0.0540721
0.05170004	0.03368235
0.05170661	0.01249518
0.0518	38.0
0.0519	0.15604224
0.0519562	0.0540721
0.05199928	0.03904108
0.05199999	1.0
0.052	2.53793972
0.05202208	0.2052144
0.05202244	0.22316688
0.0521	0.20170823
0.05221451	0.03335048
0.05248279	0.36053205
0.0525	1.25410209
0.05251477	1.001
0.05251478	10.0
0.05253597	5.0
0.0525538	0.23092377
0.05256807	0.06744248
0.05258279	1.03746346
0.0526	0.21696698
0.05260003	0.77238789
0.0527	10.0
0.05273409	0.03302188
0.05279972	2.00564426
0.0528	1.0
0.05282307	0.79177911
0.05284917	1.98213681
0.0529229	0.0540721
0.05296504	0.96469945
0.05298542	3.30080867
0.05299581	0.0097741
0.05299681	0.59752663
0.053	247.53610177
0.05303726	0.08312922
0.05310594	0.0182183
0.05325884	0.03269652
0.053295	0.90236706
0.05353597	62.52162112
0.0535361	1.0
0.0535535	0.04212858
0.05364255	0.01934026
0.05364714	0.009399
0.0536624	0.125
0.05373043	0.1788302
0.053755	0.15479025
0.05375871	0.01999676
0.05378882	0.03237436
0.0538	4.96333829
0.0538012	0.33519661
0.05380922	2.02228171
0.05385	0.37937559
0.05385001	0.25036053
0.05387902	0.0179569
0.0539	19.43572884
0.05391852	1.26945693
0.05391854	0.01993748
0.05392178	0.3
0.05392879	0.94278955
0.05399	4.09482506
0.05399999	7.142571
0.054	216.22229427
0.05404603	1.0
0.04910041	72.727
0.04910042	4.51987473
0.04910046	10.29875663
0.04910048	23.2887
0.0491005	127.248
0.04910052	2.40634085
0.04910066	1.80467875
0.04910076	2.41220018
0.04910084	12.94543559
0.04919448	4.88508799
0.04922487	0.20843199
0.04946706	0.02036658
0.04961119	3.41917428
0.04969211	0.03307805
0.049717	2.559375
0.04981934	0.0116403
0.05	3.83668208
0.05004999	32.19321
0.05005	501.73207581
0.05007288	0.21320283
0.05018	49.74652286
0.05018687	0.0347211
0.05024578	0.3450084
0.05042738	1.2
0.0505	50.0
0.05068627	0.03435575
0.0507479	0.0540721
0.05089747	0.01181788
0.051	50.06550909
0.05105	0.22473854
0.0510875	7.35474513
0.05109127	0.38916925
0.0511	1.0
0.05119065	0.03401752
0.0512313	0.0540721
0.05170004	0.03368235
0.05170661	0.01249518
0.0518	38.0
0.0519	0.15604224
0.0519562	0.0540721
0.05199928	0.03904108
0.05199999	1.0
0.052	2.53793972
0.05202208	0.2052144
0.05202244	0.22316688
0.0521	0.20170823
0.05221451	0.03335048
0.05248279	0.36053205
0.0525	1.25410209
0.05251477	1.001
0.05251478	10.0
0.05253597	5.0
0.0525538	0.23092377
0.05256807	0.06744248
0.05258279	1.03746346
0.0526	0.21696698
0.05260003	0.77238789
0.0527	10.0
0.05273409	0.03302188
0.05279972	2.00564426
0.0528	1.0
0.05282307	0.79177911
0.05284917	1.98213681
0.0529229	0.0540721
0.05296504	0.96469945
0.05298542	3.30080867
0.05299581	0.0097741
0.05299681	0.59752663
0.053	247.53610177
0.05303726	0.08312922
0.05310594	0.0182183
0.05325884	0.03269652
0.053295	0.90236706
0.05353597	62.52162112
0.0535361	1.0
0.0535535	0.04212858
0.05364255	0.01934026
0.05364714	0.009399
0.0536624	0.125
0.05373043	0.1788302
0.053755	0.15479025
0.05375871	0.01999676
0.05378882	0.03237436
0.0538	4.96333829
0.0538012	0.33519661
0.05380922	2.02228171
0.05385	0.37937559
0.05385001	0.25036053
0.05387902	0.0179569
0.0539	19.43572884
0.05391852	1.26945693
0.05391854	0.01993748
0.05392178	0.3
0.05392879	0.94278955
0.05399	4.09482506
0.05399999	7.142571
0.054	216.22229427
0.05404603	1.0
0.0541	261.33472684
0.05410248	1.64764641
0.04909404	71.95
0.04909405	81.4404
0.04909406	10.33644722
0.04909407	1.56766703
0.04909408	15.5609
0.04909411	4.51987473
0.04909443	14.04362257
0.0490946	3.82424449
0.04909471	0.0174042
0.04909564	14.04362257
0.04909565	0.01474298
0.04910029	0.0174187
0.0491003	0.01474298
0.04919448	4.88508799
0.04922487	0.20843199
0.04927784	5.0
0.04946705	12.94543559
0.04946706	0.02036658
0.04958909	7.5
0.04961119	3.41917428
0.04969211	0.03307805
0.049717	2.559375
0.04981934	0.0116403
0.05	3.83668208
0.05004999	32.19321
0.05005	501.73207581
0.05007288	0.21320283
0.05018	49.74652286
0.05018687	0.0347211
0.05024578	0.3450084
0.05042738	1.2
0.05049999	3.74710216
0.0505	50.0
0.05068627	0.03435575
0.0507479	0.0540721
0.05089747	0.01181788
0.051	50.06550909
0.05105	0.22473854
0.0510875	7.35474513
0.05109127	0.38916925
0.0511	1.0
0.05119065	0.03401752
0.0512313	0.0540721
0.05170004	0.03368235
0.05170661	0.01249518
0.0518	38.0
0.0519	0.15604224
0.0519562	0.0540721
0.05199928	0.03904108
0.05199999	1.0
0.052	2.53793972
0.05202208	0.2052144
0.05202244	0.22316688
0.0521	0.20170823
0.05221451	0.03335048
0.05248279	0.36053205
0.0525	1.25410209
0.05251477	1.001
0.05251478	10.0
0.05253597	5.0
0.0525538	0.23092377
0.05256807	0.06744248
0.05258279	1.03746346
0.0526	0.21696698
0.05260003	0.77238789
0.0527	10.0
0.05273409	0.03302188
0.05279972	2.00564426
0.0528	1.0
0.05282307	0.79177911
0.05284917	1.98213681
0.0529229	0.0540721
0.05296504	0.96469945
0.05298542	3.30080867
0.05299581	0.0097741
0.05299681	0.59752663
0.053	247.53610177
0.05303726	0.08312922
0.05310594	0.0182183
0.05325884	0.03269652
0.053295	0.90236706
0.05353597	62.52162112
0.0535361	1.0
0.0535535	0.04212858
0.05364255	0.01934026
0.05364714	0.009399
0.0536624	0.125
0.05373043	0.1788302
0.053755	0.15479025
0.05375871	0.01999676
0.05378882	0.03237436
0.0538	4.96333829
0.0538012	0.33519661
0.05380922	2.02228171
0.05385	0.37937559
0.05385001	0.25036053
0.05387902	0.0179569
0.0539	19.43572884
0.05391852	1.26945693
0.05391854	0.01993748
0.04908871	73.582
0.04908872	31.8879
0.04908873	86.63798573
0.04908874	4.51987473
0.04908882	115.68
0.04908885	1.91998115
0.04908913	2.24416421
0.04908925	4.02473103
0.04908932	0.01744048
0.04909391	0.01748411
0.04909399	2.46142916
0.04919448	4.88508799
0.04922487	0.20843199
0.04927784	5.0
0.04946706	0.02036658
0.04958909	7.5
0.04961119	3.41917428
0.0496921	12.94543559
0.04969211	0.03307805
0.049717	2.559375
0.04981934	0.0116403
0.05	3.83668208
0.05004999	32.19321
0.05005	501.73207581
0.05007288	0.21320283
0.05018	49.74652286
0.05018687	0.0347211
0.05024578	0.3450084
0.05042738	1.2
0.05049999	3.74710216
0.0505	50.0
0.05068627	0.03435575
0.0507479	0.0540721
0.05089747	0.01181788
0.051	50.06550909
0.05105	0.22473854
0.0510875	7.35474513
0.05109127	0.38916925
0.0511	1.0
0.05119065	0.03401752
0.0512313	0.0540721
0.05170004	0.03368235
0.05170661	0.01249518
0.0518	38.0
0.0519	0.15604224
0.0519562	0.0540721
0.05199928	0.03904108
0.05199999	1.0
0.052	2.53793972
0.05202208	0.2052144
0.05202244	0.22316688
0.0521	0.20170823
0.05221451	0.03335048
0.05248279	0.36053205
0.0525	1.25410209
0.05251477	1.001
0.05251478	10.0
0.05253597	5.0
0.0525538	0.23092377
0.05256807	0.06744248
0.05258279	1.03746346
0.0526	0.21696698
0.05260003	0.77238789
0.0527	10.0
0.05273409	0.03302188
0.05279972	2.00564426
0.0528	1.0
0.05282307	0.79177911
0.05284917	1.98213681
0.0529229	0.0540721
0.05296504	0.96469945
0.05298542	3.30080867
0.05299581	0.0097741
0.05299681	0.59752663
0.053	247.53610177
0.05303726	0.08312922
0.05310594	0.0182183
0.05325884	0.03269652
0.053295	0.90236706
0.05353597	62.52162112
0.0535361	1.0
0.0535535	0.04212858
0.05364255	0.01934026
0.05364714	0.009399
0.0536624	0.125
0.05373043	0.1788302
0.053755	0.15479025
0.05375871	0.01999676
0.05378882	0.03237436
0.0538	4.96333829
0.0538012	0.33519661
0.05380922	2.02228171
0.05385	0.37937559
0.05385001	0.25036053
0.05387902	0.0179569
0.0539	19.43572884
0.05391852	1.26945693
0.05391854	0.01993748
0.05392178	0.3
0.05392879	0.94278955
0.0490779	0.01743878
0.04908232	14.04362257
0.04908233	73.97
0.04908234	4.51987473
0.04908239	10.3792667
0.04908243	0.0174824
0.04908254	127.248
0.04908256	1.74001731
0.04908257	14.04362257
0.04908293	2.64639801
0.0490831	2.95241806
0.04909399	2.46142916
0.04919448	4.88508799
0.04922487	0.20843199
0.04946705	12.94543559
0.04946706	0.02036658
0.04969211	0.03307805
0.049717	2.559375
0.04981934	0.0116403
0.05	3.83668208
0.05004999	32.19321
0.05005	501.73207581
0.05007288	0.21320283
0.05018	49.74652286
0.05018687	0.0347211
0.05024578	0.3450084
0.05042738	1.2
0.05049999	3.74710216
0.0505	50.0
0.05068627	0.03435575
0.0507479	0.0540721
0.05089747	0.01181788
0.051	50.06550909
0.05105	0.22473854
0.0510875	7.35474513
0.05109127	0.38916925
0.0511	1.0
0.05119065	0.03401752
0.0512313	0.0540721
0.05170004	0.03368235
0.05170661	0.01249518
0.0518	38.0
0.0519	0.15604224
0.0519562	0.0540721
0.05199928	0.03904108
0.05199999	1.0
0.052	2.53793972
0.05202208	0.2052144
0.05202244	0.22316688
0.0521	0.20170823
0.05221451	0.03335048
0.05248279	0.36053205
0.0525	1.25410209
0.05251477	1.001
0.05251478	10.0
0.05253597	5.0
0.0525538	0.23092377
0.05256807	0.06744248
0.05258279	1.03746346
0.0526	0.21696698
0.05260003	0.77238789
0.0527	10.0
0.05273409	0.03302188
0.05279972	2.00564426
0.0528	1.0
0.05282307	0.79177911
0.05284917	1.98213681
0.0529229	0.0540721
0.05296504	0.96469945
0.05298542	3.30080867
0.05299581	0.0097741
0.05299681	0.59752663
0.053	247.53610177
0.05303726	0.08312922
0.05310594	0.0182183
0.05325884	0.03269652
0.053295	0.90236706
0.05353597	62.52162112
0.0535361	1.0
0.0535535	0.04212858
0.05364255	0.01934026
0.05364714	0.009399
0.0536624	0.125
0.05373043	0.1788302
0.053755	0.15479025
0.05375871	0.01999676
0.05378882	0.03237436
0.0538	4.96333829
0.0538012	0.33519661
0.05380922	2.02228171
0.05385	0.37937559
0.05385001	0.25036053
0.05387902	0.0179569
0.0539	19.43572884
0.05391852	1.26945693
0.05391854	0.01993748
0.05392178	0.3
0.05392879	0.94278955
0.05399	4.09482506
0.05399999	7.142571
0.04906978	133.3288
0.04906979	76.379
0.04906985	4.51987473
0.0490699	1.71818666
0.04906999	5.0
0.04907191	4.26307816
0.04907192	0.01608225
0.04907282	14.04362257
0.04907283	0.01604879
0.04907734	2.90364056
0.04907736	0.01612247
0.04907737	0.01606217
0.04907767	14.04362257
0.04907787	2.80769788
0.04909399	2.46142916
0.04919448	4.88508799
0.04922487	0.20843199
0.04946706	0.02036658
0.04956069	7.5
0.04969211	0.03307805
0.049717	2.559375
0.04981934	0.0116403
0.05	3.83668208
0.05004999	32.19321
0.05005	501.73207581
0.05007288	0.21320283
0.05018	49.74652286
0.05018687	0.0347211
0.05024578	0.3450084
0.05042738	1.2
0.05049999	3.74710216
0.0505	50.0
0.05068627	0.03435575
0.0507479	0.0540721
0.05089747	0.01181788
0.051	50.06550909
0.05105	0.22473854
0.0510875	7.35474513
0.05109127	0.38916925
0.0511	1.0
0.05119065	0.03401752
0.0512313	0.0540721
0.05170004	0.03368235
0.05170661	0.01249518
0.0518	38.0
0.0519	0.15604224
0.0519562	0.0540721
0.05199928	0.03904108
0.05199999	1.0
0.052	2.53793972
0.05202208	0.2052144
0.05202244	0.22316688
0.0521	0.20170823
0.05221451	0.03335048
0.05248279	0.36053205
0.0525	1.25410209
0.05251477	1.001
0.05251478	10.0
0.05253597	5.0
0.0525538	0.23092377
0.05256807	0.06744248
0.05258279	1.03746346
0.0526	0.21696698
0.05260003	0.77238789
0.0527	10.0
0.05273409	0.03302188
0.05279972	2.00564426
0.0528	1.0
0.05282307	0.79177911
0.05284917	1.98213681
0.0529229	0.0540721
0.05296504	0.96469945
0.05298542	3.30080867
0.05299581	0.0097741
0.05299681	0.59752663
0.053	247.53610177
0.05303726	0.08312922
0.05310594	0.0182183
0.05325884	0.03269652
0.053295	0.90236706
0.05353597	62.52162112
0.0535361	1.0
0.0535535	0.04212858
0.05364255	0.01934026
0.05364714	0.009399
0.0536624	0.125
0.05373043	0.1788302
0.053755	0.15479025
0.05375871	0.01999676
0.05378882	0.03237436
0.0538	4.96333829
0.0538012	0.33519661
0.05380922	2.02228171
0.05385	0.37937559
0.05385001	0.25036053
0.05387902	0.0179569
0.0539	19.43572884
0.05391852	1.26945693
0.05391854	0.01993748
0.05392178	0.3
0.04906421	10.35353812
0.04906423	75.291
0.04906424	20.993
0.04906426	4.51987473
0.04906433	9.64367
0.04906439	1.67870306
0.04906443	14.04362257
0.04906444	0.01743708
0.04906916	4.08685914
0.04906917	0.01748069
0.04906919	14.04362257
0.04906999	5.0
0.04907191	4.26307816
0.04909399	2.46142916
0.04919448	4.88508799
0.04922487	0.20843199
0.04946706	0.02036658
0.04956069	7.5
0.04969211	0.03307805
0.049717	2.559375
0.04981934	0.0116403
0.05	3.83668208
0.05004999	32.19321
0.05005	501.73207581
0.05007288	0.21320283
0.05018	49.74652286
0.05018687	0.0347211
0.05024578	0.3450084
0.05042738	1.2
0.05049999	3.74710216
0.0505	50.0
0.05068627	0.03435575
0.0507479	0.0540721
0.05089747	0.01181788
0.051	50.06550909
0.05105	0.22473854
0.0510875	7.35474513
0.05109127	0.38916925
0.0511	1.0
0.05119065	0.03401752
0.0512313	0.0540721
0.05170004	0.03368235
0.05170661	0.01249518
0.0518	38.0
0.0519	0.15604224
0.0519562	0.0540721
0.05199928	0.03904108
0.05199999	1.0
0.052	2.53793972
0.05202208	0.2052144
0.05202244	0.22316688
0.0521	0.20170823
0.05221451	0.03335048
0.05248279	0.36053205
0.0525	1.25410209
0.05251477	1.001
0.05251478	10.0
0.05253597	5.0
0.0525538	0.23092377
0.05256807	0.06744248
0.05258279	1.03746346
0.0526	0.21696698
0.05260003	0.77238789
0.0527	10.0
0.05273409	0.03302188
0.05279972	2.00564426
0.0528	1.0
0.05282307	0.79177911
0.05284917	1.98213681
0.0529229	0.0540721
0.05296504	0.96469945
0.05298542	3.30080867
0.05299581	0.0097741
0.05299681	0.59752663
0.053	247.53610177
0.05303726	0.08312922
0.05310594	0.0182183
0.05325884	0.03269652
0.053295	0.90236706
0.05353597	62.52162112
0.0535361	1.0
0.0535535	0.04212858
0.05364255	0.01934026
0.05364714	0.009399
0.0536624	0.125
0.05373043	0.1788302
0.053755	0.15479025
0.05375871	0.01999676
0.05378882	0.03237436
0.0538	4.96333829
0.0538012	0.33519661
0.05380922	2.02228171
0.05385	0.37937559
0.05385001	0.25036053
0.05387902	0.0179569
0.0539	19.43572884
0.05391852	1.26945693
0.05391854	0.01993748
0.05392178	0.3
0.05392879	0.94278955
0.0490577	10.33703702
0.04905773	78.2153
0.04905775	13.9285
0.04905778	141.29162257
0.04905779	4.51987473
0.04905784	2.06714376
0.04905787	0.0160831
0.04905881	0.01604964
0.04906343	9.59973
0.0490635	14.0597459
0.04906351	0.01606302
0.04906353	3.32090098
0.04906382	2.23931967
0.04907191	4.26307816
0.04919448	4.88508799
0.04922487	0.20843199
0.04946706	0.02036658
0.04969211	0.03307805
0.049717	2.559375
0.04981934	0.0116403
0.05	3.83668208
0.05004999	32.19321
0.05005	501.73207581
0.05007288	0.21320283
0.05018	49.74652286
0.05018687	0.0347211
0.05024578	0.3450084
0.05042738	1.2
0.05049999	3.74710216
0.0505	50.0
0.05068627	0.03435575
0.0507479	0.0540721
0.05089747	0.01181788
0.051	50.06550909
0.05105	0.22473854
0.0510875	7.35474513
0.05109127	0.38916925
0.0511	1.0
0.05119065	0.03401752
0.0512313	0.0540721
0.05170004	0.03368235
0.05170661	0.01249518
0.0518	38.0
0.0519	0.15604224
0.0519562	0.0540721
0.05199928	0.03904108
0.05199999	1.0
0.052	2.53793972
0.05202208	0.2052144
0.05202244	0.22316688
0.0521	0.20170823
0.05221451	0.03335048
0.05248279	0.36053205
0.0525	1.25410209
0.05251477	1.001
0.05251478	10.0
0.05253597	5.0
0.0525538	0.23092377
0.05256807	0.06744248
0.05258279	1.03746346
0.0526	0.21696698
0.05260003	0.77238789
0.0527	10.0
0.05273409	0.03302188
0.05279972	2.00564426
0.0528	1.0
0.05282307	0.79177911
0.05284917	1.98213681
0.0529229	0.0540721
0.05296504	0.96469945
0.05298542	3.30080867
0.05299581	0.0097741
0.05299681	0.59752663
0.053	247.53610177
0.05303726	0.08312922
0.05310594	0.0182183
0.05325884	0.03269652
0.053295	0.90236706
0.05353597	62.52162112
0.0535361	1.0
0.0535535	0.04212858
0.05364255	0.01934026
0.05364714	0.009399
0.0536624	0.125
0.05373043	0.1788302
0.053755	0.15479025
0.05375871	0.01999676
0.05378882	0.03237436
0.0538	4.96333829
0.0538012	0.33519661
0.05380922	2.02228171
0.05385	0.37937559
0.05385001	0.25036053
0.05387902	0.0179569
0.0539	19.43572884
0.05391852	1.26945693
0.05391854	0.01993748
0.05392178	0.3
0.05392879	0.94278955
0.05399	4.09482506
0.0490566	10.37515308
0.04905662	71.639
0.04905663	132.58147
0.04905664	4.51987473
0.04905666	10.6625
0.04905671	14.04362257
0.04905688	1.70026115
0.049057	14.04362257
0.04905749	2.8071906
0.04905787	0.0160831
0.04905881	0.01604964
0.0490635	0.01612333
0.04906351	0.01606302
0.04906353	3.32090098
0.04906382	2.23931967
0.04919448	4.88508799
0.04922487	0.20843199
0.04946706	0.02036658
0.04969211	0.03307805
0.049717	2.559375
0.04981934	0.0116403
0.05	3.83668208
0.05004999	32.19321
0.05005	501.73207581
0.05007288	0.21320283
0.05018	49.74652286
0.05018687	0.0347211
0.05024578	0.3450084
0.05042738	1.2
0.05049999	3.74710216
0.0505	50.0
0.05068627	0.03435575
0.0507479	0.0540721
0.05089747	0.01181788
0.051	50.06550909
0.05105	0.22473854
0.0510875	7.35474513
0.05109127	0.38916925
0.0511	1.0
0.05119065	0.03401752
0.0512313	0.0540721
0.05170004	0.03368235
0.05170661	0.01249518
0.0518	38.0
0.0519	0.15604224
0.0519562	0.0540721
0.05199928	0.03904108
0.05199999	1.0
0.052	2.53793972
0.05202208	0.2052144
0.05202244	0.22316688
0.0521	0.20170823
0.05221451	0.03335048
0.05248279	0.36053205
0.0525	1.25410209
0.05251477	1.001
0.05251478	10.0
0.05253597	5.0
0.0525538	0.23092377
0.05256807	0.06744248
0.05258279	1.03746346
0.0526	0.21696698
0.05260003	0.77238789
0.0527	10.0
0.05273409	0.03302188
0.05279972	2.00564426
0.0528	1.0
0.05282307	0.79177911
0.05284917	1.98213681
0.0529229	0.0540721
0.05296504	0.96469945
0.05298542	3.30080867
0.05299581	0.0097741
0.05299681	0.59752663
0.053	247.53610177
0.05303726	0.08312922
0.05310594	0.0182183
0.05325884	0.03269652
0.053295	0.90236706
0.05353597	62.52162112
0.0535361	1.0
0.0535535	0.04212858
0.05364255	0.01934026
0.05364714	0.009399
0.0536624	0.125
0.05373043	0.1788302
0.053755	0.15479025
0.05375871	0.01999676
0.05378882	0.03237436
0.0538	4.96333829
0.0538012	0.33519661
0.05380922	2.02228171
0.05385	0.37937559
0.05385001	0.25036053
0.05387902	0.0179569
0.0539	19.43572884
0.05391852	1.26945693
0.05391854	0.01993748
0.05392178	0.3
0.05392879	0.94278955
0.04905112	71.717
0.04905113	122.7412
0.04905114	4.51987473
0.04905118	2.02998041
0.04905121	10.5918
0.04905124	9.34792
0.04905126	14.04362257
0.04905148	3.98765255
0.04905163	14.04362257
0.04905183	0.01743538
0.04905638	2.65946923
0.04905646	0.01747899
0.04905691	3.12558565
0.04905999	5.0
0.04919448	4.88508799
0.04922487	0.20843199
0.04946706	0.02036658
0.04955059	7.5
0.04969211	0.03307805
0.049717	2.559375
0.04981934	0.0116403
0.05	3.83668208
0.05004999	32.19321
0.05005	501.73207581
0.05007288	0.21320283
0.05018	49.74652286
0.05018687	0.0347211
0.05024578	0.3450084
0.05042738	1.2
0.05044819	3.75094967
0.0504482	0.0540721
0.0505	50.0
0.05068627	0.03435575
0.05089747	0.01181788
0.0509287	0.0540721
0.051	50.06550909
0.05105	0.22473854
0.0510875	7.35474513
0.05109127	0.38916925
0.0511	1.0
0.05119065	0.03401752
0.0516494	0.0540721
0.05170004	0.03368235
0.05170661	0.01249518
0.0518	38.0
0.0519	0.15604224
0.05199928	0.03904108
0.05199999	1.0
0.052	2.53793972
0.05202208	0.2052144
0.05202244	0.22316688
0.0521	0.20170823
0.05221451	0.03335048
0.05248279	0.36053205
0.0525	1.25410209
0.05251477	1.001
0.05251478	10.0
0.05253597	5.0
0.0525538	0.23092377
0.05256807	0.06744248
0.05258279	1.03746346
0.0526	0.21696698
0.05260003	0.77238789
0.0526103	0.0540721
0.0527	10.0
0.05273409	0.03302188
0.05279972	2.00564426
0.0528	1.0
0.05282307	0.79177911
0.05284917	1.98213681
0.05296504	0.96469945
0.05298542	3.30080867
0.05299581	0.0097741
0.05299681	0.59752663
0.053	247.53610177
0.05303726	0.08312922
0.05310594	0.0182183
0.05325884	0.03269652
0.053295	0.90236706
0.05353597	62.52162112
0.0535361	1.0
0.0535535	0.04212858
0.05364255	0.01934026
0.05364714	0.009399
0.0536624	0.125
0.05373043	0.1788302
0.053755	0.15479025
0.05375871	0.01999676
0.05378882	0.03237436
0.0538	4.96333829
0.0538012	0.33519661
0.05380922	2.02228171
0.05385	0.37937559
0.05385001	0.25036053
0.05387902	0.0179569
0.0539	19.43572884
0.05391852	1.26945693
0.05391854	0.01993748
0.05392178	0.3
0.05392879	0.94278955
0.04904474	73.737
0.04904475	4.51987473
0.04904478	10.33912751
0.04904481	17.3663
0.04904482	127.248
0.04904483	2.83525138
0.04904492	1.9098748
0.04904494	14.04362257
0.04904499	9.77484
0.04904527	14.04362257
0.04904538	2.20324296
0.04904559	0.01608395
0.04904651	0.01605049
0.04905099	3.56012934
0.0490511	0.01612418
0.04905111	0.01606386
0.04908538	5.0
0.04919448	4.88508799
0.04922487	0.20843199
0.04946706	0.02036658
0.04957623	7.5
0.04969211	0.03307805
0.049717	2.559375
0.04981934	0.0116403
0.05	3.83668208
0.05004999	32.19321
0.05005	501.73207581
0.05007288	0.21320283
0.05018	49.74652286
0.05018687	0.0347211
0.05024578	0.3450084
0.05042738	1.2
0.05044819	3.75094967
0.0504482	0.0540721
0.0505	50.0
0.05068627	0.03435575
0.05089747	0.01181788
0.0509287	0.0540721
0.051	50.06550909
0.05105	0.22473854
0.0510875	7.35474513
0.05109127	0.38916925
0.0511	1.0
0.05119065	0.03401752
0.0516494	0.0540721
0.05170004	0.03368235
0.05170661	0.01249518
0.0518	38.0
0.0519	0.15604224
0.05199928	0.03904108
0.05199999	1.0
0.052	2.53793972
0.05202208	0.2052144
0.05202244	0.22316688
0.0521	0.20170823
0.05221451	0.03335048
0.05248279	0.36053205
0.0525	1.25410209
0.05251477	1.001
0.05251478	10.0
0.05253597	5.0
0.0525538	0.23092377
0.05256807	0.06744248
0.05258279	1.03746346
0.0526	0.21696698
0.05260003	0.77238789
0.0526103	0.0540721
0.0527	10.0
0.05273409	0.03302188
0.05279972	2.00564426
0.0528	1.0
0.05282307	0.79177911
0.05284917	1.98213681
0.05296504	0.96469945
0.05298542	3.30080867
0.05299581	0.0097741
0.05299681	0.59752663
0.053	247.53610177
0.05303726	0.08312922
0.05310594	0.0182183
0.05325884	0.03269652
0.053295	0.90236706
0.05353597	62.52162112
0.0535361	1.0
0.0535535	0.04212858
0.05364255	0.01934026
0.05364714	0.009399
0.0536624	0.125
0.05373043	0.1788302
0.053755	0.15479025
0.05375871	0.01999676
0.05378882	0.03237436
0.0538	4.96333829
0.0538012	0.33519661
0.05380922	2.02228171
0.05385	0.37937559
0.05385001	0.25036053
0.05387902	0.0179569
0.0539	19.43572884
0.05391852	1.26945693
0.0489551	76.068
0.04895511	4.51987473
0.04895515	10.33912751
0.04895517	11.568
0.0489552	1.91692657
0.04895559	0.01743369
0.04895971	0.01747729
0.04895993	5.0
0.04908538	5.0
0.04919447	12.94543559
0.04919448	4.88508799
0.04922487	0.20843199
0.04946706	0.02036658
0.04957623	7.5
0.04969211	0.03307805
0.049717	2.559375
0.04981934	0.0116403
0.05	3.83668208
0.05004999	32.19321
0.05005	501.73207581
0.05007288	0.21320283
0.05018	49.74652286
0.05018687	0.0347211
0.05024578	0.3450084
0.05042737	3.75249833
0.05042738	1.2
0.0504482	0.0540721
0.0505	50.0
0.05068627	0.03435575
0.05089747	0.01181788
0.0509287	0.0540721
0.051	50.06550909
0.05105	0.22473854
0.0510875	7.35474513
0.05109127	0.38916925
0.0511	1.0
0.05119065	0.03401752
0.0516494	0.0540721
0.05170004	0.03368235
0.05170661	0.01249518
0.0518	38.0
0.0519	0.15604224
0.05199928	0.03904108
0.05199999	1.0
0.052	2.53793972
0.05202208	0.2052144
0.05202244	0.22316688
0.0521	0.20170823
0.05221451	0.03335048
0.05248279	0.36053205
0.0525	1.25410209
0.05251477	1.001
0.05251478	10.0
0.05253597	5.0
0.0525538	0.23092377
0.05256807	0.06744248
0.05258279	1.03746346
0.0526	0.21696698
0.05260003	0.77238789
0.0526103	0.0540721
0.0527	10.0
0.05273409	0.03302188
0.05279972	2.00564426
0.0528	1.0
0.05282307	0.79177911
0.05284917	1.98213681
0.05296504	0.96469945
0.05298542	3.30080867
0.05299581	0.0097741
0.05299681	0.59752663
0.053	247.53610177
0.05303726	0.08312922
0.05310594	0.0182183
0.05325884	0.03269652
0.053295	0.90236706
0.05353597	62.52162112
0.0535361	1.0
0.0535535	0.04212858
0.05364255	0.01934026
0.05364714	0.009399
0.0536624	0.125
0.05373043	0.1788302
0.053755	0.15479025
0.05375871	0.01999676
0.05378882	0.03237436
0.0538	4.96333829
0.0538012	0.33519661
0.05380922	2.02228171
0.05385	0.37937559
0.05385001	0.25036053
0.05387902	0.0179569
0.0539	19.43572884
0.05391852	1.26945693
0.05391854	0.01993748
0.05392178	0.3
0.05392879	0.94278955
0.05399	4.09482506
0.05399999	7.142571
0.054	216.22229427
0.05404603	1.0
0.04895391	70.862
0.04895392	10.33915103
0.04895393	6.9852
0.04895395	127.248
0.04895397	4.51987473
0.04895403	2.71260523
0.0489541	2.02794257
0.04895412	3.06639541
0.04895418	4.32246376
0.04895559	0.01743369
0.04895971	0.01747729
0.04895993	5.0
0.04908538	5.0
0.04919447	12.94543559
0.04919448	4.88508799
0.04922487	0.20843199
0.04946706	0.02036658
0.04957623	7.5
0.04969211	0.03307805
0.049717	2.559375
0.04981934	0.0116403
0.05	3.83668208
0.05004999	32.19321
0.05005	501.73207581
0.05007288	0.21320283
0.05018	49.74652286
0.05018687	0.0347211
0.05024578	0.3450084
0.05042737	3.75249833
0.05042738	1.2
0.0504482	0.0540721
0.0505	50.0
0.05068627	0.03435575
0.05089747	0.01181788
0.0509287	0.0540721
0.051	50.06550909
0.05105	0.22473854
0.0510875	7.35474513
0.05109127	0.38916925
0.0511	1.0
0.05119065	0.03401752
0.0516494	0.0540721
0.05170004	0.03368235
0.05170661	0.01249518
0.0518	38.0
0.0519	0.15604224
0.05199928	0.03904108
0.05199999	1.0
0.052	2.53793972
0.05202208	0.2052144
0.05202244	0.22316688
0.0521	0.20170823
0.05221451	0.03335048
0.05248279	0.36053205
0.0525	1.25410209
0.05251477	1.001
0.05251478	10.0
0.05253597	5.0
0.0525538	0.23092377
0.05256807	0.06744248
0.05258279	1.03746346
0.0526	0.21696698
0.05260003	0.77238789
0.0526103	0.0540721
0.0527	10.0
0.05273409	0.03302188
0.05279972	2.00564426
0.0528	1.0
0.05282307	0.79177911
0.05284917	1.98213681
0.05296504	0.96469945
0.05298542	3.30080867
0.05299581	0.0097741
0.05299681	0.59752663
0.053	247.53610177
0.05303726	0.08312922
0.05310594	0.0182183
0.05325884	0.03269652
0.053295	0.90236706
0.05353597	62.52162112
0.0535361	1.0
0.0535535	0.04212858
0.05364255	0.01934026
0.05364714	0.009399
0.0536624	0.125
0.05373043	0.1788302
0.053755	0.15479025
0.05375871	0.01999676
0.05378882	0.03237436
0.0538	4.96333829
0.0538012	0.33519661
0.05380922	2.02228171
0.05385	0.37937559
0.05385001	0.25036053
0.05387902	0.0179569
0.0539	19.43572884
0.05391852	1.26945693
0.05391854	0.01993748
0.05392178	0.3
0.05392879	0.94278955
0.04894801	1.8893524
0.04894804	76.612
0.04894805	34.81428516
0.04894809	127.248
0.04894826	3.62734264
0.04894842	3.77086614
0.04894857	0.0160848
0.04894938	0.01605133
0.04895343	0.01612503
0.04895344	0.01606471
0.04895418	4.32246376
0.04895993	5.0
0.04922486	12.94543559
0.04922487	0.20843199
0.04946706	0.02036658
0.04969211	0.03307805
0.049717	2.559375
0.04981934	0.0116403
0.05	3.83668208
0.05004999	32.19321
0.05005	501.73207581
0.05007288	0.21320283
0.05018	49.74652286
0.05018687	0.0347211
0.05024578	0.3450084
0.05042737	3.75249833
0.05042738	1.2
0.0504482	0.0540721
0.0505	50.0
0.05068627	0.03435575
0.05089747	0.01181788
0.0509287	0.0540721
0.051	50.06550909
0.05105	0.22473854
0.0510875	7.35474513
0.05109127	0.38916925
0.0511	1.0
0.05119065	0.03401752
0.0516494	0.0540721
0.05170004	0.03368235
0.05170661	0.01249518
0.0518	38.0
0.0519	0.15604224
0.05199928	0.03904108
0.05199999	1.0
0.052	2.53793972
0.05202208	0.2052144
0.05202244	0.22316688
0.0521	0.20170823
0.05221451	0.03335048
0.05248279	0.36053205
0.0525	1.25410209
0.05251477	1.001
0.05251478	10.0
0.05253597	5.0
0.0525538	0.23092377
0.05256807	0.06744248
0.05258279	1.03746346
0.0526	0.21696698
0.05260003	0.77238789
0.0526103	0.0540721
0.0527	10.0
0.05273409	0.03302188
0.05279972	2.00564426
0.0528	1.0
0.05282307	0.79177911
0.05284917	1.98213681
0.05296504	0.96469945
0.05298542	3.30080867
0.05299581	0.0097741
0.05299681	0.59752663
0.053	247.53610177
0.05303726	0.08312922
0.05310594	0.0182183
0.05325884	0.03269652
0.053295	0.90236706
0.05353597	62.52162112
0.0535361	1.0
0.0535535	0.04212858
0.05364255	0.01934026
0.05364714	0.009399
0.0536624	0.125
0.05373043	0.1788302
0.053755	0.15479025
0.05375871	0.01999676
0.05378882	0.03237436
0.0538	4.96333829
0.0538012	0.33519661
0.05380922	2.02228171
0.05385	0.37937559
0.05385001	0.25036053
0.05387902	0.0179569
0.0539	19.43572884
0.05391852	1.26945693
0.05391854	0.01993748
0.05392178	0.3
0.05392879	0.94278955
0.05399	4.09482506
0.05399999	7.142571
0.054	216.22229427
0.0489469	74.592
0.04894691	10.34128516
0.04894695	72.339
0.04894698	2.45944182
0.04894699	127.248
0.04894709	2.03965653
0.04894756	3.77759471
0.04894774	2.14923844
0.04894999	5.0
0.04895993	5.0
0.04922486	12.94543559
0.04922487	0.20843199
0.04943949	7.5
0.04946706	0.02036658
0.04969211	0.03307805
0.049717	2.559375
0.04981934	0.0116403
0.05	3.83668208
0.05004999	32.19321
0.05005	501.73207581
0.05007288	0.21320283
0.05018	49.74652286
0.05018687	0.0347211
0.05024578	0.3450084
0.05042737	3.75249833
0.05042738	1.2
0.0504482	0.0540721
0.0505	50.0
0.05068627	0.03435575
0.05089747	0.01181788
0.0509287	0.0540721
0.051	50.06550909
0.05105	0.22473854
0.0510875	7.35474513
0.05109127	0.38916925
0.0511	1.0
0.05119065	0.03401752
0.0516494	0.0540721
0.05170004	0.03368235
0.05170661	0.01249518
0.0518	38.0
0.0519	0.15604224
0.05199928	0.03904108
0.05199999	1.0
0.052	2.53793972
0.05202208	0.2052144
0.05202244	0.22316688
0.0521	0.20170823
0.05221451	0.03335048
0.05248279	0.36053205
0.0525	1.25410209
0.05251477	1.001
0.05251478	10.0
0.05253597	5.0
0.0525538	0.23092377
0.05256807	0.06744248
0.05258279	1.03746346
0.0526	0.21696698
0.05260003	0.77238789
0.0526103	0.0540721
0.0527	10.0
0.05273409	0.03302188
0.05279972	2.00564426
0.0528	1.0
0.05282307	0.79177911
0.05284917	1.98213681
0.05296504	0.96469945
0.05298542	3.30080867
0.05299581	0.0097741
0.05299681	0.59752663
0.053	247.53610177
0.05303726	0.08312922
0.05310594	0.0182183
0.05325884	0.03269652
0.053295	0.90236706
0.05353597	62.52162112
0.0535361	1.0
0.0535535	0.04212858
0.05364255	0.01934026
0.05364714	0.009399
0.0536624	0.125
0.05373043	0.1788302
0.053755	0.15479025
0.05375871	0.01999676
0.05378882	0.03237436
0.0538	4.96333829
0.0538012	0.33519661
0.05380922	2.02228171
0.05385	0.37937559
0.05385001	0.25036053
0.05387902	0.0179569
0.0539	19.43572884
0.05391852	1.26945693
0.05391854	0.01993748
0.05392178	0.3
0.05392879	0.94278955
0.05399	4.09482506
0.05399999	7.142571
0.054	216.22229427
0.05404603	1.0
0.0489457	10.33645576
0.04894572	69.075
0.04894573	10.3425
0.04894575	6.35203365
0.04894578	127.248
0.04894579	2.99477717
0.04894584	3.28374831
0.04894645	2.84873271
0.04894669	4.30892876
0.04894999	5.0
0.04895993	5.0
0.0490727	3.47083646
0.04922486	12.94543559
0.04922487	0.20843199
0.04943949	7.5
0.04946706	0.02036658
0.04969211	0.03307805
0.049717	2.559375
0.04981934	0.0116403
0.05	3.83668208
0.05004999	32.19321
0.05005	501.73207581
0.05007288	0.21320283
0.05018	49.74652286
0.05018687	0.0347211
0.05024578	0.3450084
0.05042737	3.75249833
0.05042738	1.2
0.0504482	0.0540721
0.0505	50.0
0.05068627	0.03435575
0.05089747	0.01181788
0.0509287	0.0540721
0.051	50.06550909
0.05105	0.22473854
0.0510875	7.35474513
0.05109127	0.38916925
0.0511	1.0
0.05119065	0.03401752
0.0516494	0.0540721
0.05170004	0.03368235
0.05170661	0.01249518
0.0518	38.0
0.0519	0.15604224
0.05199928	0.03904108
0.05199999	1.0
0.052	2.53793972
0.05202208	0.2052144
0.05202244	0.22316688
0.0521	0.20170823
0.05221451	0.03335048
0.05248279	0.36053205
0.0525	1.25410209
0.05251477	1.001
0.05251478	10.0
0.05253597	5.0
0.0525538	0.23092377
0.05256807	0.06744248
0.05258279	1.03746346
0.0526	0.21696698
0.05260003	0.77238789
0.0526103	0.0540721
0.0527	10.0
0.05273409	0.03302188
0.05279972	2.00564426
0.0528	1.0
0.05282307	0.79177911
0.05284917	1.98213681
0.05296504	0.96469945
0.05298542	3.30080867
0.05299581	0.0097741
0.05299681	0.59752663
0.053	247.53610177
0.05303726	0.08312922
0.05310594	0.0182183
0.05325884	0.03269652
0.053295	0.90236706
0.05353597	62.52162112
0.0535361	1.0
0.0535535	0.04212858
0.05364255	0.01934026
0.05364714	0.009399
0.0536624	0.125
0.05373043	0.1788302
0.053755	0.15479025
0.05375871	0.01999676
0.05378882	0.03237436
0.0538	4.96333829
0.0538012	0.33519661
0.05380922	2.02228171
0.05385	0.37937559
0.05385001	0.25036053
0.05387902	0.0179569
0.0539	19.43572884
0.05391852	1.26945693
0.05391854	0.01993748
0.05392178	0.3
0.05392879	0.94278955
0.05399	4.09482506
0.05399999	7.142571
0.04893614	0.01750012
0.04893998	6.8875
0.04893999	75.214
0.04894	4.51987473
0.04894009	0.01754388
0.04894011	2.05797788
0.04894032	3.70656537
0.0489404	11.568
0.0489406	3.32449999
0.04894999	5.0
0.04895993	5.0
0.04922161	4.99558964
0.04922487	0.20843199
0.04943948	12.94543559
0.04943949	7.5
0.04946706	0.02036658
0.04969211	0.03307805
0.049717	2.559375
0.04981934	0.0116403
0.05	3.83668208
0.05004998	6.8799
0.05004999	32.19321
0.05005	501.73207581
0.05007288	0.21320283
0.05018	49.74652286
0.05018687	0.0347211
0.05024578	0.3450084
0.05042737	3.75249833
0.05042738	1.2
0.0504482	0.0540721
0.0505	50.0
0.05068627	0.03435575
0.05089747	0.01181788
0.0509287	0.0540721
0.051	50.06550909
0.05105	0.22473854
0.0510875	7.35474513
0.05109127	0.38916925
0.0511	1.0
0.05119065	0.03401752
0.0516494	0.0540721
0.05170004	0.03368235
0.05170661	0.01249518
0.0518	38.0
0.0519	0.15604224
0.05199928	0.03904108
0.05199999	1.0
0.052	2.53793972
0.05202208	0.2052144
0.05202244	0.22316688
0.0521	0.20170823
0.05221451	0.03335048
0.05248279	0.36053205
0.0525	1.25410209
0.05251477	1.001
0.05251478	10.0
0.05253597	5.0
0.0525538	0.23092377
0.05256807	0.06744248
0.05258279	1.03746346
0.0526	0.21696698
0.05260003	0.77238789
0.0526103	0.0540721
0.0527	10.0
0.05273409	0.03302188
0.05279972	2.00564426
0.0528	1.0
0.05282307	0.79177911
0.05284917	1.98213681
0.05296504	0.96469945
0.05298542	3.30080867
0.05299581	0.0097741
0.05299681	0.59752663
0.053	247.53610177
0.05303726	0.08312922
0.05310594	0.0182183
0.05325884	0.03269652
0.053295	0.90236706
0.05353597	62.52162112
0.0535361	1.0
0.0535535	0.04212858
0.05364255	0.01934026
0.05364714	0.009399
0.0536624	0.125
0.05373043	0.1788302
0.053755	0.15479025
0.05375871	0.01999676
0.05378882	0.03237436
0.0538	4.96333829
0.0538012	0.33519661
0.05380922	2.02228171
0.05385	0.37937559
0.05385001	0.25036053
0.05387902	0.0179569
0.0539	19.43572884
0.05391852	1.26945693
0.05391854	0.01993748
0.05392178	0.3
0.05392879	0.94278955
0.05399	4.09482506
0.04893112	76.146
0.04893113	4.51987473
0.04893116	3.19242059
0.04893121	0.01605156
0.0489319	0.01601816
0.04893514	71.562
0.04893515	17.2455
0.04893524	3.88141423
0.04893526	1.99925162
0.0489353	2.00925141
0.04893532	0.0160917
0.04893533	0.01603151
0.04893564	1.96901257
0.04894999	5.0
0.04895993	5.0
0.0492216	12.94543559
0.04922161	4.99558964
0.04922487	0.20843199
0.04943949	7.5
0.04946706	0.02036658
0.04969211	0.03307805
0.049717	2.559375
0.04981934	0.0116403
0.05	3.83668208
0.05004999	32.19321
0.05005	501.73207581
0.05007288	0.21320283
0.05018	49.74652286
0.05018687	0.0347211
0.05024578	0.3450084
0.05042738	1.2
0.05044819	3.75094967
0.0504482	0.0540721
0.0505	50.0
0.05068627	0.03435575
0.05089747	0.01181788
0.0509287	0.0540721
0.051	50.06550909
0.05105	0.22473854
0.0510875	7.35474513
0.05109127	0.38916925
0.0511	1.0
0.05119065	0.03401752
0.0516494	0.0540721
0.05170004	0.03368235
0.05170661	0.01249518
0.0518	38.0
0.0519	0.15604224
0.05199928	0.03904108
0.05199999	1.0
0.052	2.53793972
0.05202208	0.2052144
0.05202244	0.22316688
0.0521	0.20170823
0.05221451	0.03335048
0.05248279	0.36053205
0.0525	1.25410209
0.05251477	1.001
0.05251478	10.0
0.05253597	5.0
0.0525538	0.23092377
0.05256807	0.06744248
0.05258279	1.03746346
0.0526	0.21696698
0.05260003	0.77238789
0.0526103	0.0540721
0.0527	10.0
0.05273409	0.03302188
0.05279972	2.00564426
0.0528	1.0
0.05282307	0.79177911
0.05284917	1.98213681
0.05296504	0.96469945
0.05298542	3.30080867
0.05299581	0.0097741
0.05299681	0.59752663
0.053	247.53610177
0.05303726	0.08312922
0.05310594	0.0182183
0.05325884	0.03269652
0.053295	0.90236706
0.05353597	62.52162112
0.0535361	1.0
0.0535535	0.04212858
0.05364255	0.01934026
0.05364714	0.009399
0.0536624	0.125
0.05373043	0.1788302
0.053755	0.15479025
0.05375871	0.01999676
0.05378882	0.03237436
0.0538	4.96333829
0.0538012	0.33519661
0.05380922	2.02228171
0.05385	0.37937559
0.05385001	0.25036053
0.05387902	0.0179569
0.0539	19.43572884
0.05391852	1.26945693
0.05391854	0.01993748
0.04893001	72.261
0.04893002	4.51987473
0.04893003	2.07132
0.04893006	10.33645363
0.04893007	3.83522137
0.04893009	20.6821
0.04893022	119.22273263
0.04893044	2.30519927
0.04893093	1.92859801
0.04893564	1.96901257
0.04894999	5.0
0.04895993	5.0
0.04922486	12.94543559
0.04922487	0.20843199
0.04943949	7.5
0.04946706	0.02036658
0.04969211	0.03307805
0.049717	2.559375
0.04981934	0.0116403
0.05	3.83668208
0.05004999	32.19321
0.05005	501.73207581
0.05007288	0.21320283
0.05018	49.74652286
0.05018687	0.0347211
0.05024578	0.3450084
0.05042737	3.75225816
0.05042738	1.2
0.0504482	0.0540721
0.0505	50.0
0.05068627	0.03435575
0.05089747	0.01181788
0.0509287	0.0540721
0.051	50.06550909
0.05105	0.22473854
0.0510875	7.35474513
0.05109127	0.38916925
0.0511	1.0
0.05119065	0.03401752
0.0516494	0.0540721
0.05170004	0.03368235
0.05170661	0.01249518
0.0518	38.0
0.0519	0.15604224
0.05199928	0.03904108
0.05199999	1.0
0.052	2.53793972
0.05202208	0.2052144
0.05202244	0.22316688
0.0521	0.20170823
0.05221451	0.03335048
0.05248279	0.36053205
0.0525	1.25410209
0.05251477	1.001
0.05251478	10.0
0.05253597	5.0
0.0525538	0.23092377
0.05256807	0.06744248
0.05258279	1.03746346
0.0526	0.21696698
0.05260003	0.77238789
0.0526103	0.0540721
0.0527	10.0
0.05273409	0.03302188
0.05279972	2.00564426
0.0528	1.0
0.05282307	0.79177911
0.05284917	1.98213681
0.05296504	0.96469945
0.05298542	3.30080867
0.05299581	0.0097741
0.05299681	0.59752663
0.053	247.53610177
0.05303726	0.08312922
0.05310594	0.0182183
0.05325884	0.03269652
0.053295	0.90236706
0.05353597	62.52162112
0.0535361	1.0
0.0535535	0.04212858
0.05364255	0.01934026
0.05364714	0.009399
0.0536624	0.125
0.05373043	0.1788302
0.053755	0.15479025
0.05375871	0.01999676
0.05378882	0.03237436
0.0538	4.96333829
0.0538012	0.33519661
0.05380922	2.02228171
0.05385	0.37937559
0.05385001	0.25036053
0.05387902	0.0179569
0.0539	19.43572884
0.05391852	1.26945693
0.05391854	0.01993748
0.05392178	0.3
0.05392879	0.94278955
0.05399	4.09482506
0.05399999	7.142571
0.04892361	76.923
0.04892362	4.51987473
0.04892365	10.33103529
0.04892368	16.4687
0.04892371	2.63510671
0.04892372	11.568
0.04892375	3.68638096
0.04892381	1.553505
0.04892398	2.95946438
0.04892423	0.01746132
0.04892513	0.01462845
0.04892956	115.68
0.04892964	0.01747587
0.04892965	0.01462845
0.04893	3.27678021
0.04893007	3.83522137
0.04893564	1.96901257
0.04894999	5.0
0.04895993	5.0
0.04922486	12.94543559
0.04922487	0.20843199
0.04943949	7.5
0.04946706	0.02036658
0.04969211	0.03307805
0.049717	2.559375
0.04981934	0.0116403
0.05	3.83668208
0.05004999	32.19321
0.05005	501.73207581
0.05007288	0.21320283
0.05018	49.74652286
0.05018687	0.0347211
0.05024578	0.3450084
0.05042737	3.75225816
0.05042738	1.2
0.0504482	0.0540721
0.0505	50.0
0.05068627	0.03435575
0.05089747	0.01181788
0.0509287	0.0540721
0.051	50.06550909
0.05105	0.22473854
0.0510875	7.35474513
0.05109127	0.38916925
0.0511	1.0
0.05119065	0.03401752
0.0516494	0.0540721
0.05170004	0.03368235
0.05170661	0.01249518
0.0518	38.0
0.0519	0.15604224
0.05199928	0.03904108
0.05199999	1.0
0.052	2.53793972
0.05202208	0.2052144
0.05202244	0.22316688
0.0521	0.20170823
0.05221451	0.03335048
0.05248279	0.36053205
0.0525	1.25410209
0.05251477	1.001
0.05251478	10.0
0.05253597	5.0
0.0525538	0.23092377
0.05256807	0.06744248
0.05258279	1.03746346
0.0526	0.21696698
0.05260003	0.77238789
0.0526103	0.0540721
0.0527	10.0
0.05273409	0.03302188
0.05279972	2.00564426
0.0528	1.0
0.05282307	0.79177911
0.05284917	1.98213681
0.05296504	0.96469945
0.05298542	3.30080867
0.05299581	0.0097741
0.05299681	0.59752663
0.053	247.53610177
0.05303726	0.08312922
0.05310594	0.0182183
0.05325884	0.03269652
0.053295	0.90236706
0.05353597	62.52162112
0.0535361	1.0
0.0535535	0.04212858
0.05364255	0.01934026
0.05364714	0.009399
0.0536624	0.125
0.05373043	0.1788302
0.053755	0.15479025
0.05375871	0.01999676
0.05378882	0.03237436
0.0538	4.96333829
0.0538012	0.33519661
0.05380922	2.02228171
0.05385	0.37937559
0.05385001	0.25036053
0.05387902	0.0179569
0.04881396	69.72476793
0.04881397	6.7069
0.0488146	0.01749773
0.04881836	0.01754148
0.04881843	0.29452391
0.04892729	4.71551037
0.04892956	115.68
0.04893564	1.96901257
0.04894999	5.0
0.04895993	5.0
0.04903981	3.6256752
0.04912048	5.1428102
0.04922487	0.20843199
0.04943948	12.94543559
0.04943949	7.5
0.04946706	0.02036658
0.04969211	0.03307805
0.049717	2.559375
0.04981934	0.0116403
0.05	3.83668208
0.05004999	32.19321
0.05005	501.73207581
0.05007288	0.21320283
0.05018	49.74652286
0.05018687	0.0347211
0.05024578	0.3450084
0.05042737	3.75225816
0.05042738	1.2
0.0504482	0.0540721
0.0505	50.0
0.05068627	0.03435575
0.05089747	0.01181788
0.0509287	0.0540721
0.051	50.06550909
0.05105	0.22473854
0.0510875	7.35474513
0.05109127	0.38916925
0.0511	1.0
0.05119065	0.03401752
0.0516494	0.0540721
0.05170004	0.03368235
0.05170661	0.01249518
0.0518	38.0
0.0519	0.15604224
0.05199928	0.03904108
0.05199999	1.0
0.052	2.53793972
0.05202208	0.2052144
0.05202244	0.22316688
0.0521	0.20170823
0.05221451	0.03335048
0.05248279	0.36053205
0.0525	1.25410209
0.05251477	1.001
0.05251478	10.0
0.05253597	5.0
0.0525538	0.23092377
0.05256807	0.06744248
0.05258279	1.03746346
0.0526	0.21696698
0.05260003	0.77238789
0.0526103	0.0540721
0.0527	10.0
0.05273409	0.03302188
0.05279972	2.00564426
0.0528	1.0
0.05282307	0.79177911
0.05284917	1.98213681
0.05296504	0.96469945
0.05298542	3.30080867
0.05299581	0.0097741
0.05299681	0.59752663
0.053	247.53610177
0.05303726	0.08312922
0.05310594	0.0182183
0.05325884	0.03269652
0.053295	0.90236706
0.05353597	62.52162112
0.0535361	1.0
0.0535535	0.04212858
0.05364255	0.01934026
0.05364714	0.009399
0.0536624	0.125
0.05373043	0.1788302
0.053755	0.15479025
0.05375871	0.01999676
0.05378882	0.03237436
0.0538	4.96333829
0.0538012	0.33519661
0.05380922	2.02228171
0.05385	0.37937559
0.05385001	0.25036053
0.05387902	0.0179569
0.0539	19.43572884
0.05391852	1.26945693
0.05391854	0.01993748
0.05392178	0.3
0.05392879	0.94278955
0.05399	4.09482506
0.05399999	7.142571
0.04880852	6.7119
0.04880853	70.163
0.04880854	4.51987473
0.04880861	0.33876793
0.04880864	4.30731998
0.04880865	11.568
0.04881843	0.29452391
0.04892729	4.71551037
0.04892956	115.68
0.04893564	1.96901257
0.04894999	5.0
0.04895993	5.0
0.04905417	5.33577321
0.04922486	12.94543559
0.04922487	0.20843199
0.04943949	7.5
0.04946706	0.02036658
0.04969211	0.03307805
0.049717	2.559375
0.04981934	0.0116403
0.05	3.83668208
0.05004999	32.19321
0.05005	501.73207581
0.05007288	0.21320283
0.05018	49.74652286
0.05018687	0.0347211
0.05024578	0.3450084
0.05042737	3.75225816
0.05042738	1.2
0.0504482	0.0540721
0.0505	50.0
0.05068627	0.03435575
0.05089747	0.01181788
0.0509287	0.0540721
0.051	50.06550909
0.05105	0.22473854
0.0510875	7.35474513
0.05109127	0.38916925
0.0511	1.0
0.05119065	0.03401752
0.0516494	0.0540721
0.05170004	0.03368235
0.05170661	0.01249518
0.0518	38.0
0.0519	0.15604224
0.05199928	0.03904108
0.05199999	1.0
0.052	2.53793972
0.05202208	0.2052144
0.05202244	0.22316688
0.0521	0.20170823
0.05221451	0.03335048
0.05248279	0.36053205
0.0525	1.25410209
0.05251477	1.001
0.05251478	10.0
0.05253597	5.0
0.0525538	0.23092377
0.05256807	0.06744248
0.05258279	1.03746346
0.0526	0.21696698
0.05260003	0.77238789
0.0526103	0.0540721
0.0527	10.0
0.05273409	0.03302188
0.05279972	2.00564426
0.0528	1.0
0.05282307	0.79177911
0.05284917	1.98213681
0.05296504	0.96469945
0.05298542	3.30080867
0.05299581	0.0097741
0.05299681	0.59752663
0.053	247.53610177
0.05303726	0.08312922
0.05310594	0.0182183
0.05325884	0.03269652
0.053295	0.90236706
0.05353597	62.52162112
0.0535361	1.0
0.0535535	0.04212858
0.05364255	0.01934026
0.05364714	0.009399
0.0536624	0.125
0.05373043	0.1788302
0.053755	0.15479025
0.05375871	0.01999676
0.05378882	0.03237436
0.0538	4.96333829
0.0538012	0.33519661
0.05380922	2.02228171
0.05385	0.37937559
0.05385001	0.25036053
0.05387902	0.0179569
0.0539	19.43572884
0.05391852	1.26945693
0.05391854	0.01993748
0.05392178	0.3
0.05392879	0.94278955
0.05399	4.09482506
0.04879996	0.01605366
0.04880068	0.01602026
0.04880415	69.619
0.04880416	3.03453552
0.04880418	11.568
0.04880419	4.51987473
0.04880429	0.01609381
0.0488043	0.01603361
0.04881843	0.29452391
0.04892729	4.71551037
0.04892956	115.68
0.04893564	1.96901257
0.04894999	5.0
0.04895993	5.0
0.04905417	5.33577321
0.04914755	3.6961286
0.04922486	12.94543559
0.04922487	0.20843199
0.04943949	7.5
0.04946706	0.02036658
0.04969211	0.03307805
0.049717	2.559375
0.04981934	0.0116403
0.05	3.83668208
0.05004999	32.19321
0.05005	501.73207581
0.05007288	0.21320283
0.05018	49.74652286
0.05018687	0.0347211
0.05024578	0.3450084
0.05042737	3.75225816
0.05042738	1.2
0.0504482	0.0540721
0.0505	50.0
0.05068627	0.03435575
0.05089747	0.01181788
0.0509287	0.0540721
0.051	50.06550909
0.05105	0.22473854
0.0510875	7.35474513
0.05109127	0.38916925
0.0511	1.0
0.05119065	0.03401752
0.0516494	0.0540721
0.05170004	0.03368235
0.05170661	0.01249518
0.0518	38.0
0.0519	0.15604224
0.05199928	0.03904108
0.05199999	1.0
0.052	2.53793972
0.05202208	0.2052144
0.05202244	0.22316688
0.0521	0.20170823
0.05221451	0.03335048
0.05248279	0.36053205
0.0525	1.25410209
0.05251477	1.001
0.05251478	10.0
0.05253597	5.0
0.0525538	0.23092377
0.05256807	0.06744248
0.05258279	1.03746346
0.0526	0.21696698
0.05260003	0.77238789
0.0526103	0.0540721
0.0527	10.0
0.05273409	0.03302188
0.05279972	2.00564426
0.0528	1.0
0.05282307	0.79177911
0.05284917	1.98213681
0.05296504	0.96469945
0.05298542	3.30080867
0.05299581	0.0097741
0.05299681	0.59752663
0.053	247.53610177
0.05303726	0.08312922
0.05310594	0.0182183
0.05325884	0.03269652
0.053295	0.90236706
0.05353597	62.52162112
0.0535361	1.0
0.0535535	0.04212858
0.05364255	0.01934026
0.05364714	0.009399
0.0536624	0.125
0.05373043	0.1788302
0.053755	0.15479025
0.05375871	0.01999676
0.05378882	0.03237436
0.0538	4.96333829
0.0538012	0.33519661
0.05380922	2.02228171
0.05385	0.37937559
0.05385001	0.25036053
0.05387902	0.0179569
0.0539	19.43572884
0.05391852	1.26945693
0.05391854	0.01993748
0.04879564	73.426
0.04879565	6.6386
0.04879566	11.568
0.04879568	4.51987473
0.04879576	0.01749411
0.04879933	0.01753786
0.04881843	0.29452391
0.04892956	115.68
0.04893564	1.96901257
0.04895993	5.0
0.0490299	6.05939233
0.04912926	5.89635274
0.04914674	5.00854969
0.04922487	0.20843199
0.04943948	12.94543559
0.04946706	0.02036658
0.04969211	0.03307805
0.049717	2.559375
0.04981934	0.0116403
0.05	3.83668208
0.05004999	32.19321
0.05005	501.73207581
0.05007288	0.21320283
0.05018	49.74652286
0.05018687	0.0347211
0.05024578	0.3450084
0.05042737	3.75225816
0.05042738	1.2
0.0504482	0.0540721
0.0505	50.0
0.05068627	0.03435575
0.05089747	0.01181788
0.0509287	0.0540721
0.051	50.06550909
0.05105	0.22473854
0.0510875	7.35474513
0.05109127	0.38916925
0.0511	1.0
0.05119065	0.03401752
0.0516494	0.0540721
0.05170004	0.03368235
0.05170661	0.01249518
0.0518	38.0
0.0519	0.15604224
0.05199928	0.03904108
0.05199999	1.0
0.052	2.53793972
0.05202208	0.2052144
0.05202244	0.22316688
0.0521	0.20170823
0.05221451	0.03335048
0.05248279	0.36053205
0.0525	1.25410209
0.05251477	1.001
0.05251478	10.0
0.05253597	5.0
0.0525538	0.23092377
0.05256807	0.06744248
0.05258279	1.03746346
0.0526	0.21696698
0.05260003	0.77238789
0.0526103	0.0540721
0.0527	10.0
0.05273409	0.03302188
0.05279972	2.00564426
0.0528	1.0
0.05282307	0.79177911
0.05284917	1.98213681
0.05296504	0.96469945
0.05298542	3.30080867
0.05299581	0.0097741
0.05299681	0.59752663
0.053	247.53610177
0.05303726	0.08312922
0.05310594	0.0182183
0.05325884	0.03269652
0.053295	0.90236706
0.05353597	62.52162112
0.0535361	1.0
0.0535535	0.04212858
0.05364255	0.01934026
0.05364714	0.009399
0.0536624	0.125
0.05373043	0.1788302
0.053755	0.15479025
0.05375871	0.01999676
0.05378882	0.03237436
0.0538	4.96333829
0.0538012	0.33519661
0.05380922	2.02228171
0.05385	0.37937559
0.05385001	0.25036053
0.05387902	0.0179569
0.0539	19.43572884
0.05391852	1.26945693
0.05391854	0.01993748
0.05392178	0.3
0.05392879	0.94278955
0.05399	4.09482506
0.05399999	7.142571
0.04879091	16.5117
0.04879092	77.078
0.04879094	4.51987473
0.04879102	0.01605457
0.04879169	0.01602116
0.04879505	0.01609472
0.04879506	0.01603451
0.04879515	11.568
0.04879933	0.01753786
0.04881843	0.29452391
0.04892956	115.68
0.04893564	1.96901257
0.04895993	5.0
0.04912926	5.89635274
0.0491412	3.99479431
0.04914674	5.00854969
0.04922487	0.20843199
0.0492275	5.0
0.04946705	12.94543559
0.04946706	0.02036658
0.04969211	0.03307805
0.049717	2.559375
0.04971978	7.5
0.04981934	0.0116403
0.05	3.83668208
0.05004999	32.19321
0.05005	501.73207581
0.05007288	0.21320283
0.05018	49.74652286
0.05018687	0.0347211
0.05024578	0.3450084
0.05042737	3.75225816
0.05042738	1.2
0.0504482	0.0540721
0.0505	50.0
0.05068627	0.03435575
0.05089747	0.01181788
0.0509287	0.0540721
0.051	50.06550909
0.05105	0.22473854
0.0510875	7.35474513
0.05109127	0.38916925
0.0511	1.0
0.05119065	0.03401752
0.0516494	0.0540721
0.05170004	0.03368235
0.05170661	0.01249518
0.0518	38.0
0.0519	0.15604224
0.05199928	0.03904108
0.05199999	1.0
0.052	2.53793972
0.05202208	0.2052144
0.05202244	0.22316688
0.0521	0.20170823
0.05221451	0.03335048
0.05248279	0.36053205
0.0525	1.25410209
0.05251477	1.001
0.05251478	10.0
0.05253597	5.0
0.0525538	0.23092377
0.05256807	0.06744248
0.05258279	1.03746346
0.0526	0.21696698
0.05260003	0.77238789
0.0526103	0.0540721
0.0527	10.0
0.05273409	0.03302188
0.05279972	2.00564426
0.0528	1.0
0.05282307	0.79177911
0.05284917	1.98213681
0.05296504	0.96469945
0.05298542	3.30080867
0.05299581	0.0097741
0.05299681	0.59752663
0.053	247.53610177
0.05303726	0.08312922
0.05310594	0.0182183
0.05325884	0.03269652
0.053295	0.90236706
0.05353597	62.52162112
0.0535361	1.0
0.0535535	0.04212858
0.05364255	0.01934026
0.05364714	0.009399
0.0536624	0.125
0.05373043	0.1788302
0.053755	0.15479025
0.05375871	0.01999676
0.05378882	0.03237436
0.0538	4.96333829
0.0538012	0.33519661
0.05380922	2.02228171
0.05385	0.37937559
0.05385001	0.25036053
0.05387902	0.0179569
0.0539	19.43572884
0.05391852	1.26945693
0.0487869	4.51987473
0.04878697	75.058
0.04878698	18.1623
0.0487871	0.0174923
0.04879043	0.01753605
0.04879933	0.01753786
0.04881843	0.29452391
0.04891051	6.11573685
0.04892956	115.68
0.04893564	1.96901257
0.04895993	5.0
0.04912926	5.89635274
0.04914674	5.00854969
0.04922487	0.20843199
0.0492275	5.0
0.04946705	12.94543559
0.04946706	0.02036658
0.04969211	0.03307805
0.049717	2.559375
0.04971978	7.5
0.04981934	0.0116403
0.05	3.83668208
0.05004999	32.19321
0.05005	501.73207581
0.05007288	0.21320283
0.05018	49.74652286
0.05018687	0.0347211
0.05024578	0.3450084
0.05042737	3.75225816
0.05042738	1.2
0.0504482	0.0540721
0.0505	50.0
0.05068627	0.03435575
0.05089747	0.01181788
0.0509287	0.0540721
0.051	50.06550909
0.05105	0.22473854
0.0510875	7.35474513
0.05109127	0.38916925
0.0511	1.0
0.05119065	0.03401752
0.0516494	0.0540721
0.05170004	0.03368235
0.05170661	0.01249518
0.0518	38.0
0.0519	0.15604224
0.05199928	0.03904108
0.05199999	1.0
0.052	2.53793972
0.05202208	0.2052144
0.05202244	0.22316688
0.0521	0.20170823
0.05221451	0.03335048
0.05248279	0.36053205
0.0525	1.25410209
0.05251477	1.001
0.05251478	10.0
0.05253597	5.0
0.0525538	0.23092377
0.05256807	0.06744248
0.05258279	1.03746346
0.0526	0.21696698
0.05260003	0.77238789
0.0526103	0.0540721
0.0527	10.0
0.05273409	0.03302188
0.05279972	2.00564426
0.0528	1.0
0.05282307	0.79177911
0.05284917	1.98213681
0.05296504	0.96469945
0.05298542	3.30080867
0.05299581	0.0097741
0.05299681	0.59752663
0.053	247.53610177
0.05303726	0.08312922
0.05310594	0.0182183
0.05325884	0.03269652
0.053295	0.90236706
0.05353597	62.52162112
0.0535361	1.0
0.0535535	0.04212858
0.05364255	0.01934026
0.05364714	0.009399
0.0536624	0.125
0.05373043	0.1788302
0.053755	0.15479025
0.05375871	0.01999676
0.05378882	0.03237436
0.0538	4.96333829
0.0538012	0.33519661
0.05380922	2.02228171
0.05385	0.37937559
0.05385001	0.25036053
0.05387902	0.0179569
0.0539	19.43572884
0.05391852	1.26945693
0.05391854	0.01993748
0.05392178	0.3
0.05392879	0.94278955
0.04878604	72.805
0.04878605	18.1318
0.04878607	4.51987473
0.04879933	0.01753786
0.04881843	0.29452391
0.04892956	115.68
0.04893564	1.96901257
0.04895993	5.0
0.04908248	5.80193734
0.04912926	5.89635274
0.04914674	5.00854969
0.04922487	0.20843199
0.0492275	5.0
0.04946705	12.94543559
0.04946706	0.02036658
0.04969211	0.03307805
0.049717	2.559375
0.04971978	7.5
0.04981934	0.0116403
0.05	3.83668208
0.05004999	32.19321
0.05005	501.73207581
0.05007288	0.21320283
0.05018	49.74652286
0.05018687	0.0347211
0.05024578	0.3450084
0.05042737	3.75225816
0.05042738	1.2
0.0504482	0.0540721
0.0505	50.0
0.05068627	0.03435575
0.05089747	0.01181788
0.0509287	0.0540721
0.051	50.06550909
0.05105	0.22473854
0.0510875	7.35474513
0.05109127	0.38916925
0.0511	1.0
0.05119065	0.03401752
0.0516494	0.0540721
0.05170004	0.03368235
0.05170661	0.01249518
0.0518	38.0
0.0519	0.15604224
0.05199928	0.03904108
0.05199999	1.0
0.052	2.53793972
0.05202208	0.2052144
0.05202244	0.22316688
0.0521	0.20170823
0.05221451	0.03335048
0.05248279	0.36053205
0.0525	1.25410209
0.05251477	1.001
0.05251478	10.0
0.05253597	5.0
0.0525538	0.23092377
0.05256807	0.06744248
0.05258279	1.03746346
0.0526	0.21696698
0.05260003	0.77238789
0.0526103	0.0540721
0.0527	10.0
0.05273409	0.03302188
0.05279972	2.00564426
0.0528	1.0
0.05282307	0.79177911
0.05284917	1.98213681
0.05296504	0.96469945
0.05298542	3.30080867
0.05299581	0.0097741
0.05299681	0.59752663
0.053	247.53610177
0.05303726	0.08312922
0.05310594	0.0182183
0.05325884	0.03269652
0.053295	0.90236706
0.05353597	62.52162112
0.0535361	1.0
0.0535535	0.04212858
0.05364255	0.01934026
0.05364714	0.009399
0.0536624	0.125
0.05373043	0.1788302
0.053755	0.15479025
0.05375871	0.01999676
0.05378882	0.03237436
0.0538	4.96333829
0.0538012	0.33519661
0.05380922	2.02228171
0.05385	0.37937559
0.05385001	0.25036053
0.05387902	0.0179569
0.0539	19.43572884
0.05391852	1.26945693
0.05391854	0.01993748
0.05392178	0.3
0.05392879	0.94278955
0.05399	4.09482506
0.05399999	7.142571
0.04878252	74.825
0.04878253	6.5607
0.04881843	0.29452391
0.04892956	115.68
0.04893564	1.96901257
0.04895993	5.0
0.04902443	6.06061354
0.04914674	5.00854969
0.04922487	0.20843199
0.0492275	5.0
0.0492339	5.83959324
0.04946705	12.94543559
0.04946706	0.02036658
0.04969211	0.03307805
0.049717	2.559375
0.04971978	7.5
0.04981934	0.0116403
0.05	3.83668208
0.05004999	32.19321
0.05005	501.73207581
0.05007288	0.21320283
0.05018	49.74652286
0.05018687	0.0347211
0.05024578	0.3450084
0.05042737	3.75225816
0.05042738	1.2
0.0504482	0.0540721
0.0505	50.0
0.05068627	0.03435575
0.05089747	0.01181788
0.0509287	0.0540721
0.051	50.06550909
0.05105	0.22473854
0.0510875	7.35474513
0.05109127	0.38916925
0.0511	1.0
0.05119065	0.03401752
0.0516494	0.0540721
0.05170004	0.03368235
0.05170661	0.01249518
0.0518	38.0
0.0519	0.15604224
0.05199928	0.03904108
0.05199999	1.0
0.052	2.53793972
0.05202208	0.2052144
0.05202244	0.22316688
0.0521	0.20170823
0.05221451	0.03335048
0.05248279	0.36053205
0.0525	1.25410209
0.05251477	1.001
0.05251478	10.0
0.05253597	5.0
0.0525538	0.23092377
0.05256807	0.06744248
0.05258279	1.03746346
0.0526	0.21696698
0.05260003	0.77238789
0.0526103	0.0540721
0.0527	10.0
0.05273409	0.03302188
0.05279972	2.00564426
0.0528	1.0
0.05282307	0.79177911
0.05284917	1.98213681
0.05296504	0.96469945
0.05298542	3.30080867
0.05299581	0.0097741
0.05299681	0.59752663
0.053	247.53610177
0.05303726	0.08312922
0.05310594	0.0182183
0.05325884	0.03269652
0.053295	0.90236706
0.05353597	62.52162112
0.0535361	1.0
0.0535535	0.04212858
0.05364255	0.01934026
0.05364714	0.009399
0.0536624	0.125
0.05373043	0.1788302
0.053755	0.15479025
0.05375871	0.01999676
0.05378882	0.03237436
0.0538	4.96333829
0.0538012	0.33519661
0.05380922	2.02228171
0.05385	0.37937559
0.05385001	0.25036053
0.05387902	0.0179569
0.0539	19.43572884
0.05391852	1.26945693
0.05391854	0.01993748
0.05392178	0.3
0.05392879	0.94278955
0.05399	4.09482506
0.05399999	7.142571
0.054	216.22229427
0.05404603	1.0
