0.00011548	400.43632334
0.00011568	73265.934
0.00011569	1468.7222584
0.0001157	14454.8004465
0.00011582	469.6753241
0.00011584	264.86988848
0.00011585	24.29986652
0.00011586	367.16467475
0.00011615	38073.5304876
0.00011633	93.2
0.0001164	60.0
0.0001166	4.51023231
0.00011696	73.20584076
0.000117	89410.7762805
0.00011722	100.0
0.00011729	173.73508665
0.0001173	778.72471693
0.00011747	34570.9054352
0.00011766	18.94657067
0.00011775	198.39137489
0.00011782	500.48088701
0.00011783	4.51023231
0.00011784	20.88820361
0.00011792	9497.38019638
0.00011793	3546.71456433
0.000118	1989.44177542
0.00011806	266.02755049
0.0001182	875.07676112
0.00011828	8.85940829
0.00011832	346.24987823
0.00011838	2000.0
0.00011888	300.0
0.00011891	50.0
0.00011893	2282.64449303
0.00011895	420.96294377
0.000119	14830.3398141
0.00011906	4.51023231
0.0001195	452.1685015
0.00011966	612.96577898
0.00011976	130.68276214
0.00011979	2849.72859728
0.0001198	13365.9898099
0.00011995	4.24902028
0.00011997	3566.287935
0.00011998	1728.63603912
0.00011999	8114.13180583
0.00012	554180.947445
0.0001203	4.51023231
0.00012047	270.0
0.00012074	81.93363376
0.00012075	620.3883092
0.00012091	206.7277334
0.000121	2938.5587546
0.00012101	420.09171342
0.00012109	200.0
0.00012115	515.37008876
0.0001215	108.35416667
0.00012153	4.51023231
0.00012157	240.0
0.0001217	3660.0
0.00012177	513.28867974
0.000122	325.41160856
0.00012211	29.9247
0.0001222	17.77649079
0.00012222	5611.0
0.00012223	106.1159057
0.0001223	500.0
0.00012234	50.0
0.00012263	100.0
0.00012268	38.34993102
0.00012276	4.51023231
0.00012277	132.81095431
0.000123	100.0
0.00012309	394.44200351
0.00012323	20.88820361
0.00012325	831.94328607
0.00012327	29.9247
0.00012345	1000.0
0.0001235	499.09761185
0.0001236	99.00961645
0.00012365	29.9247
0.00012375	4.24902028
0.0001238	210.0
0.00012399	4.51023231
0.000124	23253.4982252
0.00012407	30.0
0.00012413	29.9247
0.00012429	4700.0
0.00012437	29.9247
0.00012439	1830.65698355
0.00012459	17.94519125
0.00012474	500.0
0.00012486	25.67940435
0.00012497	3014.3682189
0.00012498	29.9247
0.00012499	5259.34076331
0.000125	102354.066936
0.00012501	25.05841193
0.00012506	61577.0
0.00012521	7320.0
0.00011556	5184.72889102
0.0001158	70350.406
0.00011582	469.6753241
0.00011584	264.86988848
0.00011585	24.29986652
0.00011586	367.16467475
0.00011615	38073.5304876
0.00011633	93.2
0.0001164	60.0
0.0001166	4.51023231
0.00011696	73.20584076
0.000117	89410.7762805
0.00011722	100.0
0.00011729	173.73508665
0.0001173	778.72471693
0.00011747	34570.9054352
0.00011766	18.94657067
0.00011775	198.39137489
0.00011782	500.48088701
0.00011783	4.51023231
0.00011784	20.88820361
0.00011792	9497.38019638
0.00011793	3546.71456433
0.000118	1989.44177542
0.00011806	266.02755049
0.0001182	875.07676112
0.00011828	8.85940829
0.00011832	346.24987823
0.00011838	2000.0
0.00011888	300.0
0.00011891	50.0
0.00011893	2282.64449303
0.00011895	420.96294377
0.000119	14830.3398141
0.00011906	4.51023231
0.0001195	452.1685015
0.00011966	612.96577898
0.00011976	130.68276214
0.00011979	2849.72859728
0.0001198	13365.9898099
0.00011995	4.24902028
0.00011997	3566.287935
0.00011998	1728.63603912
0.00011999	8114.13180583
0.00012	554180.947445
0.0001203	4.51023231
0.00012047	270.0
0.00012074	81.93363376
0.00012075	620.3883092
0.00012091	206.7277334
0.000121	2938.5587546
0.00012101	420.09171342
0.00012109	200.0
0.00012115	515.37008876
0.0001215	108.35416667
0.00012153	4.51023231
0.00012157	240.0
0.0001217	3660.0
0.00012177	513.28867974
0.000122	325.41160856
0.00012211	29.9247
0.0001222	17.77649079
0.00012222	5611.0
0.00012223	106.1159057
0.0001223	500.0
0.00012234	50.0
0.00012263	100.0
0.00012268	38.34993102
0.00012276	4.51023231
0.00012277	132.81095431
0.000123	100.0
0.00012309	394.44200351
0.00012323	20.88820361
0.00012325	831.94328607
0.00012327	29.9247
0.00012345	1000.0
0.0001235	499.09761185
0.0001236	99.00961645
0.00012365	29.9247
0.00012375	4.24902028
0.0001238	210.0
0.00012399	4.51023231
0.000124	23253.4982252
0.00012407	30.0
0.00012413	29.9247
0.00012429	4700.0
0.00012437	29.9247
0.00012439	1830.65698355
0.00012459	17.94519125
0.00012474	500.0
0.00012486	25.67940435
0.00012497	3014.3682189
0.00012498	29.9247
0.00012499	5259.34076331
0.000125	102354.066936
0.00012501	25.05841193
0.00012506	61577.0
0.00012521	7320.0
0.00012522	4.51023231
0.0001255	189.9325035
0.00011576	44.91202429
0.00011581	1467.20039784
0.00011582	469.6753241
0.00011584	264.86988848
0.00011585	24.29986652
0.00011586	367.16467475
0.00011614	28608.012
0.00011615	38073.5304876
0.00011633	93.2
0.0001164	60.0
0.0001166	4.51023231
0.00011696	73.20584076
0.000117	89410.7762805
0.00011722	100.0
0.00011729	173.73508665
0.0001173	778.72471693
0.00011766	18.94657067
0.00011775	198.39137489
0.00011782	500.48088701
0.00011783	4.51023231
0.00011784	20.88820361
0.00011792	9497.38019638
0.00011793	3546.71456433
0.00011799	7904.309
0.000118	1989.44177542
0.00011806	266.02755049
0.0001182	875.07676112
0.00011828	8.85940829
0.00011832	346.24987823
0.00011838	2000.0
0.00011873	34570.9054352
0.00011888	300.0
0.00011891	50.0
0.00011893	2282.64449303
0.00011895	420.96294377
0.000119	14830.3398141
0.00011906	4.51023231
0.0001195	452.1685015
0.00011966	612.96577898
0.00011976	130.68276214
0.00011979	2849.72859728
0.0001198	13365.9898099
0.00011995	4.24902028
0.00011997	3566.287935
0.00011998	1728.63603912
0.00011999	8114.13180583
0.00012	554180.947445
0.0001203	4.51023231
0.00012047	270.0
0.00012074	81.93363376
0.00012075	620.3883092
0.00012091	206.7277334
0.000121	2938.5587546
0.00012101	420.09171342
0.00012109	200.0
0.00012115	515.37008876
0.0001215	108.35416667
0.00012153	4.51023231
0.00012157	240.0
0.0001217	3660.0
0.00012177	513.28867974
0.000122	325.41160856
0.00012211	29.9247
0.0001222	17.77649079
0.00012222	5611.0
0.00012223	106.1159057
0.0001223	500.0
0.00012234	50.0
0.00012263	100.0
0.00012268	38.34993102
0.00012276	4.51023231
0.00012277	132.81095431
0.000123	100.0
0.00012309	394.44200351
0.00012323	20.88820361
0.00012325	831.94328607
0.00012327	29.9247
0.00012345	1000.0
0.0001235	499.09761185
0.0001236	99.00961645
0.00012365	29.9247
0.00012375	4.24902028
0.0001238	210.0
0.00012399	4.51023231
0.000124	23253.4982252
0.00012407	30.0
0.00012413	29.9247
0.00012429	4700.0
0.00012437	29.9247
0.00012439	1830.65698355
0.00012459	17.94519125
0.00012474	500.0
0.00012486	25.67940435
0.00012497	3014.3682189
0.00012498	29.9247
0.00012499	5259.34076331
0.000125	102354.066936
0.00012501	25.05841193
0.00012506	61577.0
0.00012521	7320.0
0.00011614	950.0
0.00011615	30032.8071486
0.0001164	60.0
0.0001166	4.51023231
0.00011682	77154.784
0.00011683	1584.39080779
0.00011696	73.20584076
0.000117	89410.7762805
0.00011722	100.0
0.00011729	173.73508665
0.0001173	778.72471693
0.00011766	18.94657067
0.00011775	198.39137489
0.00011782	500.48088701
0.00011783	4.51023231
0.00011784	20.88820361
0.00011792	9497.38019638
0.00011793	3546.71456433
0.000118	1989.44177542
0.00011806	266.02755049
0.0001182	875.07676112
0.00011828	8.85940829
0.00011832	346.24987823
0.00011838	2000.0
0.00011873	34570.9054352
0.00011888	300.0
0.00011891	50.0
0.00011893	2282.64449303
0.00011895	420.96294377
0.000119	14830.3398141
0.00011906	4.51023231
0.0001195	452.1685015
0.00011966	612.96577898
0.00011976	130.68276214
0.00011979	2849.72859728
0.0001198	13365.9898099
0.00011995	4.24902028
0.00011997	3566.287935
0.00011998	1728.63603912
0.00011999	8114.13180583
0.00012	553943.447445
0.0001203	4.51023231
0.00012047	240.0
0.00012074	81.93363376
0.00012075	620.3883092
0.00012091	206.7277334
0.000121	2938.5587546
0.00012101	420.09171342
0.00012109	200.0
0.00012115	515.37008876
0.0001215	108.35416667
0.00012153	4.51023231
0.00012157	240.0
0.0001217	3660.0
0.00012177	513.28867974
0.000122	325.41160856
0.00012211	29.9247
0.0001222	17.77649079
0.00012222	5611.0
0.00012223	106.1159057
0.0001223	500.0
0.00012234	50.0
0.00012263	100.0
0.00012268	38.34993102
0.00012276	4.51023231
0.00012277	132.81095431
0.000123	100.0
0.00012309	394.44200351
0.00012323	20.88820361
0.00012325	831.94328607
0.00012327	29.9247
0.00012345	1000.0
0.0001235	499.09761185
0.0001236	99.00961645
0.00012365	29.9247
0.00012375	4.24902028
0.0001238	210.0
0.00012399	4.51023231
0.000124	23253.4982252
0.00012407	30.0
0.00012413	29.9247
0.00012429	4700.0
0.00012437	29.9247
0.00012439	1830.65698355
0.00012459	17.94519125
0.00012474	500.0
0.00012486	25.67940435
0.00012497	3014.3682189
0.00012498	29.9247
0.00012499	5259.34076331
0.000125	102354.066936
0.00012501	25.05841193
0.00012506	61577.0
0.00012521	7320.0
0.00012522	4.51023231
0.0001255	189.9325035
0.00012551	29.9247
0.00012556	7010.01167864
0.00012557	16.86390533
0.00012567	3937.5
0.00011615	30032.8071486
0.0001164	60.0
0.0001166	4.51023231
0.00011682	77154.784
0.00011683	130.0
0.00011695	1452.89848717
0.00011696	73.20584076
0.000117	89410.7762805
0.00011722	100.0
0.00011729	173.73508665
0.0001173	778.72471693
0.00011766	18.94657067
0.00011775	198.39137489
0.00011782	500.48088701
0.00011783	4.51023231
0.00011784	20.88820361
0.00011792	9497.38019638
0.00011793	3546.71456433
0.000118	1989.44177542
0.00011806	266.02755049
0.0001182	875.07676112
0.00011828	8.85940829
0.00011832	346.24987823
0.00011838	2000.0
0.00011873	34570.9054352
0.00011888	300.0
0.00011891	50.0
0.00011893	2282.64449303
0.00011895	420.96294377
0.000119	14830.3398141
0.00011906	4.51023231
0.0001195	452.1685015
0.00011966	612.96577898
0.00011976	130.68276214
0.00011979	2849.72859728
0.0001198	13365.9898099
0.00011995	4.24902028
0.00011997	3566.287935
0.00011998	1728.63603912
0.00011999	8114.13180583
0.00012	553943.447445
0.0001203	4.51023231
0.00012047	240.0
0.00012074	81.93363376
0.00012075	620.3883092
0.00012091	206.7277334
0.000121	2938.5587546
0.00012101	420.09171342
0.00012109	200.0
0.00012115	515.37008876
0.0001215	108.35416667
0.00012153	4.51023231
0.00012157	240.0
0.0001217	3660.0
0.00012177	513.28867974
0.000122	325.41160856
0.00012211	29.9247
0.0001222	17.77649079
0.00012222	5611.0
0.00012223	106.1159057
0.0001223	500.0
0.00012234	50.0
0.00012263	100.0
0.00012268	38.34993102
0.00012276	4.51023231
0.00012277	132.81095431
0.000123	100.0
0.00012309	394.44200351
0.00012323	20.88820361
0.00012325	831.94328607
0.00012327	29.9247
0.00012345	1000.0
0.0001235	499.09761185
0.0001236	99.00961645
0.00012365	29.9247
0.00012375	4.24902028
0.0001238	210.0
0.00012399	4.51023231
0.000124	23253.4982252
0.00012407	30.0
0.00012413	29.9247
0.00012429	4700.0
0.00012437	29.9247
0.00012439	1830.65698355
0.00012459	17.94519125
0.00012474	500.0
0.00012486	25.67940435
0.00012497	3014.3682189
0.00012498	29.9247
0.00012499	5259.34076331
0.000125	102591.566936
0.00012501	25.05841193
0.00012506	61577.0
0.00012521	7320.0
0.00012522	4.51023231
0.0001255	189.9325035
0.00012551	29.9247
0.00012556	7010.01167864
0.00012557	16.86390533
0.00012567	3937.5
0.00011614	7.18431314
0.00011615	30032.8071486
0.0001164	60.0
0.0001166	4.51023231
0.00011681	64613.727
0.00011695	1452.89848717
0.00011696	73.20584076
0.000117	89410.7762805
0.00011722	100.0
0.00011729	173.73508665
0.0001173	778.72471693
0.00011766	18.94657067
0.00011775	198.39137489
0.00011782	500.48088701
0.00011783	4.51023231
0.00011784	20.88820361
0.00011792	9497.38019638
0.00011793	3546.71456433
0.00011799	13177.007
0.000118	1989.44177542
0.00011806	266.02755049
0.0001182	875.07676112
0.00011828	8.85940829
0.00011832	346.24987823
0.00011838	2000.0
0.00011873	34570.9054352
0.00011888	300.0
0.00011891	50.0
0.00011893	2282.64449303
0.00011895	420.96294377
0.000119	14830.3398141
0.00011906	4.51023231
0.0001195	452.1685015
0.00011966	612.96577898
0.00011976	130.68276214
0.00011979	2849.72859728
0.0001198	13365.9898099
0.00011995	4.24902028
0.00011997	3566.287935
0.00011998	1728.63603912
0.00011999	8114.13180583
0.00012	553943.447445
0.0001203	4.51023231
0.00012047	240.0
0.00012074	81.93363376
0.00012075	620.3883092
0.00012091	206.7277334
0.000121	2938.5587546
0.00012101	420.09171342
0.00012109	200.0
0.00012115	515.37008876
0.0001215	108.35416667
0.00012153	4.51023231
0.00012157	240.0
0.0001217	3660.0
0.00012177	513.28867974
0.000122	325.41160856
0.00012211	29.9247
0.0001222	17.77649079
0.00012222	5611.0
0.00012223	106.1159057
0.0001223	500.0
0.00012234	50.0
0.00012263	100.0
0.00012268	38.34993102
0.00012276	4.51023231
0.00012277	132.81095431
0.000123	100.0
0.00012309	394.44200351
0.00012323	20.88820361
0.00012325	831.94328607
0.00012327	29.9247
0.00012345	1000.0
0.0001235	499.09761185
0.0001236	99.00961645
0.00012365	29.9247
0.00012375	4.24902028
0.0001238	210.0
0.00012399	4.51023231
0.000124	23253.4982252
0.00012407	30.0
0.00012413	29.9247
0.00012429	4700.0
0.00012437	29.9247
0.00012439	1830.65698355
0.00012459	17.94519125
0.00012474	500.0
0.00012486	25.67940435
0.00012497	3014.3682189
0.00012498	29.9247
0.00012499	5259.34076331
0.000125	102591.566936
0.00012501	25.05841193
0.00012506	61577.0
0.00012521	7320.0
0.00012522	4.51023231
0.0001255	189.9325035
0.00012551	29.9247
0.00012556	7010.01167864
0.00012557	16.86390533
0.00011615	29832.8071486
0.0001164	60.0
0.0001166	4.51023231
0.0001168	51740.687
0.00011681	120.0
0.00011696	73.20584076
0.000117	89410.7762805
0.00011721	1449.67560851
0.00011722	100.0
0.00011729	173.73508665
0.0001173	778.72471693
0.00011766	18.94657067
0.00011775	198.39137489
0.00011778	500.48088701
0.00011783	4.51023231
0.00011792	9497.38019638
0.00011793	3546.71456433
0.00011799	6523.119
0.000118	1989.44177542
0.00011806	266.02755049
0.00011819	15388.099
0.0001182	875.07676112
0.00011828	8.85940829
0.00011832	346.24987823
0.00011838	2000.0
0.00011873	34570.9054352
0.00011888	300.0
0.00011891	50.0
0.00011893	2282.64449303
0.00011895	420.96294377
0.000119	9380.33981411
0.00011906	4.51023231
0.0001195	452.1685015
0.00011966	612.96577898
0.00011976	130.68276214
0.00011979	2849.72859728
0.0001198	13365.9898099
0.00011995	4.24902028
0.00011997	3566.287935
0.00011998	1728.63603912
0.00011999	8114.13180583
0.00012	553943.447445
0.0001203	4.51023231
0.00012047	240.0
0.00012074	81.93363376
0.00012075	620.3883092
0.00012091	206.7277334
0.000121	2938.5587546
0.00012101	420.09171342
0.00012109	200.0
0.00012115	515.37008876
0.0001215	108.35416667
0.00012153	4.51023231
0.00012157	240.0
0.0001217	3660.0
0.00012177	513.28867974
0.000122	325.41160856
0.00012211	29.9247
0.0001222	17.77649079
0.00012222	5611.0
0.00012223	106.1159057
0.0001223	500.0
0.00012234	50.0
0.00012263	100.0
0.00012268	38.34993102
0.00012276	4.51023231
0.00012277	132.81095431
0.000123	100.0
0.00012309	394.44200351
0.00012325	831.94328607
0.00012327	29.9247
0.00012345	1000.0
0.0001235	499.09761185
0.0001236	99.00961645
0.00012365	29.9247
0.00012375	4.24902028
0.0001238	210.0
0.00012399	4.51023231
0.000124	23253.4982252
0.00012407	30.0
0.00012413	29.9247
0.00012429	4700.0
0.00012437	29.9247
0.00012439	1830.65698355
0.00012459	17.94519125
0.00012474	500.0
0.00012486	25.67940435
0.00012497	3014.3682189
0.00012498	29.9247
0.00012499	5259.34076331
0.000125	102591.566936
0.00012501	25.05841193
0.00012506	61577.0
0.00012521	7320.0
0.00012522	4.51023231
0.0001255	189.9325035
0.00012551	29.9247
0.00012556	7010.01167864
0.00012557	16.86390533
0.00012567	3937.5
0.00011615	29832.8071486
0.0001164	60.0
0.0001166	4.51023231
0.00011679	120.0
0.00011692	54070.827
0.00011696	73.20584076
0.000117	89410.7762805
0.00011721	1449.67560851
0.00011722	100.0
0.00011729	173.73508665
0.0001173	778.72471693
0.00011766	18.94657067
0.00011775	198.39137489
0.00011783	4.51023231
0.0001179	500.48088701
0.00011792	9497.38019638
0.00011793	3546.71456433
0.00011799	7070.941
0.000118	1989.44177542
0.00011806	266.02755049
0.0001182	875.07676112
0.00011828	8.85940829
0.00011832	346.24987823
0.00011838	2000.0
0.00011873	34570.9054352
0.00011888	300.0
0.00011891	50.0
0.00011893	2282.64449303
0.00011895	420.96294377
0.000119	9380.33981411
0.00011906	4.51023231
0.0001195	452.1685015
0.00011966	612.96577898
0.00011976	130.68276214
0.00011979	2849.72859728
0.0001198	13365.9898099
0.00011995	4.24902028
0.00011997	3566.287935
0.00011998	1728.63603912
0.00011999	8114.13180583
0.00012	553943.447445
0.0001203	4.51023231
0.00012047	240.0
0.00012074	81.93363376
0.00012075	620.3883092
0.00012091	206.7277334
0.000121	2938.5587546
0.00012101	420.09171342
0.00012109	200.0
0.00012115	515.37008876
0.0001215	108.35416667
0.00012153	4.51023231
0.00012157	240.0
0.0001217	3660.0
0.00012177	513.28867974
0.000122	325.41160856
0.00012211	29.9247
0.0001222	17.77649079
0.00012222	5611.0
0.00012223	106.1159057
0.0001223	500.0
0.00012234	50.0
0.00012263	100.0
0.00012268	38.34993102
0.00012276	4.51023231
0.00012277	132.81095431
0.000123	100.0
0.00012309	394.44200351
0.00012325	831.94328607
0.00012327	29.9247
0.00012332	20.88820361
0.00012345	1000.0
0.0001235	499.09761185
0.0001236	99.00961645
0.00012365	29.9247
0.00012375	4.24902028
0.0001238	210.0
0.00012399	4.51023231
0.000124	23253.4982252
0.00012407	30.0
0.00012413	29.9247
0.00012429	4700.0
0.00012437	29.9247
0.00012439	1830.65698355
0.00012459	17.94519125
0.00012474	500.0
0.00012486	25.67940435
0.00012497	3014.3682189
0.00012498	29.9247
0.00012499	5259.34076331
0.000125	102591.566936
0.00012501	25.05841193
0.00012506	61577.0
0.00012521	7320.0
0.00012522	4.51023231
0.0001255	189.9325035
0.00012551	29.9247
0.00012556	7010.01167864
0.00012557	16.86390533
0.00012567	3937.5
0.00011615	28547.5768713
0.0001164	60.0
0.0001166	4.51023231
0.00011679	120.0
0.00011691	45251.15
0.00011696	73.20584076
0.000117	89410.7762805
0.00011721	1449.67560851
0.00011722	100.0
0.00011729	173.73508665
0.0001173	778.72471693
0.00011766	18.94657067
0.00011775	198.39137489
0.00011783	4.51023231
0.0001179	500.48088701
0.00011792	9497.38019638
0.00011793	3546.71456433
0.00011798	14915.758
0.00011799	8304.156
0.000118	1989.44177542
0.00011806	266.02755049
0.00011819	8459.096
0.0001182	875.07676112
0.00011828	8.85940829
0.00011832	346.24987823
0.00011838	2000.0
0.00011873	34570.9054352
0.00011888	300.0
0.00011891	50.0
0.00011893	2282.64449303
0.00011895	420.96294377
0.000119	9380.33981411
0.00011906	4.51023231
0.0001195	452.1685015
0.00011966	612.96577898
0.00011976	130.68276214
0.00011979	2849.72859728
0.0001198	13365.9898099
0.00011995	4.24902028
0.00011997	3566.287935
0.00011998	1728.63603912
0.00011999	8114.13180583
0.00012	553943.447445
0.0001203	4.51023231
0.00012047	240.0
0.00012074	81.93363376
0.00012075	620.3883092
0.00012091	206.7277334
0.000121	2938.5587546
0.00012101	420.09171342
0.00012109	200.0
0.00012115	515.37008876
0.0001215	108.35416667
0.00012153	4.51023231
0.00012157	240.0
0.0001217	3660.0
0.00012177	513.28867974
0.000122	325.41160856
0.00012211	29.9247
0.0001222	17.77649079
0.00012222	5611.0
0.00012223	106.1159057
0.0001223	500.0
0.00012234	50.0
0.00012263	100.0
0.00012268	38.34993102
0.00012276	4.51023231
0.00012277	132.81095431
0.000123	100.0
0.00012309	394.44200351
0.00012325	831.94328607
0.00012327	29.9247
0.00012332	20.88820361
0.00012345	1000.0
0.0001235	499.09761185
0.0001236	99.00961645
0.00012365	29.9247
0.00012375	4.24902028
0.0001238	210.0
0.00012399	4.51023231
0.000124	23253.4982252
0.00012407	30.0
0.00012413	29.9247
0.00012429	4700.0
0.00012437	29.9247
0.00012439	1830.65698355
0.00012459	17.94519125
0.00012474	500.0
0.00012486	25.67940435
0.00012497	3014.3682189
0.00012498	29.9247
0.00012499	5259.34076331
0.000125	102591.566936
0.00012501	25.05841193
0.00012506	61577.0
0.00012521	7320.0
0.00012522	4.51023231
0.0001255	189.9325035
0.00012551	29.9247
0.00012556	7010.01167864
0.00011615	3547.57687131
0.0001164	60.0
0.0001166	4.51023231
0.00011679	120.0
0.00011691	45251.15
0.00011696	73.20584076
0.000117	89410.7762805
0.00011721	1449.67560851
0.00011722	100.0
0.00011729	173.73508665
0.0001173	778.72471693
0.00011766	18.94657067
0.00011775	198.39137489
0.00011783	4.51023231
0.0001179	500.48088701
0.00011792	9497.38019638
0.00011793	3546.71456433
0.000118	1989.44177542
0.00011806	266.02755049
0.00011815	7172.898
0.00011819	6250.364
0.0001182	875.07676112
0.00011828	8.85940829
0.00011832	346.24987823
0.00011838	2000.0
0.00011873	34570.9054352
0.00011888	300.0
0.00011891	50.0
0.00011893	2282.64449303
0.00011895	420.96294377
0.000119	9380.33981411
0.00011906	4.51023231
0.0001195	452.1685015
0.00011966	612.96577898
0.00011976	130.68276214
0.00011979	2849.72859728
0.0001198	13365.9898099
0.00011995	4.24902028
0.00011997	3566.287935
0.00011998	1728.63603912
0.00011999	8114.13180583
0.00012	553943.447445
0.0001203	4.51023231
0.00012047	240.0
0.00012074	81.93363376
0.00012075	620.3883092
0.00012091	206.7277334
0.000121	2938.5587546
0.00012101	420.09171342
0.00012109	200.0
0.00012115	515.37008876
0.0001215	108.35416667
0.00012153	4.51023231
0.00012157	240.0
0.0001217	3660.0
0.00012177	513.28867974
0.000122	325.41160856
0.00012211	29.9247
0.0001222	17.77649079
0.00012222	5611.0
0.00012223	106.1159057
0.0001223	500.0
0.00012234	50.0
0.00012263	100.0
0.00012268	38.34993102
0.00012276	4.51023231
0.00012277	132.81095431
0.000123	100.0
0.00012309	394.44200351
0.00012325	831.94328607
0.00012327	29.9247
0.00012332	20.88820361
0.00012345	1000.0
0.0001235	499.09761185
0.0001236	99.00961645
0.00012365	29.9247
0.00012375	4.24902028
0.0001238	210.0
0.00012399	4.51023231
0.000124	23253.4982252
0.00012407	30.0
0.00012413	29.9247
0.00012429	4700.0
0.00012437	29.9247
0.00012439	1830.65698355
0.00012459	17.94519125
0.00012474	500.0
0.00012486	25.67940435
0.00012497	3014.3682189
0.00012498	29.9247
0.00012499	5259.34076331
0.000125	102591.566936
0.00012501	25.05841193
0.00012506	61577.0
0.00012521	7320.0
0.00012522	4.51023231
0.0001255	189.9325035
0.00012551	29.9247
0.00012556	7010.01167864
0.00012557	16.86390533
0.0001164	60.0
0.0001166	4.51023231
0.00011679	120.0
0.00011691	45251.15
0.00011696	73.20584076
0.000117	89410.7762805
0.00011721	1449.67560851
0.00011722	100.0
0.00011729	173.73508665
0.0001173	778.72471693
0.00011762	50.0
0.00011766	18.94657067
0.00011775	198.39137489
0.00011783	4.51023231
0.00011792	9497.38019638
0.00011793	3546.71456433
0.000118	1989.44177542
0.00011806	266.02755049
0.00011815	7172.898
0.00011818	12275.103
0.0001182	875.07676112
0.00011828	8.85940829
0.00011832	346.24987823
0.00011838	2000.0
0.00011873	34570.9054352
0.00011888	300.0
0.00011893	2282.64449303
0.00011895	420.96294377
0.000119	9380.33981411
0.00011906	4.51023231
0.0001195	452.1685015
0.00011966	612.96577898
0.00011976	130.68276214
0.00011979	2849.72859728
0.0001198	13365.9898099
0.00011995	4.24902028
0.00011997	3566.287935
0.00011998	1728.63603912
0.00011999	8114.13180583
0.00012	553943.447445
0.0001203	4.51023231
0.00012047	240.0
0.00012074	81.93363376
0.00012075	620.3883092
0.00012091	206.7277334
0.000121	2938.5587546
0.00012101	420.09171342
0.00012109	200.0
0.00012115	515.37008876
0.0001215	108.35416667
0.00012153	4.51023231
0.00012157	240.0
0.0001217	3660.0
0.00012177	513.28867974
0.000122	325.41160856
0.00012211	29.9247
0.0001222	17.77649079
0.00012222	5611.0
0.00012223	106.1159057
0.0001223	500.0
0.00012234	50.0
0.00012263	100.0
0.00012268	38.34993102
0.00012276	4.51023231
0.00012277	132.81095431
0.000123	100.0
0.00012309	394.44200351
0.00012325	831.94328607
0.00012327	29.9247
0.00012332	20.88820361
0.00012345	1000.0
0.0001235	499.09761185
0.0001236	99.00961645
0.00012365	29.9247
0.00012375	4.24902028
0.0001238	210.0
0.00012399	4.51023231
0.000124	23253.4982252
0.00012407	30.0
0.00012413	29.9247
0.00012429	4700.0
0.00012437	29.9247
0.00012439	1830.65698355
0.00012459	17.94519125
0.00012474	500.0
0.00012486	25.67940435
0.00012497	3014.3682189
0.00012498	29.9247
0.00012499	5259.34076331
0.000125	102823.098167
0.00012501	25.05841193
0.00012506	61577.0
0.00012521	7320.0
0.00012522	4.51023231
0.0001255	189.9325035
0.00012551	29.9247
0.00012556	7010.01167864
0.00012557	16.86390533
0.00012567	3937.5
0.00012571	40007.2541754
0.00011638	1198.25728659
0.00011639	3983.0221311
0.0001164	60.0
0.0001166	4.51023231
0.00011679	120.0
0.00011696	73.20584076
0.00011699	41304.027
0.000117	89410.7762805
0.00011721	1449.67560851
0.00011722	100.0
0.00011729	173.73508665
0.0001173	778.72471693
0.00011762	50.0
0.00011766	18.94657067
0.00011773	500.48088701
0.00011775	198.39137489
0.00011783	4.51023231
0.00011792	9497.38019638
0.00011793	3546.71456433
0.00011799	25581.648
0.000118	1989.44177542
0.00011806	266.02755049
0.0001182	875.07676112
0.00011828	8.85940829
0.00011832	346.24987823
0.00011838	2000.0
0.00011873	34570.9054352
0.00011888	300.0
0.00011893	2282.64449303
0.00011895	420.96294377
0.000119	9380.33981411
0.00011906	4.51023231
0.0001195	452.1685015
0.00011966	612.96577898
0.00011976	130.68276214
0.00011979	2849.72859728
0.0001198	13365.9898099
0.00011995	4.24902028
0.00011997	3566.287935
0.00011998	1728.63603912
0.00011999	8114.13180583
0.00012	553943.447445
0.0001203	4.51023231
0.00012047	240.0
0.00012074	81.93363376
0.00012075	620.3883092
0.00012091	206.7277334
0.000121	2938.5587546
0.00012101	420.09171342
0.00012109	200.0
0.00012115	515.37008876
0.0001215	108.35416667
0.00012153	4.51023231
0.00012157	240.0
0.0001217	3660.0
0.00012177	513.28867974
0.000122	325.41160856
0.00012211	29.9247
0.0001222	17.77649079
0.00012222	5611.0
0.00012223	106.1159057
0.0001223	500.0
0.00012234	50.0
0.00012263	100.0
0.00012268	38.34993102
0.00012276	4.51023231
0.00012277	132.81095431
0.000123	100.0
0.00012309	394.44200351
0.00012325	831.94328607
0.00012327	29.9247
0.00012332	20.88820361
0.00012345	1000.0
0.0001235	499.09761185
0.0001236	99.00961645
0.00012365	29.9247
0.00012375	4.24902028
0.0001238	210.0
0.00012399	4.51023231
0.000124	23253.4982252
0.00012407	30.0
0.00012413	29.9247
0.00012429	4700.0
0.00012437	29.9247
0.00012439	1830.65698355
0.00012459	17.94519125
0.00012474	500.0
0.00012486	25.67940435
0.00012497	3014.3682189
0.00012498	29.9247
0.00012499	5259.34076331
0.000125	102823.098167
0.00012501	25.05841193
0.00012506	61577.0
0.00012521	7320.0
0.00012522	4.51023231
0.0001255	189.9325035
0.00012551	29.9247
0.00012556	7010.01167864
0.00012557	16.86390533
0.00011576	948.82765141
0.00011613	28342.174
0.00011614	5769.45932677
0.00011639	3983.0221311
0.0001164	60.0
0.00011659	1457.38466484
0.0001166	4.51023231
0.00011679	120.0
0.00011696	73.20584076
0.000117	89410.7762805
0.00011722	100.0
0.00011729	173.73508665
0.0001173	778.72471693
0.00011762	50.0
0.00011766	18.94657067
0.00011773	500.48088701
0.00011775	198.39137489
0.00011783	4.51023231
0.00011792	15889.3601964
0.00011793	3546.71456433
0.000118	1989.44177542
0.00011806	266.02755049
0.0001182	875.07676112
0.00011828	8.85940829
0.00011832	346.24987823
0.00011838	2000.0
0.00011873	34570.9054352
0.00011888	300.0
0.00011893	2282.64449303
0.00011895	420.96294377
0.000119	9380.33981411
0.00011906	4.51023231
0.0001195	452.1685015
0.00011966	612.96577898
0.00011976	130.68276214
0.00011979	2849.72859728
0.0001198	13365.9898099
0.00011995	4.24902028
0.00011997	3566.287935
0.00011998	1728.63603912
0.00011999	8114.13180583
0.00012	554278.58108
0.0001203	4.51023231
0.00012047	240.0
0.00012074	81.93363376
0.00012075	620.3883092
0.00012091	206.7277334
0.000121	2938.5587546
0.00012101	420.09171342
0.00012109	200.0
0.00012115	515.37008876
0.0001215	108.35416667
0.00012153	4.51023231
0.00012157	240.0
0.0001217	3660.0
0.00012177	513.28867974
0.000122	325.41160856
0.00012211	29.9247
0.0001222	17.77649079
0.00012222	5611.0
0.00012223	106.1159057
0.0001223	500.0
0.00012234	50.0
0.00012263	100.0
0.00012268	38.34993102
0.00012276	4.51023231
0.00012277	132.81095431
0.000123	100.0
0.00012309	394.44200351
0.00012325	831.94328607
0.00012327	29.9247
0.00012332	20.88820361
0.00012345	1000.0
0.0001235	499.09761185
0.0001236	99.00961645
0.00012365	29.9247
0.00012375	4.24902028
0.0001238	210.0
0.00012399	4.51023231
0.000124	23253.4982252
0.00012407	30.0
0.00012413	29.9247
0.00012429	4700.0
0.00012437	29.9247
0.00012439	1830.65698355
0.00012459	17.94519125
0.00012474	500.0
0.00012486	25.67940435
0.00012497	3014.3682189
0.00012498	29.9247
0.00012499	5259.34076331
0.000125	102823.098167
0.00012501	25.05841193
0.00012506	61577.0
0.00012521	7320.0
0.00012522	4.51023231
0.0001255	189.9325035
0.00012551	29.9247
0.00012556	7010.01167864
0.00012557	16.86390533
0.00011606	74510.366
0.00011607	2608.69565217
0.00011612	5769.45932677
0.00011639	5442.91110845
0.0001164	60.0
0.0001166	4.51023231
0.00011679	120.0
0.00011696	73.20584076
0.000117	89410.7762805
0.00011722	100.0
0.00011729	173.73508665
0.0001173	778.72471693
0.00011762	50.0
0.00011766	18.94657067
0.00011773	500.48088701
0.00011775	198.39137489
0.00011783	4.51023231
0.00011792	9497.38019638
0.00011793	3546.71456433
0.000118	1989.44177542
0.00011806	266.02755049
0.0001182	875.07676112
0.00011828	8.85940829
0.00011832	346.24987823
0.00011838	2000.0
0.00011873	34570.9054352
0.00011888	300.0
0.00011893	2282.64449303
0.00011895	420.96294377
0.000119	9380.33981411
0.00011906	4.51023231
0.0001195	452.1685015
0.00011966	612.96577898
0.00011976	130.68276214
0.00011979	2849.72859728
0.0001198	13365.9898099
0.00011995	4.24902028
0.00011997	3566.287935
0.00011998	1728.63603912
0.00011999	8114.13180583
0.00012	554278.58108
0.0001203	4.51023231
0.00012047	240.0
0.00012074	81.93363376
0.00012075	620.3883092
0.00012091	206.7277334
0.000121	2938.5587546
0.00012101	420.09171342
0.00012109	200.0
0.00012115	515.37008876
0.0001215	108.35416667
0.00012153	4.51023231
0.00012157	240.0
0.0001217	3660.0
0.00012177	513.28867974
0.000122	325.41160856
0.00012211	29.9247
0.0001222	17.77649079
0.00012222	5611.0
0.00012223	106.1159057
0.0001223	500.0
0.00012234	50.0
0.00012263	100.0
0.00012268	38.34993102
0.00012276	4.51023231
0.00012277	132.81095431
0.000123	100.0
0.00012309	394.44200351
0.00012325	831.94328607
0.00012327	29.9247
0.00012332	20.88820361
0.00012345	1000.0
0.0001235	499.09761185
0.0001236	99.00961645
0.00012365	29.9247
0.00012375	4.24902028
0.0001238	210.0
0.00012399	4.51023231
0.000124	23253.4982252
0.00012407	30.0
0.00012413	29.9247
0.00012429	4700.0
0.00012437	29.9247
0.00012439	1830.65698355
0.00012459	17.94519125
0.00012474	500.0
0.00012486	25.67940435
0.00012497	3014.3682189
0.00012498	29.9247
0.00012499	5259.34076331
0.000125	102823.098167
0.00012501	25.05841193
0.00012506	61577.0
0.00012521	7320.0
0.00012522	4.51023231
0.0001255	189.9325035
0.00012551	29.9247
0.00012556	7010.01167864
0.00012557	16.86390533
0.00012567	3937.5
0.00011598	5373.04280354
0.00011612	5769.45932677
0.00011635	1460.390873
0.00011636	62596.581
0.00011639	3983.0221311
0.0001164	60.0
0.0001166	4.51023231
0.00011696	73.20584076
0.00011699	140.0
0.000117	89410.7762805
0.00011722	100.0
0.00011729	173.73508665
0.0001173	778.72471693
0.00011762	50.0
0.00011766	18.94657067
0.00011773	500.48088701
0.00011775	198.39137489
0.00011783	4.51023231
0.00011792	9497.38019638
0.00011793	3546.71456433
0.00011799	7733.987
0.000118	1989.44177542
0.00011806	266.02755049
0.0001182	875.07676112
0.00011828	8.85940829
0.00011832	346.24987823
0.00011873	34570.9054352
0.00011888	300.0
0.00011893	2282.64449303
0.00011895	420.96294377
0.000119	9380.33981411
0.00011906	4.51023231
0.0001195	452.1685015
0.00011966	612.96577898
0.00011976	130.68276214
0.00011979	2849.72859728
0.0001198	13365.9898099
0.00011995	4.24902028
0.00011997	3566.287935
0.00011998	1728.63603912
0.00011999	8114.13180583
0.00012	554278.58108
0.0001203	4.51023231
0.00012047	230.0
0.00012074	81.93363376
0.00012075	620.3883092
0.00012091	206.7277334
0.000121	2938.5587546
0.00012101	420.09171342
0.00012109	200.0
0.00012115	515.37008876
0.0001215	108.35416667
0.00012153	4.51023231
0.00012157	240.0
0.0001217	3660.0
0.00012177	513.28867974
0.000122	325.41160856
0.00012211	29.9247
0.0001222	17.77649079
0.00012222	5611.0
0.00012223	106.1159057
0.0001223	500.0
0.00012234	50.0
0.00012263	100.0
0.00012268	38.34993102
0.00012276	4.51023231
0.00012277	132.81095431
0.000123	100.0
0.00012309	394.44200351
0.00012325	831.94328607
0.00012327	29.9247
0.00012332	20.88820361
0.00012345	1000.0
0.0001235	499.09761185
0.0001236	99.00961645
0.00012365	29.9247
0.00012375	4.24902028
0.0001238	210.0
0.00012399	4.51023231
0.000124	23253.4982252
0.00012407	30.0
0.00012413	29.9247
0.00012429	4700.0
0.00012437	29.9247
0.00012439	1830.65698355
0.00012459	17.94519125
0.00012474	500.0
0.00012486	25.67940435
0.00012497	3014.3682189
0.00012498	29.9247
0.00012499	5259.34076331
0.000125	102823.098167
0.00012501	25.05841193
0.00012506	61577.0
0.00012521	7320.0
0.00012522	4.51023231
0.0001255	189.9325035
0.00012551	29.9247
0.00012556	7010.01167864
0.00012557	16.86390533
0.00011629	37800.432
0.00011639	3983.0221311
0.0001164	60.0
0.00011659	1457.38466484
0.0001166	4.51023231
0.00011696	73.20584076
0.00011699	140.0
0.000117	89410.7762805
0.00011722	100.0
0.00011729	173.73508665
0.0001173	778.72471693
0.00011762	50.0
0.00011766	18.94657067
0.00011773	500.48088701
0.00011775	198.39137489
0.00011783	4.51023231
0.00011792	9497.38019638
0.00011793	3546.71456433
0.00011799	19848.426
0.000118	1989.44177542
0.00011806	266.02755049
0.0001182	875.07676112
0.00011828	8.85940829
0.00011832	346.24987823
0.00011873	34570.9054352
0.00011888	300.0
0.00011893	2282.64449303
0.00011895	420.96294377
0.000119	9380.33981411
0.00011906	4.51023231
0.0001195	452.1685015
0.00011966	612.96577898
0.00011976	130.68276214
0.00011979	2849.72859728
0.0001198	13365.9898099
0.00011995	4.24902028
0.00011997	3566.287935
0.00011998	1728.63603912
0.00011999	8114.13180583
0.00012	554278.58108
0.0001203	4.51023231
0.00012047	230.0
0.00012074	81.93363376
0.00012075	620.3883092
0.00012091	206.7277334
0.000121	2938.5587546
0.00012101	420.09171342
0.00012109	200.0
0.00012115	515.37008876
0.0001215	108.35416667
0.00012153	4.51023231
0.00012157	240.0
0.0001217	3660.0
0.00012177	513.28867974
0.000122	325.41160856
0.00012211	29.9247
0.0001222	17.77649079
0.00012222	5611.0
0.00012223	106.1159057
0.0001223	500.0
0.00012234	50.0
0.00012263	100.0
0.00012268	38.34993102
0.00012276	4.51023231
0.00012277	132.81095431
0.000123	100.0
0.00012309	394.44200351
0.00012325	831.94328607
0.00012327	29.9247
0.00012332	20.88820361
0.00012345	1000.0
0.0001235	499.09761185
0.0001236	99.00961645
0.00012365	29.9247
0.00012375	4.24902028
0.0001238	210.0
0.00012399	4.51023231
0.000124	23253.4982252
0.00012407	30.0
0.00012413	29.9247
0.00012429	4700.0
0.00012437	29.9247
0.00012439	1830.65698355
0.00012459	17.94519125
0.00012474	500.0
0.00012486	25.67940435
0.00012497	3014.3682189
0.00012498	29.9247
0.00012499	5259.34076331
0.000125	102823.098167
0.00012501	25.05841193
0.00012506	61577.0
0.00012521	7320.0
0.00012522	4.51023231
0.0001255	189.9325035
0.00012551	29.9247
0.00012556	7010.01167864
0.00012557	16.86390533
0.00012567	3937.5
0.00012571	40007.2541754
0.00011628	32952.421
0.0001163	64.98754274
0.00011639	3559.0221311
0.0001164	60.0
0.00011659	1457.38466484
0.0001166	4.51023231
0.00011696	73.20584076
0.00011699	140.0
0.000117	89410.7762805
0.00011722	150.0
0.00011729	173.73508665
0.0001173	796.32339945
0.00011766	18.94657067
0.00011773	500.48088701
0.00011775	198.39137489
0.00011783	4.51023231
0.00011792	9497.38019638
0.00011793	3546.71456433
0.00011798	20398.263
0.000118	1989.44177542
0.00011806	266.02755049
0.00011819	9807.087
0.0001182	875.07676112
0.00011828	8.85940829
0.00011832	346.24987823
0.00011873	34570.9054352
0.00011888	300.0
0.00011893	2282.64449303
0.00011895	420.96294377
0.000119	9380.33981411
0.00011906	4.51023231
0.0001195	452.1685015
0.00011966	612.96577898
0.00011976	130.68276214
0.00011979	2849.72859728
0.0001198	13365.9898099
0.00011995	4.24902028
0.00011997	3566.287935
0.00011998	1728.63603912
0.00011999	8114.13180583
0.00012	554278.58108
0.0001203	4.51023231
0.00012047	230.0
0.00012074	81.93363376
0.00012075	620.3883092
0.00012091	206.7277334
0.000121	2938.5587546
0.00012101	420.09171342
0.00012109	200.0
0.00012115	515.37008876
0.0001215	108.35416667
0.00012153	4.51023231
0.00012157	240.0
0.0001217	3660.0
0.00012177	513.28867974
0.000122	325.41160856
0.00012211	29.9247
0.0001222	17.77649079
0.00012222	5611.0
0.00012223	106.1159057
0.0001223	500.0
0.00012234	50.0
0.00012263	100.0
0.00012268	38.34993102
0.00012276	4.51023231
0.00012277	132.81095431
0.000123	100.0
0.00012309	394.44200351
0.00012325	831.94328607
0.00012327	29.9247
0.00012332	20.88820361
0.00012345	1000.0
0.0001235	499.09761185
0.0001236	99.00961645
0.00012365	29.9247
0.00012375	4.24902028
0.0001238	210.0
0.00012399	4.51023231
0.000124	23253.4982252
0.00012407	30.0
0.00012413	29.9247
0.00012429	4700.0
0.00012437	29.9247
0.00012439	1830.65698355
0.00012459	17.94519125
0.00012474	500.0
0.00012486	25.67940435
0.00012497	3014.3682189
0.00012498	29.9247
0.00012499	5259.34076331
0.000125	102823.098167
0.00012501	25.05841193
0.00012506	61577.0
0.00012521	7320.0
0.00012522	4.51023231
0.0001255	189.9325035
0.00012551	29.9247
0.00012556	7010.01167864
0.00012557	16.86390533
0.00012567	3937.5
0.000115	3913.62457088
0.0001163	64.98754274
0.00011638	41143.538
0.00011639	3559.0221311
0.0001164	60.0
0.0001166	4.51023231
0.00011696	73.20584076
0.00011699	140.0
0.000117	89410.7762805
0.00011722	150.0
0.00011729	173.73508665
0.0001173	796.32339945
0.00011766	18.94657067
0.00011775	198.39137489
0.00011783	4.51023231
0.00011788	500.48088701
0.00011792	21066.8371964
0.00011793	3546.71456433
0.000118	1989.44177542
0.00011806	266.02755049
0.0001182	875.07676112
0.00011828	8.85940829
0.00011832	346.24987823
0.00011873	34570.9054352
0.00011888	300.0
0.00011893	2282.64449303
0.00011895	420.96294377
0.000119	9380.33981411
0.00011906	4.51023231
0.0001195	452.1685015
0.00011966	612.96577898
0.00011976	130.68276214
0.00011979	2849.72859728
0.0001198	13365.9898099
0.00011995	4.24902028
0.00011997	3566.287935
0.00011998	1728.63603912
0.00011999	8114.13180583
0.00012	554278.58108
0.0001203	4.51023231
0.00012047	230.0
0.00012074	81.93363376
0.00012075	620.3883092
0.00012091	206.7277334
0.000121	2938.5587546
0.00012101	420.09171342
0.00012109	200.0
0.00012115	515.37008876
0.0001215	108.35416667
0.00012153	4.51023231
0.00012157	240.0
0.0001217	3660.0
0.00012177	513.28867974
0.000122	325.41160856
0.00012211	29.9247
0.0001222	17.77649079
0.00012222	5611.0
0.00012223	106.1159057
0.0001223	500.0
0.00012234	50.0
0.00012263	100.0
0.00012268	38.34993102
0.00012276	4.51023231
0.00012277	132.81095431
0.000123	100.0
0.00012309	394.44200351
0.00012325	831.94328607
0.00012327	29.9247
0.00012332	20.88820361
0.00012345	1000.0
0.0001235	499.09761185
0.0001236	99.00961645
0.00012365	29.9247
0.00012375	4.24902028
0.0001238	210.0
0.00012399	4.51023231
0.000124	23253.4982252
0.00012407	30.0
0.00012413	29.9247
0.00012429	4700.0
0.00012437	29.9247
0.00012439	1830.65698355
0.00012459	17.94519125
0.00012474	500.0
0.00012486	25.67940435
0.00012497	3014.3682189
0.00012498	29.9247
0.00012499	5259.34076331
0.000125	88134.7548075
0.00012501	25.05841193
0.00012506	61577.0
0.00012521	7320.0
0.00012522	4.51023231
0.0001255	189.9325035
0.00012551	29.9247
0.00012556	7010.01167864
0.00012557	16.86390533
0.00012567	3937.5
0.00012571	40007.2541754
0.00012588	725.45454545
0.000115	1814.95279926
0.00011617	1462.65368059
0.0001163	64.98754274
0.00011637	86.73158856
0.00011639	3559.0221311
0.0001164	60.0
0.0001166	4.51023231
0.00011696	73.20584076
0.00011699	140.0
0.000117	89410.7762805
0.00011722	150.0
0.00011729	173.73508665
0.0001173	796.32339945
0.00011766	18.94657067
0.00011775	198.39137489
0.00011783	4.51023231
0.0001179	500.48088701
0.00011792	9497.38019638
0.00011793	3546.71456433
0.000118	1989.44177542
0.00011806	266.02755049
0.0001182	875.07676112
0.00011828	8.85940829
0.00011832	346.24987823
0.00011873	34570.9054352
0.00011888	300.0
0.00011893	2282.64449303
0.00011895	420.96294377
0.000119	9380.33981411
0.00011904	2105.38474462
0.00011906	4.51023231
0.0001195	452.1685015
0.00011966	612.96577898
0.00011976	130.68276214
0.00011979	2849.72859728
0.0001198	13365.9898099
0.00011995	4.24902028
0.00011997	3566.287935
0.00011998	1728.63603912
0.00011999	8114.13180583
0.00012	554278.58108
0.0001203	4.51023231
0.00012047	230.0
0.00012074	81.93363376
0.00012075	620.3883092
0.00012091	206.7277334
0.000121	2938.5587546
0.00012101	420.09171342
0.00012109	200.0
0.00012115	515.37008876
0.0001215	108.35416667
0.00012153	4.51023231
0.00012157	240.0
0.0001217	3660.0
0.00012177	513.28867974
0.000122	325.41160856
0.00012211	29.9247
0.0001222	17.77649079
0.00012222	5611.0
0.00012223	106.1159057
0.0001223	500.0
0.00012234	50.0
0.00012263	100.0
0.00012268	38.34993102
0.00012276	4.51023231
0.00012277	132.81095431
0.000123	100.0
0.00012309	394.44200351
0.00012325	831.94328607
0.00012327	29.9247
0.00012332	20.88820361
0.00012345	1000.0
0.0001235	499.09761185
0.0001236	99.00961645
0.00012365	29.9247
0.00012375	4.24902028
0.0001238	210.0
0.00012399	4.51023231
0.000124	23253.4982252
0.00012407	30.0
0.00012413	29.9247
0.00012429	4700.0
0.00012437	29.9247
0.00012439	1830.65698355
0.00012459	17.94519125
0.00012474	500.0
0.00012486	25.67940435
0.00012497	3014.3682189
0.00012498	29.9247
0.00012499	5259.34076331
0.000125	88134.7548075
0.00012501	25.05841193
0.00012506	61577.0
0.00012521	7320.0
0.00012522	4.51023231
0.0001255	189.9325035
0.00012551	29.9247
0.00012556	7010.01167864
0.00012557	16.86390533
0.00012567	3937.5
0.000115	1814.95279926
0.00011602	1464.54471707
0.00011603	26906.198
0.0001163	64.98754274
0.00011639	3559.0221311
0.0001164	60.0
0.0001166	4.51023231
0.00011696	73.20584076
0.00011699	140.0
0.000117	89410.7762805
0.00011722	150.0
0.00011729	173.73508665
0.0001173	796.32339945
0.00011766	18.94657067
0.00011775	198.39137489
0.00011783	4.51023231
0.0001179	500.48088701
0.00011792	9497.38019638
0.00011793	3546.71456433
0.00011798	46396.846
0.000118	1989.44177542
0.00011806	266.02755049
0.0001182	875.07676112
0.00011828	8.85940829
0.00011832	346.24987823
0.00011873	34570.9054352
0.00011888	300.0
0.00011893	2282.64449303
0.00011895	420.96294377
0.000119	9380.33981411
0.00011904	2105.38474462
0.00011906	4.51023231
0.0001195	452.1685015
0.00011966	612.96577898
0.00011976	130.68276214
0.00011979	2849.72859728
0.0001198	13365.9898099
0.00011995	4.24902028
0.00011997	3566.287935
0.00011998	1728.63603912
0.00011999	8114.13180583
0.00012	554278.58108
0.00012023	2084.54628628
0.0001203	4.51023231
0.00012047	230.0
0.00012074	81.93363376
0.00012075	620.3883092
0.00012091	206.7277334
0.000121	2938.5587546
0.00012101	420.09171342
0.00012109	200.0
0.00012115	515.37008876
0.00012143	2063.94630651
0.0001215	108.35416667
0.00012153	4.51023231
0.00012157	240.0
0.0001217	3660.0
0.00012177	513.28867974
0.000122	325.41160856
0.00012211	29.9247
0.0001222	17.77649079
0.00012222	5611.0
0.00012223	106.1159057
0.0001223	500.0
0.00012234	50.0
0.00012263	100.0
0.00012264	2043.5828441
0.00012268	38.34993102
0.00012276	4.51023231
0.00012277	132.81095431
0.000123	100.0
0.00012309	394.44200351
0.00012325	831.94328607
0.00012327	29.9247
0.00012332	20.88820361
0.00012345	1000.0
0.0001235	499.09761185
0.0001236	99.00961645
0.00012365	29.9247
0.00012375	4.24902028
0.0001238	210.0
0.00012386	2023.45389956
0.00012399	4.51023231
0.000124	23253.4982252
0.00012407	30.0
0.00012413	29.9247
0.00012429	4700.0
0.00012437	29.9247
0.00012439	1830.65698355
0.00012459	17.94519125
0.00012474	500.0
0.00012486	25.67940435
0.00012497	3014.3682189
0.00012498	29.9247
0.00012499	5259.34076331
0.000125	88134.7548075
0.00012501	25.05841193
0.00012506	61577.0
0.00012521	7320.0
0.00012522	4.51023231
0.00011602	86.73158856
0.00011626	40021.343
0.00011627	1461.3957003
0.0001163	64.98754274
0.00011639	3559.0221311
0.0001164	60.0
0.0001166	4.51023231
0.00011696	73.20584076
0.00011699	140.0
0.000117	89410.7762805
0.00011722	150.0
0.00011729	173.73508665
0.0001173	796.32339945
0.00011766	18.94657067
0.00011775	198.39137489
0.00011783	4.51023231
0.0001179	500.48088701
0.00011792	9497.38019638
0.00011793	3546.71456433
0.00011799	16692.857
0.000118	1989.44177542
0.00011806	266.02755049
0.0001182	875.07676112
0.00011828	8.85940829
0.00011832	346.24987823
0.00011873	34570.9054352
0.00011888	300.0
0.00011893	2282.64449303
0.00011895	420.96294377
0.000119	9380.33981411
0.00011904	2105.38474462
0.00011906	4.51023231
0.0001195	452.1685015
0.00011966	612.96577898
0.00011976	130.68276214
0.00011979	2849.72859728
0.0001198	13365.9898099
0.00011995	4.24902028
0.00011997	3566.287935
0.00011998	1728.63603912
0.00011999	8114.13180583
0.00012	554278.58108
0.00012023	2084.54628628
0.0001203	4.51023231
0.00012047	230.0
0.00012074	81.93363376
0.00012075	620.3883092
0.00012091	206.7277334
0.000121	2938.5587546
0.00012101	420.09171342
0.00012109	200.0
0.00012115	515.37008876
0.00012143	2063.94630651
0.0001215	108.35416667
0.00012153	4.51023231
0.00012157	240.0
0.0001217	3660.0
0.00012177	513.28867974
0.000122	325.41160856
0.00012211	29.9247
0.0001222	17.77649079
0.00012222	5611.0
0.00012223	106.1159057
0.0001223	500.0
0.00012234	50.0
0.00012263	100.0
0.00012264	2043.5828441
0.00012268	38.34993102
0.00012276	4.51023231
0.00012277	132.81095431
0.000123	100.0
0.00012309	394.44200351
0.00012325	831.94328607
0.00012327	29.9247
0.00012332	20.88820361
0.00012345	1000.0
0.0001235	499.09761185
0.0001236	99.00961645
0.00012365	29.9247
0.00012375	4.24902028
0.0001238	210.0
0.00012386	2023.45389956
0.00012399	4.51023231
0.000124	23253.4982252
0.00012407	30.0
0.00012413	29.9247
0.00012429	4700.0
0.00012437	29.9247
0.00012439	1830.65698355
0.00012459	17.94519125
0.00012474	500.0
0.00012486	25.67940435
0.00012497	3014.3682189
0.00012498	29.9247
0.00012499	5259.34076331
0.000125	88134.7548075
0.00012501	25.05841193
0.00012506	61577.0
0.00012509	2003.55743864
0.00012521	7320.0
0.00011601	6.5282922
0.00011602	81.40012304
0.00011621	2000.0
0.0001163	64.98754274
0.00011638	1460.01441892
0.00011639	3559.0221311
0.0001164	60.0
0.0001166	4.51023231
0.00011696	73.20584076
0.00011699	140.0
0.000117	89410.7762805
0.00011722	150.0
0.00011729	70576.2180866
0.0001173	796.32339945
0.00011766	18.94657067
0.00011775	198.39137489
0.00011783	4.51023231
0.0001179	500.48088701
0.00011792	9497.38019638
0.000118	1989.44177542
0.00011806	266.02755049
0.0001182	875.07676112
0.00011828	8.85940829
0.00011832	346.24987823
0.00011888	300.0
0.00011895	420.96294377
0.000119	9380.33981411
0.00011904	2105.38474462
0.00011906	4.51023231
0.0001195	452.1685015
0.00011962	34570.9054352
0.00011966	612.96577898
0.00011976	130.68276214
0.00011979	2849.72859728
0.0001198	13365.9898099
0.00011995	4.24902028
0.00011997	3566.287935
0.00011998	1728.63603912
0.00011999	8114.13180583
0.00012	553278.58108
0.00012023	2084.54628628
0.0001203	4.51023231
0.00012047	230.0
0.00012074	81.93363376
0.00012075	620.3883092
0.00012091	206.7277334
0.000121	2938.5587546
0.00012101	420.09171342
0.00012109	200.0
0.00012115	515.37008876
0.00012143	2063.94630651
0.0001215	108.35416667
0.00012153	4.51023231
0.00012157	240.0
0.0001217	3660.0
0.00012177	513.28867974
0.000122	325.41160856
0.00012211	29.9247
0.0001222	17.77649079
0.00012222	5611.0
0.00012223	106.1159057
0.0001223	500.0
0.00012234	50.0
0.00012263	100.0
0.00012264	2043.5828441
0.00012268	38.34993102
0.00012276	4.51023231
0.00012277	132.81095431
0.000123	100.0
0.00012309	394.44200351
0.00012325	831.94328607
0.00012327	29.9247
0.00012332	20.88820361
0.00012345	1000.0
0.0001235	499.09761185
0.0001236	99.00961645
0.00012365	29.9247
0.00012375	4.24902028
0.0001238	210.0
0.00012386	2023.45389956
0.00012399	4.51023231
0.000124	23253.4982252
0.00012407	30.0
0.00012413	29.9247
0.00012429	4700.0
0.00012437	29.9247
0.00012439	1830.65698355
0.00012459	17.94519125
0.00012474	500.0
0.00012486	25.67940435
0.00012497	3014.3682189
0.00012498	29.9247
0.00012499	5259.34076331
0.000125	88134.7548075
0.00012501	25.05841193
0.00012506	61577.0
0.00012509	2003.55743864
0.00012521	7320.0
0.00012522	4.51023231
0.0001255	189.9325035
0.00011601	6.1200912
0.00011602	81.40012304
0.00011621	2000.0
0.0001163	64.98754274
0.00011638	1460.01441892
0.00011639	3559.0221311
0.0001164	60.0
0.0001166	4.51023231
0.00011696	73.20584076
0.00011699	140.0
0.000117	89410.7762805
0.00011722	150.0
0.00011728	69033.559
0.00011729	173.73508665
0.0001173	796.32339945
0.00011766	18.94657067
0.00011775	198.39137489
0.00011783	4.51023231
0.0001179	500.48088701
0.00011792	9497.38019638
0.000118	1989.44177542
0.00011806	266.02755049
0.0001182	875.07676112
0.00011828	8.85940829
0.00011832	346.24987823
0.00011888	300.0
0.00011895	420.96294377
0.000119	9380.33981411
0.00011904	2105.38474462
0.00011906	4.51023231
0.0001195	452.1685015
0.00011962	34570.9054352
0.00011966	612.96577898
0.00011976	130.68276214
0.00011979	2849.72859728
0.0001198	13365.9898099
0.00011995	4.24902028
0.00011997	3566.287935
0.00011998	1728.63603912
0.00011999	8114.13180583
0.00012	553278.58108
0.00012023	2084.54628628
0.0001203	4.51023231
0.00012047	230.0
0.00012074	81.93363376
0.00012075	620.3883092
0.00012091	206.7277334
0.000121	2938.5587546
0.00012101	420.09171342
0.00012109	200.0
0.00012115	515.37008876
0.00012143	2063.94630651
0.0001215	108.35416667
0.00012153	4.51023231
0.00012157	240.0
0.0001217	3660.0
0.00012177	513.28867974
0.000122	325.41160856
0.00012211	29.9247
0.0001222	17.77649079
0.00012222	5611.0
0.00012223	106.1159057
0.0001223	500.0
0.00012234	50.0
0.00012263	100.0
0.00012264	2043.5828441
0.00012268	38.34993102
0.00012276	4.51023231
0.00012277	132.81095431
0.000123	100.0
0.00012309	394.44200351
0.00012325	831.94328607
0.00012327	29.9247
0.00012332	20.88820361
0.00012345	1000.0
0.0001235	499.09761185
0.0001236	99.00961645
0.00012365	29.9247
0.00012375	4.24902028
0.0001238	210.0
0.00012386	2023.45389956
0.00012399	4.51023231
0.000124	23253.4982252
0.00012407	30.0
0.00012413	29.9247
0.00012429	4700.0
0.00012437	29.9247
0.00012439	1830.65698355
0.00012459	17.94519125
0.00012474	500.0
0.00012486	25.67940435
0.00012497	3014.3682189
0.00012498	29.9247
0.00012499	5259.34076331
0.000125	88134.7548075
0.00012501	25.05841193
0.00012506	61577.0
0.00012509	2003.55743864
0.00012521	7320.0
0.00012522	4.51023231
0.00011601	4182.36041275
0.00011621	1956.24750203
0.0001163	64.98754274
0.00011638	1460.01441892
0.00011639	3559.0221311
0.0001164	60.0
0.0001166	4.51023231
0.00011696	73.20584076
0.00011699	5909.45932677
0.000117	89410.7762805
0.00011722	150.0
0.00011727	61109.297
0.00011729	173.73508665
0.0001173	778.72471693
0.00011766	18.94657067
0.00011775	198.39137489
0.00011783	4.51023231
0.00011789	500.48088701
0.00011791	6456.331
0.00011792	9497.38019638
0.000118	1989.44177542
0.00011806	266.02755049
0.0001182	875.07676112
0.00011828	8.85940829
0.00011832	346.24987823
0.00011888	300.0
0.00011895	420.96294377
0.000119	9380.33981411
0.00011904	2105.38474462
0.00011906	4.51023231
0.0001195	452.1685015
0.00011962	34570.9054352
0.00011966	612.96577898
0.00011976	130.68276214
0.00011979	2849.72859728
0.0001198	13365.9898099
0.00011995	4.24902028
0.00011997	3566.287935
0.00011998	1728.63603912
0.00011999	8114.13180583
0.00012	553278.58108
0.00012023	2084.54628628
0.0001203	4.51023231
0.00012047	230.0
0.00012074	81.93363376
0.00012075	620.3883092
0.00012091	206.7277334
0.000121	2938.5587546
0.00012101	420.09171342
0.00012109	200.0
0.00012115	515.37008876
0.00012143	2063.94630651
0.0001215	108.35416667
0.00012153	4.51023231
0.00012157	240.0
0.0001217	3660.0
0.00012177	513.28867974
0.000122	325.41160856
0.00012211	29.9247
0.0001222	17.77649079
0.00012222	5611.0
0.00012223	106.1159057
0.0001223	500.0
0.00012234	50.0
0.00012263	100.0
0.00012264	2043.5828441
0.00012268	38.34993102
0.00012276	4.51023231
0.00012277	132.81095431
0.000123	100.0
0.00012309	394.44200351
0.00012325	831.94328607
0.00012327	29.9247
0.00012332	20.88820361
0.00012345	1000.0
0.0001235	499.09761185
0.0001236	99.00961645
0.00012365	29.9247
0.00012375	4.24902028
0.0001238	210.0
0.00012386	2023.45389956
0.00012399	4.51023231
0.000124	23253.4982252
0.00012407	30.0
0.00012413	29.9247
0.00012429	4700.0
0.00012437	29.9247
0.00012439	1830.65698355
0.00012459	17.94519125
0.00012474	500.0
0.00012486	25.67940435
0.00012497	3014.3682189
0.00012498	29.9247
0.00012499	5259.34076331
0.000125	88134.7548075
0.00012501	25.05841193
0.00012506	61577.0
0.00012509	2003.55743864
0.00012521	7320.0
0.00012522	4.51023231
0.00011517	1305.66708202
0.00011601	3349.1623605
0.00011621	1956.24750203
0.0001163	64.98754274
0.00011638	3460.01441892
0.00011639	3559.0221311
0.0001164	60.0
0.0001166	4.51023231
0.00011696	73.20584076
0.00011699	5909.45932677
0.000117	89410.7762805
0.00011722	150.0
0.00011727	61109.297
0.00011729	173.73508665
0.0001173	778.72471693
0.00011766	18.94657067
0.00011775	198.39137489
0.00011783	4.51023231
0.00011792	9497.38019638
0.000118	1989.44177542
0.00011806	266.02755049
0.0001182	875.07676112
0.00011828	8.85940829
0.00011832	346.24987823
0.00011888	300.0
0.00011895	420.96294377
0.000119	9380.33981411
0.00011904	2105.38474462
0.00011906	4.51023231
0.0001195	452.1685015
0.00011962	34570.9054352
0.00011966	612.96577898
0.00011976	130.68276214
0.00011979	2849.72859728
0.0001198	13365.9898099
0.00011995	4.24902028
0.00011997	3566.287935
0.00011998	1728.63603912
0.00011999	8114.13180583
0.00012	553296.179763
0.00012023	2084.54628628
0.0001203	4.51023231
0.00012047	230.0
0.00012074	81.93363376
0.00012075	620.3883092
0.00012091	206.7277334
0.000121	2938.5587546
0.00012101	420.09171342
0.00012109	200.0
0.00012115	515.37008876
0.00012143	2063.94630651
0.0001215	108.35416667
0.00012153	4.51023231
0.00012157	240.0
0.0001217	3660.0
0.00012177	513.28867974
0.000122	325.41160856
0.00012211	29.9247
0.0001222	17.77649079
0.00012222	5611.0
0.00012223	106.1159057
0.0001223	500.0
0.00012234	50.0
0.00012263	100.0
0.00012264	2043.5828441
0.00012268	38.34993102
0.00012276	4.51023231
0.00012277	132.81095431
0.000123	100.0
0.00012309	394.44200351
0.00012325	831.94328607
0.00012327	29.9247
0.00012332	20.88820361
0.00012345	1000.0
0.0001235	499.09761185
0.0001236	99.00961645
0.00012365	29.9247
0.00012375	4.24902028
0.0001238	210.0
0.00012386	2023.45389956
0.00012399	4.51023231
0.000124	23253.4982252
0.00012407	30.0
0.00012413	29.9247
0.00012429	4700.0
0.00012437	29.9247
0.00012439	1830.65698355
0.00012459	17.94519125
0.00012474	500.0
0.00012486	25.67940435
0.00012497	3014.3682189
0.00012498	29.9247
0.00012499	5259.34076331
0.000125	88134.7548075
0.00012501	25.05841193
0.00012506	61577.0
0.00012509	2003.55743864
0.00012521	7320.0
0.00012522	4.51023231
0.0001255	189.9325035
0.00011601	2341.54929577
0.0001163	64.98754274
0.00011638	2096.5
0.00011639	3559.0221311
0.0001164	60.0
0.00011659	1457.38466484
0.0001166	4.51023231
0.00011696	73.20584076
0.00011699	5769.45932677
0.000117	94149.7762805
0.00011722	150.0
0.00011728	53912.127
0.00011729	173.73508665
0.0001173	778.72471693
0.00011766	18.94657067
0.00011775	198.39137489
0.00011783	4.51023231
0.00011798	500.48088701
0.000118	1989.44177542
0.00011806	266.02755049
0.0001182	875.07676112
0.00011828	8.85940829
0.00011832	346.24987823
0.00011888	300.0
0.00011895	420.96294377
0.000119	9380.33981411
0.00011904	2105.38474462
0.00011906	4.51023231
0.0001195	452.1685015
0.00011962	34570.9054352
0.00011966	612.96577898
0.00011976	130.68276214
0.00011979	2849.72859728
0.0001198	13365.9898099
0.0001199	15.0
0.00011995	4.24902028
0.00011997	3566.287935
0.00011998	1728.63603912
0.00011999	8114.13180583
0.00012	553296.179763
0.00012023	2084.54628628
0.0001203	4.51023231
0.00012047	270.0
0.00012074	81.93363376
0.00012075	620.3883092
0.00012091	206.7277334
0.000121	2938.5587546
0.00012101	420.09171342
0.00012109	200.0
0.00012115	515.37008876
0.00012143	2063.94630651
0.0001215	108.35416667
0.00012153	4.51023231
0.00012157	240.0
0.0001217	3660.0
0.00012177	513.28867974
0.000122	325.41160856
0.00012211	29.9247
0.0001222	17.77649079
0.00012222	5611.0
0.00012223	106.1159057
0.0001223	500.0
0.00012234	50.0
0.00012263	100.0
0.00012264	2043.5828441
0.00012268	38.34993102
0.00012276	4.51023231
0.00012277	132.81095431
0.000123	100.0
0.00012309	394.44200351
0.00012325	831.94328607
0.00012327	29.9247
0.00012332	20.88820361
0.00012345	1000.0
0.0001235	499.09761185
0.0001236	99.00961645
0.00012365	29.9247
0.00012375	4.24902028
0.0001238	210.0
0.00012386	2023.45389956
0.00012399	4.51023231
0.000124	23253.4982252
0.00012407	30.0
0.00012413	29.9247
0.00012429	4700.0
0.00012437	29.9247
0.00012439	1830.65698355
0.00012459	17.94519125
0.00012474	500.0
0.00012486	25.67940435
0.00012497	3014.3682189
0.00012498	29.9247
0.00012499	5259.34076331
0.000125	88134.7548075
0.00012501	25.05841193
0.00012506	61577.0
0.00012509	2003.55743864
0.00012521	7320.0
0.00012522	4.51023231
0.0001255	189.9325035
0.00011601	2241.87238214
0.0001163	64.98754274
0.00011638	2096.5
0.00011639	3559.0221311
0.0001164	60.0
0.0001166	4.51023231
0.00011695	1452.89848717
0.00011696	73.20584076
0.00011699	5769.45932677
0.000117	94149.7762805
0.00011722	150.0
0.00011729	51575.3630867
0.0001173	778.72471693
0.00011766	18.94657067
0.00011775	198.39137489
0.00011783	4.51023231
0.00011798	500.48088701
0.00011799	7708.921
0.000118	1989.44177542
0.00011806	266.02755049
0.0001182	875.07676112
0.00011828	8.85940829
0.00011832	346.24987823
0.00011888	300.0
0.00011895	420.96294377
0.000119	9380.33981411
0.00011904	2105.38474462
0.00011906	4.51023231
0.0001195	452.1685015
0.00011959	9497.38019638
0.00011962	34570.9054352
0.00011966	612.96577898
0.00011976	130.68276214
0.00011979	2849.72859728
0.0001198	13365.9898099
0.0001199	15.0
0.00011995	4.24902028
0.00011997	3566.287935
0.00011998	1728.63603912
0.00011999	8114.13180583
0.00012	553296.179763
0.00012023	2084.54628628
0.0001203	4.51023231
0.00012047	270.0
0.00012074	81.93363376
0.00012075	620.3883092
0.00012091	206.7277334
0.000121	2938.5587546
0.00012101	420.09171342
0.00012109	200.0
0.00012115	515.37008876
0.00012143	2063.94630651
0.0001215	108.35416667
0.00012153	4.51023231
0.00012157	240.0
0.0001217	3660.0
0.00012177	513.28867974
0.000122	325.41160856
0.00012211	29.9247
0.0001222	17.77649079
0.00012222	5611.0
0.00012223	106.1159057
0.0001223	500.0
0.00012234	50.0
0.00012263	100.0
0.00012264	2043.5828441
0.00012268	38.34993102
0.00012276	4.51023231
0.00012277	132.81095431
0.000123	100.0
0.00012309	394.44200351
0.00012325	831.94328607
0.00012327	29.9247
0.00012332	20.88820361
0.00012345	1000.0
0.0001235	499.09761185
0.0001236	99.00961645
0.00012365	29.9247
0.00012375	4.24902028
0.0001238	210.0
0.00012386	2023.45389956
0.00012399	4.51023231
0.000124	23253.4982252
0.00012407	30.0
0.00012413	29.9247
0.00012429	4700.0
0.00012437	29.9247
0.00012439	1830.65698355
0.00012459	17.94519125
0.00012474	500.0
0.00012486	25.67940435
0.00012497	3014.3682189
0.00012498	29.9247
0.00012499	5259.34076331
0.000125	88134.7548075
0.00012501	25.05841193
0.00012506	61577.0
0.00012509	2003.55743864
0.00012521	7320.0
0.00012522	4.51023231
0.0001163	64.98754274
0.00011638	2096.5
0.00011639	3559.0221311
0.0001164	60.0
0.0001166	4.51023231
0.00011696	73.20584076
0.000117	94149.7762805
0.00011721	1449.67560851
0.00011722	100.0
0.00011729	173.73508665
0.0001173	778.72471693
0.00011766	18.94657067
0.00011775	198.39137489
0.00011783	4.51023231
0.00011799	72721.495
0.000118	1989.44177542
0.00011806	266.02755049
0.00011819	6097.817
0.0001182	875.07676112
0.00011828	8.85940829
0.00011832	346.24987823
0.00011888	300.0
0.00011895	420.96294377
0.000119	9380.33981411
0.00011904	2105.38474462
0.00011906	4.51023231
0.0001195	452.1685015
0.00011959	9497.38019638
0.00011962	34570.9054352
0.00011966	612.96577898
0.00011976	130.68276214
0.00011979	2849.72859728
0.0001198	13365.9898099
0.0001199	15.0
0.00011995	4.24902028
0.00011997	3566.287935
0.00011998	1728.63603912
0.00011999	8114.13180583
0.00012	553296.179763
0.00012023	2084.54628628
0.0001203	4.51023231
0.00012047	270.0
0.00012074	81.93363376
0.00012075	620.3883092
0.00012091	206.7277334
0.000121	2938.5587546
0.00012101	420.09171342
0.00012109	200.0
0.00012115	515.37008876
0.00012143	2063.94630651
0.0001215	108.35416667
0.00012153	4.51023231
0.00012157	240.0
0.0001217	3660.0
0.00012177	513.28867974
0.000122	325.41160856
0.00012211	29.9247
0.0001222	17.77649079
0.00012222	5611.0
0.00012223	106.1159057
0.0001223	500.0
0.00012234	50.0
0.00012263	100.0
0.00012264	2043.5828441
0.00012268	38.34993102
0.00012276	4.51023231
0.00012277	132.81095431
0.000123	100.0
0.00012309	394.44200351
0.00012325	831.94328607
0.00012327	29.9247
0.00012332	20.88820361
0.00012345	1000.0
0.0001235	499.09761185
0.0001236	99.00961645
0.00012365	29.9247
0.00012375	4.24902028
0.0001238	210.0
0.00012386	2023.45389956
0.00012399	4.51023231
0.000124	23253.4982252
0.00012407	30.0
0.00012413	29.9247
0.00012429	4700.0
0.00012437	29.9247
0.00012439	1830.65698355
0.00012459	17.94519125
0.00012474	500.0
0.00012486	25.67940435
0.00012497	3014.3682189
0.00012498	29.9247
0.00012499	5259.34076331
0.000125	88134.7548075
0.00012501	25.05841193
0.00012506	61577.0
0.00012509	2003.55743864
0.00012521	7320.0
0.00012522	4.51023231
0.0001255	189.9325035
0.00012551	29.9247
0.0001163	64.98754274
0.00011638	2096.5
0.00011639	3559.0221311
0.0001164	60.0
0.0001166	4.51023231
0.00011695	1452.89848717
0.00011696	73.20584076
0.000117	94149.7762805
0.00011722	150.0
0.00011729	173.73508665
0.0001173	778.72471693
0.00011766	18.94657067
0.00011775	198.39137489
0.00011783	4.51023231
0.00011797	57906.708
0.000118	1989.44177542
0.00011806	266.02755049
0.0001182	875.07676112
0.00011828	8.85940829
0.00011832	346.24987823
0.00011888	300.0
0.00011895	420.96294377
0.000119	9380.33981411
0.00011904	2105.38474462
0.00011906	4.51023231
0.0001195	452.1685015
0.00011959	9497.38019638
0.00011962	34570.9054352
0.00011966	612.96577898
0.00011976	130.68276214
0.00011979	2849.72859728
0.0001198	13365.9898099
0.0001199	15.0
0.00011995	4.24902028
0.00011997	3566.287935
0.00011998	1728.63603912
0.00011999	8114.13180583
0.00012	553296.179763
0.00012023	2084.54628628
0.0001203	4.51023231
0.00012047	270.0
0.00012074	81.93363376
0.00012075	620.3883092
0.00012091	206.7277334
0.000121	2938.5587546
0.00012101	420.09171342
0.00012109	200.0
0.00012115	515.37008876
0.00012143	2063.94630651
0.0001215	108.35416667
0.00012153	4.51023231
0.00012157	240.0
0.0001217	3660.0
0.00012177	513.28867974
0.000122	325.41160856
0.00012211	29.9247
0.0001222	17.77649079
0.00012222	5611.0
0.00012223	106.1159057
0.0001223	500.0
0.00012234	50.0
0.00012263	100.0
0.00012264	2043.5828441
0.00012268	38.34993102
0.00012276	4.51023231
0.00012277	132.81095431
0.000123	100.0
0.00012309	394.44200351
0.00012325	831.94328607
0.00012327	29.9247
0.00012332	20.88820361
0.00012345	1000.0
0.0001235	499.09761185
0.0001236	99.00961645
0.00012365	29.9247
0.00012375	4.24902028
0.0001238	210.0
0.00012386	2023.45389956
0.00012399	4.51023231
0.000124	23253.4982252
0.00012407	30.0
0.00012413	29.9247
0.00012429	4700.0
0.00012437	29.9247
0.00012439	1830.65698355
0.00012459	17.94519125
0.00012474	500.0
0.00012486	25.67940435
0.00012497	3014.3682189
0.00012498	29.9247
0.00012499	5259.34076331
0.000125	88134.7548075
0.00012501	25.05841193
0.00012506	61577.0
0.00012509	2003.55743864
0.00012521	7320.0
0.00012522	4.51023231
0.0001255	189.9325035
0.00012551	29.9247
0.00012556	7010.01167864
0.0001164	60.0
0.0001166	4.51023231
0.00011696	73.20584076
0.000117	94243.0005796
0.00011722	150.0
0.00011728	1448.81035193
0.00011729	173.73508665
0.0001173	778.72471693
0.00011766	18.94657067
0.00011775	198.39137489
0.00011783	4.51023231
0.00011794	40386.77
0.000118	1989.44177542
0.00011806	266.02755049
0.0001182	875.07676112
0.00011828	8.85940829
0.00011832	346.24987823
0.00011888	300.0
0.00011895	420.96294377
0.000119	9380.33981411
0.00011904	2105.38474462
0.00011906	4.51023231
0.0001195	452.1685015
0.00011959	9497.38019638
0.00011962	34570.9054352
0.00011966	612.96577898
0.00011976	130.68276214
0.00011979	2849.72859728
0.0001198	13365.9898099
0.0001199	15.0
0.00011995	4.24902028
0.00011997	3566.287935
0.00011998	1728.63603912
0.00011999	10797.4068058
0.00012	553296.179763
0.00012023	2084.54628628
0.0001203	4.51023231
0.00012047	270.0
0.00012074	81.93363376
0.00012075	620.3883092
0.00012091	206.7277334
0.000121	2938.5587546
0.00012101	420.09171342
0.00012109	200.0
0.00012115	515.37008876
0.00012143	2063.94630651
0.0001215	108.35416667
0.00012153	4.51023231
0.00012157	240.0
0.0001217	3660.0
0.00012177	513.28867974
0.000122	325.41160856
0.00012211	29.9247
0.0001222	17.77649079
0.00012222	5611.0
0.00012223	106.1159057
0.0001223	500.0
0.00012234	50.0
0.00012263	100.0
0.00012264	2043.5828441
0.00012268	38.34993102
0.00012276	4.51023231
0.00012277	132.81095431
0.000123	100.0
0.00012309	394.44200351
0.00012325	831.94328607
0.00012327	29.9247
0.00012332	20.88820361
0.00012345	1000.0
0.0001235	499.09761185
0.0001236	99.00961645
0.00012365	29.9247
0.00012375	4.24902028
0.0001238	210.0
0.00012386	2023.45389956
0.00012399	4.51023231
0.000124	23253.4982252
0.00012407	30.0
0.00012413	29.9247
0.00012429	4700.0
0.00012437	29.9247
0.00012439	1830.65698355
0.00012459	17.94519125
0.00012474	500.0
0.00012486	25.67940435
0.00012497	3014.3682189
0.00012498	29.9247
0.00012499	5259.34076331
0.000125	88134.7548075
0.00012501	25.05841193
0.00012506	61577.0
0.00012509	2003.55743864
0.00012521	7320.0
0.00012522	4.51023231
0.0001255	189.9325035
0.00012551	29.9247
0.00012556	7010.01167864
0.00012557	16.86390533
0.00012567	3937.5
0.00012571	40007.2541754
0.00011635	20.0
0.0001164	12.0
0.0001166	4.51023231
0.00011696	73.20584076
0.000117	94243.0005796
0.00011721	1449.67560851
0.00011722	150.0
0.00011729	173.73508665
0.0001173	778.72471693
0.00011766	18.94657067
0.00011775	198.39137489
0.00011779	93.0
0.00011783	4.51023231
0.00011788	25191.981
0.00011791	500.48088701
0.000118	1989.44177542
0.00011806	266.02755049
0.0001182	875.07676112
0.00011828	8.85940829
0.00011832	346.24987823
0.00011888	300.0
0.00011895	420.96294377
0.00011899	10514.821
0.000119	9380.33981411
0.00011904	2105.38474462
0.00011906	4.51023231
0.0001195	452.1685015
0.00011959	9497.38019638
0.00011966	612.96577898
0.00011976	130.68276214
0.00011979	2849.72859728
0.0001198	13365.9898099
0.0001199	15.0
0.00011995	4.24902028
0.00011997	3566.287935
0.00011998	1728.63603912
0.00011999	10797.4068058
0.00012	553296.179763
0.00012023	2084.54628628
0.0001203	4.51023231
0.00012051	34570.9054352
0.00012074	81.93363376
0.00012075	620.3883092
0.00012091	206.7277334
0.000121	2938.5587546
0.00012101	420.09171342
0.00012109	200.0
0.00012115	515.37008876
0.00012143	2063.94630651
0.0001215	108.35416667
0.00012153	4.51023231
0.00012157	240.0
0.0001217	3660.0
0.00012177	513.28867974
0.00012198	270.0
0.000122	325.41160856
0.00012211	29.9247
0.0001222	17.77649079
0.00012222	5611.0
0.00012223	106.1159057
0.0001223	500.0
0.00012234	50.0
0.00012263	100.0
0.00012264	2043.5828441
0.00012268	38.34993102
0.00012276	4.51023231
0.00012277	132.81095431
0.000123	100.0
0.00012309	394.44200351
0.00012325	831.94328607
0.00012327	29.9247
0.00012332	20.88820361
0.00012345	1000.0
0.0001235	499.09761185
0.0001236	99.00961645
0.00012365	29.9247
0.00012375	4.24902028
0.00012386	2023.45389956
0.00012399	4.51023231
0.000124	23253.4982252
0.00012407	30.0
0.00012413	29.9247
0.00012429	4700.0
0.00012437	29.9247
0.00012439	1830.65698355
0.00012459	17.94519125
0.00012474	500.0
0.00012486	25.67940435
0.00012497	3014.3682189
0.00012498	29.9247
0.00012499	5259.34076331
0.000125	88134.7548075
0.00012501	25.05841193
0.00012506	61577.0
0.00012509	2003.55743864
0.00012521	7320.0
0.00012522	4.51023231
0.00012535	210.0
0.0001255	189.9325035
0.00012551	29.9247
0.00011696	73.20584076
0.00011699	2000.0
0.000117	94243.0005796
0.00011722	150.0
0.00011729	173.73508665
0.0001173	778.72471693
0.00011762	1444.62232676
0.00011763	500.48088701
0.00011766	18.94657067
0.00011775	198.39137489
0.00011777	13898.47
0.00011779	93.0
0.000118	1989.44177542
0.00011806	266.02755049
0.00011819	18882.125
0.0001182	875.07676112
0.00011828	8.85940829
0.00011832	346.24987823
0.00011888	300.0
0.00011895	420.96294377
0.000119	9380.33981411
0.00011904	2105.38474462
0.0001195	452.1685015
0.00011959	9497.38019638
0.00011966	612.96577898
0.00011976	130.68276214
0.00011979	2849.72859728
0.0001198	13365.9898099
0.0001199	15.0
0.00011995	4.24902028
0.00011997	3566.287935
0.00011998	1728.63603912
0.00011999	10797.4068058
0.00012	553296.179763
0.00012023	2084.54628628
0.00012051	34570.9054352
0.00012074	81.93363376
0.00012075	620.3883092
0.00012091	206.7277334
0.000121	2938.5587546
0.00012101	420.09171342
0.00012109	200.0
0.00012115	515.37008876
0.00012143	2063.94630651
0.0001215	108.35416667
0.00012157	240.0
0.0001217	3660.0
0.00012177	513.28867974
0.00012198	270.0
0.000122	325.41160856
0.00012211	29.9247
0.0001222	17.77649079
0.00012222	5611.0
0.00012223	106.1159057
0.0001223	500.0
0.00012234	50.0
0.00012263	100.0
0.00012264	2043.5828441
0.00012268	38.34993102
0.00012277	132.81095431
0.000123	100.0
0.00012309	394.44200351
0.00012325	831.94328607
0.00012327	29.9247
0.00012332	20.88820361
0.00012345	1000.0
0.0001235	499.09761185
0.0001236	99.00961645
0.00012365	29.9247
0.00012375	4.24902028
0.00012386	2023.45389956
0.000124	23253.4982252
0.00012407	30.0
0.00012413	29.9247
0.00012429	4700.0
0.00012437	29.9247
0.00012439	1830.65698355
0.00012459	17.94519125
0.00012474	500.0
0.00012486	25.67940435
0.00012497	3014.3682189
0.00012498	29.9247
0.00012499	5259.34076331
0.000125	88134.7548075
0.00012501	25.05841193
0.00012506	61577.0
0.00012509	2003.55743864
0.00012521	7320.0
0.00012535	210.0
0.0001255	189.9325035
0.00012551	29.9247
0.00012556	7010.01167864
0.00012557	16.86390533
0.00012567	3937.5
0.00012571	40007.2541754
0.00012588	725.45454545
0.00012596	29.9247
0.00012597	29.9247
0.000126	1254.67608584
0.00012609	2000.0
0.000117	85579.9880662
0.00011702	27.0
0.00011722	150.0
0.00011729	173.73508665
0.0001173	778.72471693
0.00011763	500.48088701
0.00011765	1444.25395728
0.00011766	18.94657067
0.00011775	198.39137489
0.00011798	23239.155
0.00011799	110.0
0.000118	1989.44177542
0.00011806	266.02755049
0.0001182	875.07676112
0.00011828	8.85940829
0.00011832	346.24987823
0.00011842	4.51023231
0.00011888	300.0
0.00011895	420.96294377
0.000119	9380.33981411
0.00011904	2105.38474462
0.0001195	452.1685015
0.00011959	9497.38019638
0.00011966	612.96577898
0.00011976	130.68276214
0.00011979	2849.72859728
0.0001198	13365.9898099
0.0001199	19.51023231
0.00011995	4.24902028
0.00011997	3566.287935
0.00011998	1728.63603912
0.00011999	10797.4068058
0.00012	553296.179763
0.00012023	2084.54628628
0.00012051	34570.9054352
0.00012074	81.93363376
0.00012075	620.3883092
0.00012091	206.7277334
0.000121	2938.5587546
0.00012101	420.09171342
0.00012109	200.0
0.00012115	515.37008876
0.00012138	4.51023231
0.00012143	2063.94630651
0.0001215	108.35416667
0.00012157	240.0
0.0001217	3660.0
0.00012177	513.28867974
0.00012198	260.0
0.000122	325.41160856
0.00012211	29.9247
0.0001222	17.77649079
0.00012222	5611.0
0.00012223	106.1159057
0.0001223	500.0
0.00012234	50.0
0.00012263	100.0
0.00012264	2043.5828441
0.00012268	38.34993102
0.00012277	132.81095431
0.00012286	4.51023231
0.000123	100.0
0.00012309	394.44200351
0.00012325	831.94328607
0.00012327	29.9247
0.00012332	20.88820361
0.00012345	1000.0
0.0001235	499.09761185
0.0001236	99.00961645
0.00012365	29.9247
0.00012375	4.24902028
0.00012386	2023.45389956
0.000124	23253.4982252
0.00012407	30.0
0.00012413	29.9247
0.00012429	4700.0
0.00012434	4.51023231
0.00012437	29.9247
0.00012439	1830.65698355
0.00012459	17.94519125
0.00012474	500.0
0.00012486	25.67940435
0.00012497	3014.3682189
0.00012498	29.9247
0.00012499	5259.34076331
0.000125	88134.7548075
0.00012501	25.05841193
0.00012506	61577.0
0.00012509	2003.55743864
0.00012521	7320.0
0.00012535	210.0
0.0001255	189.9325035
0.00012551	29.9247
0.00012556	7010.01167864
0.00012557	16.86390533
0.00012567	3937.5
0.00012571	40007.2541754
0.00012581	4.51023231
0.00012588	725.45454545
0.00012596	29.9247
0.000117	85494.731656
0.00011702	27.0
0.00011722	150.0
0.00011729	173.73508665
0.0001173	778.72471693
0.00011762	1444.62232676
0.00011763	500.48088701
0.00011766	18.94657067
0.00011775	198.39137489
0.00011797	22216.891
0.00011799	110.0
0.000118	1989.44177542
0.00011806	266.02755049
0.0001182	875.07676112
0.00011828	8.85940829
0.00011832	346.24987823
0.00011842	4.51023231
0.00011888	300.0
0.00011893	5769.45932677
0.00011894	6276.701
0.00011895	420.96294377
0.00011899	12372.722
0.000119	9380.33981411
0.00011904	2105.38474462
0.0001195	1376.14745504
0.00011959	9497.38019638
0.00011966	612.96577898
0.00011976	130.68276214
0.00011979	2849.72859728
0.0001198	13365.9898099
0.0001199	19.51023231
0.00011995	4.24902028
0.00011997	3566.287935
0.00011998	1728.63603912
0.00011999	10797.4068058
0.00012	552372.200809
0.00012023	2084.54628628
0.00012051	34570.9054352
0.00012074	81.93363376
0.00012075	620.3883092
0.00012091	206.7277334
0.000121	2938.5587546
0.00012101	420.09171342
0.00012109	200.0
0.00012115	515.37008876
0.00012138	4.51023231
0.00012143	2063.94630651
0.0001215	108.35416667
0.00012157	240.0
0.0001217	3660.0
0.00012177	513.28867974
0.00012198	260.0
0.000122	325.41160856
0.00012211	29.9247
0.0001222	17.77649079
0.00012222	5611.0
0.00012223	106.1159057
0.0001223	500.0
0.00012234	50.0
0.00012263	100.0
0.00012264	2043.5828441
0.00012268	38.34993102
0.00012277	132.81095431
0.00012286	4.51023231
0.000123	100.0
0.00012309	394.44200351
0.00012325	831.94328607
0.00012327	29.9247
0.00012332	20.88820361
0.00012345	1000.0
0.0001235	499.09761185
0.0001236	99.00961645
0.00012365	29.9247
0.00012375	4.24902028
0.00012386	2023.45389956
0.000124	23253.4982252
0.00012407	30.0
0.00012413	29.9247
0.00012429	4700.0
0.00012434	4.51023231
0.00012437	29.9247
0.00012439	1830.65698355
0.00012459	17.94519125
0.00012474	500.0
0.00012486	25.67940435
0.00012497	3014.3682189
0.00012498	29.9247
0.00012499	5259.34076331
0.000125	88134.7548075
0.00012501	25.05841193
0.00012506	61577.0
0.00012509	2003.55743864
0.00012521	7320.0
0.00012535	210.0
0.0001255	189.9325035
0.00012551	29.9247
0.00012556	7010.01167864
0.00012557	16.86390533
0.00012567	3937.5
0.00012571	40007.2541754
0.00011699	1452.40172728
0.000117	85494.731656
0.00011702	27.0
0.00011722	150.0
0.00011729	173.73508665
0.0001173	778.72471693
0.00011757	14274.735
0.00011766	18.94657067
0.00011775	198.39137489
0.00011794	500.48088701
0.00011796	100.0
0.000118	1989.44177542
0.00011806	266.02755049
0.0001182	875.07676112
0.00011828	8.85940829
0.00011832	346.24987823
0.00011842	4.51023231
0.00011888	300.0
0.00011892	20379.724
0.00011893	5769.45932677
0.00011895	420.96294377
0.000119	9380.33981411
0.00011904	2105.38474462
0.0001195	1376.14745504
0.00011959	9497.38019638
0.00011966	612.96577898
0.00011976	130.68276214
0.00011979	2849.72859728
0.0001198	13365.9898099
0.0001199	19.51023231
0.00011995	4.24902028
0.00011997	3566.287935
0.00011998	1728.63603912
0.00011999	10797.4068058
0.00012	552372.200809
0.00012023	2084.54628628
0.00012051	34570.9054352
0.00012074	81.93363376
0.00012075	620.3883092
0.00012091	206.7277334
0.000121	2938.5587546
0.00012101	420.09171342
0.00012109	200.0
0.00012115	515.37008876
0.00012138	4.51023231
0.00012143	2063.94630651
0.0001215	108.35416667
0.00012157	240.0
0.0001217	3660.0
0.00012177	513.28867974
0.00012198	260.0
0.000122	325.41160856
0.00012211	29.9247
0.0001222	17.77649079
0.00012222	5611.0
0.00012223	106.1159057
0.0001223	500.0
0.00012234	50.0
0.00012263	100.0
0.00012264	2043.5828441
0.00012268	38.34993102
0.00012277	132.81095431
0.00012286	4.51023231
0.000123	100.0
0.00012309	394.44200351
0.00012325	831.94328607
0.00012327	29.9247
0.00012332	20.88820361
0.00012345	1000.0
0.0001235	499.09761185
0.0001236	99.00961645
0.00012365	29.9247
0.00012375	4.24902028
0.00012386	2023.45389956
0.000124	23253.4982252
0.00012407	30.0
0.00012413	29.9247
0.00012429	4700.0
0.00012434	4.51023231
0.00012437	29.9247
0.00012439	1830.65698355
0.00012459	17.94519125
0.00012474	500.0
0.00012486	25.67940435
0.00012497	3014.3682189
0.00012498	29.9247
0.00012499	5259.34076331
0.000125	88134.7548075
0.00012501	25.05841193
0.00012506	61577.0
0.00012509	2003.55743864
0.00012521	7320.0
0.00012535	210.0
0.0001255	189.9325035
0.00012551	29.9247
0.00012556	7010.01167864
0.00012557	16.86390533
0.00012567	3937.5
0.00012571	40007.2541754
0.00012581	4.51023231
0.00011696	900.24371922
0.00011698	1452.5258854
0.00011699	1920.35415328
0.000117	85494.731656
0.00011702	27.0
0.00011722	150.0
0.00011729	6231.36708665
0.0001173	778.72471693
0.00011766	18.94657067
0.00011775	198.39137489
0.00011794	500.48088701
0.00011796	100.0
0.000118	1989.44177542
0.00011806	266.02755049
0.00011819	37067.355
0.0001182	875.07676112
0.00011828	8.85940829
0.00011832	346.24987823
0.00011842	4.51023231
0.00011888	300.0
0.00011893	5769.45932677
0.00011895	420.96294377
0.000119	9380.33981411
0.00011904	2105.38474462
0.0001195	1376.14745504
0.00011959	9497.38019638
0.00011966	612.96577898
0.00011976	130.68276214
0.00011979	2849.72859728
0.0001198	13365.9898099
0.0001199	19.51023231
0.00011995	4.24902028
0.00011997	3566.287935
0.00011998	1728.63603912
0.00011999	10797.4068058
0.00012	552372.200809
0.00012023	2084.54628628
0.00012051	34570.9054352
0.00012074	81.93363376
0.00012075	620.3883092
0.00012091	206.7277334
0.000121	2938.5587546
0.00012101	420.09171342
0.00012109	200.0
0.00012115	515.37008876
0.00012138	4.51023231
0.00012143	2063.94630651
0.0001215	108.35416667
0.00012157	240.0
0.0001217	3660.0
0.00012177	513.28867974
0.00012198	260.0
0.000122	325.41160856
0.00012211	29.9247
0.0001222	17.77649079
0.00012222	5611.0
0.00012223	106.1159057
0.0001223	500.0
0.00012234	50.0
0.00012263	100.0
0.00012264	2043.5828441
0.00012268	38.34993102
0.00012277	132.81095431
0.00012286	4.51023231
0.000123	100.0
0.00012309	394.44200351
0.00012325	831.94328607
0.00012327	29.9247
0.00012332	20.88820361
0.00012345	1000.0
0.0001235	499.09761185
0.0001236	99.00961645
0.00012365	29.9247
0.00012375	4.24902028
0.00012386	2023.45389956
0.000124	23253.4982252
0.00012407	30.0
0.00012413	29.9247
0.00012429	4700.0
0.00012434	4.51023231
0.00012437	29.9247
0.00012439	1830.65698355
0.00012459	17.94519125
0.00012474	500.0
0.00012486	25.67940435
0.00012497	3014.3682189
0.00012498	29.9247
0.00012499	5259.34076331
0.000125	88134.7548075
0.00012501	25.05841193
0.00012506	61577.0
0.00012509	2003.55743864
0.00012521	7320.0
0.00012535	210.0
0.0001255	189.9325035
0.00012551	29.9247
0.00012556	7010.01167864
0.00012557	16.86390533
0.00012567	3937.5
0.00012571	40007.2541754
0.00011697	322.69706838
0.00011698	11115.916
0.00011699	2005.97647088
0.000117	85494.731656
0.00011702	27.0
0.00011722	150.0
0.00011729	6231.36708665
0.0001173	778.72471693
0.00011766	18.94657067
0.00011775	198.39137489
0.00011791	500.48088701
0.00011793	100.0
0.000118	1989.44177542
0.00011806	266.02755049
0.00011819	37067.355
0.0001182	875.07676112
0.00011828	8.85940829
0.00011832	346.24987823
0.00011842	4.51023231
0.00011888	300.0
0.00011893	5769.45932677
0.00011895	420.96294377
0.000119	9380.33981411
0.00011904	2105.38474462
0.0001195	1376.14745504
0.00011959	9497.38019638
0.00011966	612.96577898
0.00011976	130.68276214
0.00011979	2849.72859728
0.0001198	13365.9898099
0.0001199	19.51023231
0.00011995	4.24902028
0.00011997	3566.287935
0.00011998	1728.63603912
0.00011999	10797.4068058
0.00012	552372.200809
0.00012023	2084.54628628
0.00012051	34570.9054352
0.00012074	81.93363376
0.00012075	620.3883092
0.00012091	206.7277334
0.000121	2938.5587546
0.00012101	420.09171342
0.00012109	200.0
0.00012115	515.37008876
0.00012138	4.51023231
0.00012143	2063.94630651
0.0001215	108.35416667
0.00012157	240.0
0.0001217	3660.0
0.00012177	513.28867974
0.00012198	260.0
0.000122	325.41160856
0.00012211	29.9247
0.0001222	17.77649079
0.00012222	5611.0
0.00012223	106.1159057
0.0001223	500.0
0.00012234	50.0
0.00012263	100.0
0.00012264	2043.5828441
0.00012268	38.34993102
0.00012277	132.81095431
0.00012286	4.51023231
0.000123	100.0
0.00012309	394.44200351
0.00012325	831.94328607
0.00012327	29.9247
0.00012332	20.88820361
0.00012345	1000.0
0.0001235	499.09761185
0.0001236	99.00961645
0.00012365	29.9247
0.00012375	4.24902028
0.00012386	2023.45389956
0.000124	23253.4982252
0.00012407	30.0
0.00012413	29.9247
0.00012429	4700.0
0.00012434	4.51023231
0.00012437	29.9247
0.00012439	1830.65698355
0.00012459	17.94519125
0.00012474	500.0
0.00012486	25.67940435
0.00012497	3014.3682189
0.00012498	29.9247
0.00012499	5259.34076331
0.000125	88134.7548075
0.00012501	25.05841193
0.00012506	61577.0
0.00012509	2003.55743864
0.00012521	7320.0
0.00012535	210.0
0.0001255	189.9325035
0.00012551	29.9247
0.00012556	7010.01167864
0.00012557	16.86390533
0.00012567	3937.5
0.00012571	40007.2541754
0.00011645	14955.523
0.00011646	2617.80104712
0.00011695	322.69706838
0.00011696	5.00767641
0.00011699	2000.92367295
0.000117	85494.731656
0.00011702	27.0
0.00011722	150.0
0.00011729	173.73508665
0.0001173	778.72471693
0.00011766	18.94657067
0.00011775	198.39137489
0.00011777	500.48088701
0.00011779	93.0
0.000118	1993.6907957
0.00011806	266.02755049
0.0001182	875.07676112
0.00011828	8.85940829
0.00011832	346.24987823
0.00011842	4.51023231
0.00011888	300.0
0.00011892	25661.462
0.00011893	5769.45932677
0.00011895	420.96294377
0.000119	9380.33981411
0.00011904	2105.38474462
0.0001195	1376.14745504
0.00011959	9497.38019638
0.00011966	612.96577898
0.00011968	34570.9054352
0.00011976	130.68276214
0.00011979	2849.72859728
0.0001198	13365.9898099
0.0001199	19.51023231
0.00011997	3566.287935
0.00011998	1728.63603912
0.00011999	10797.4068058
0.00012	552372.200809
0.00012023	2084.54628628
0.00012074	81.93363376
0.00012075	620.3883092
0.00012091	206.7277334
0.000121	2938.5587546
0.00012101	420.09171342
0.00012109	200.0
0.00012115	515.37008876
0.00012138	4.51023231
0.00012143	2063.94630651
0.0001215	108.35416667
0.00012157	240.0
0.0001217	3660.0
0.00012177	513.28867974
0.00012198	270.0
0.000122	325.41160856
0.00012211	29.9247
0.0001222	17.77649079
0.00012222	5611.0
0.00012223	106.1159057
0.0001223	500.0
0.00012234	50.0
0.00012263	100.0
0.00012264	2043.5828441
0.00012268	38.34993102
0.00012277	132.81095431
0.00012286	4.51023231
0.000123	100.0
0.00012309	394.44200351
0.00012325	831.94328607
0.00012327	29.9247
0.00012332	20.88820361
0.00012345	1000.0
0.0001235	499.09761185
0.0001236	99.00961645
0.00012365	29.9247
0.00012375	4.24902028
0.00012386	2023.45389956
0.000124	23253.4982252
0.00012407	30.0
0.00012413	29.9247
0.00012429	4700.0
0.00012434	4.51023231
0.00012437	29.9247
0.00012439	1830.65698355
0.00012459	17.94519125
0.00012474	500.0
0.00012486	25.67940435
0.00012497	3014.3682189
0.00012498	29.9247
0.00012499	5259.34076331
0.000125	88134.7548075
0.00012501	25.05841193
0.00012506	61577.0
0.00012509	2003.55743864
0.00012521	7320.0
0.00012535	210.0
0.0001255	189.9325035
0.00012551	29.9247
0.00012556	7010.01167864
0.00012557	16.86390533
0.00012567	3937.5
0.00011632	36742.095
0.00011633	2609.37635905
0.00011695	322.69706838
0.00011696	5.00767641
0.00011699	2000.92367295
0.000117	85494.731656
0.00011702	27.0
0.00011722	150.0
0.00011729	173.73508665
0.0001173	778.72471693
0.00011766	18.94657067
0.00011775	198.39137489
0.00011777	500.48088701
0.00011779	93.0
0.000118	1993.6907957
0.00011806	266.02755049
0.00011819	39701.639
0.0001182	875.07676112
0.00011828	8.85940829
0.00011832	346.24987823
0.00011842	4.51023231
0.00011843	34570.9054352
0.00011888	300.0
0.00011893	5769.45932677
0.00011895	420.96294377
0.000119	9380.33981411
0.00011904	2105.38474462
0.0001195	1376.14745504
0.00011959	9497.38019638
0.00011966	612.96577898
0.00011976	130.68276214
0.00011979	2849.72859728
0.0001198	13365.9898099
0.0001199	19.51023231
0.00011997	3566.287935
0.00011998	1728.63603912
0.00011999	10797.4068058
0.00012	552372.200809
0.00012023	2084.54628628
0.00012074	81.93363376
0.00012075	620.3883092
0.00012091	206.7277334
0.000121	2938.5587546
0.00012101	420.09171342
0.00012109	200.0
0.00012115	515.37008876
0.00012138	4.51023231
0.00012143	2063.94630651
0.0001215	108.35416667
0.00012157	240.0
0.0001217	3660.0
0.00012177	513.28867974
0.00012198	270.0
0.000122	325.41160856
0.00012211	29.9247
0.0001222	17.77649079
0.00012222	5611.0
0.00012223	106.1159057
0.0001223	500.0
0.00012234	50.0
0.00012263	100.0
0.00012264	2043.5828441
0.00012268	38.34993102
0.00012277	132.81095431
0.00012286	4.51023231
0.000123	100.0
0.00012309	394.44200351
0.00012325	831.94328607
0.00012327	29.9247
0.00012332	20.88820361
0.00012345	1000.0
0.0001235	499.09761185
0.0001236	99.00961645
0.00012365	29.9247
0.00012375	4.24902028
0.00012386	2023.45389956
0.000124	23253.4982252
0.00012407	30.0
0.00012413	29.9247
0.00012429	4700.0
0.00012434	4.51023231
0.00012437	29.9247
0.00012439	1830.65698355
0.0001245	100.58198284
0.00012459	17.94519125
0.00012474	500.0
0.00012486	25.67940435
0.00012497	3014.3682189
0.00012498	29.9247
0.00012499	5259.34076331
0.000125	88134.7548075
0.00012501	25.05841193
0.00012506	61577.0
0.00012509	2003.55743864
0.00012521	7320.0
0.00012535	210.0
0.0001255	189.9325035
0.00012551	29.9247
0.00012556	7010.01167864
0.00012557	16.86390533
0.00011616	62186.298
0.00011617	2618.48651479
0.00011621	66.90870503
0.00011695	322.69706838
0.00011696	5.00767641
0.00011698	9145.08286688
0.00011699	2000.92367295
0.000117	85494.731656
0.00011702	27.0
0.0001172	50.0
0.00011722	100.0
0.00011729	173.73508665
0.0001173	778.72471693
0.00011766	18.94657067
0.00011775	198.39137489
0.00011777	500.48088701
0.00011779	93.0
0.00011799	15076.209
0.000118	1993.6907957
0.00011806	266.02755049
0.0001182	875.07676112
0.00011828	8.85940829
0.00011832	346.24987823
0.00011842	4.51023231
0.00011843	34570.9054352
0.00011888	300.0
0.00011893	5769.45932677
0.00011895	420.96294377
0.000119	9380.33981411
0.00011904	2105.38474462
0.0001195	1376.14745504
0.00011959	9497.38019638
0.00011966	612.96577898
0.00011976	130.68276214
0.00011979	2849.72859728
0.0001198	13365.9898099
0.0001199	19.51023231
0.00011997	3566.287935
0.00011998	1728.63603912
0.00011999	10797.4068058
0.00012	552372.200809
0.00012023	2084.54628628
0.00012074	81.93363376
0.00012075	620.3883092
0.00012091	206.7277334
0.000121	2938.5587546
0.00012101	420.09171342
0.00012109	200.0
0.00012115	515.37008876
0.00012138	4.51023231
0.00012143	2063.94630651
0.0001215	108.35416667
0.00012157	240.0
0.0001217	3660.0
0.00012177	513.28867974
0.00012198	270.0
0.000122	325.41160856
0.00012211	29.9247
0.0001222	17.77649079
0.00012222	5611.0
0.00012223	106.1159057
0.0001223	500.0
0.00012234	50.0
0.00012263	100.0
0.00012264	2043.5828441
0.00012268	38.34993102
0.00012277	132.81095431
0.00012286	4.51023231
0.000123	100.0
0.00012309	394.44200351
0.00012325	831.94328607
0.00012327	29.9247
0.00012332	20.88820361
0.00012345	1000.0
0.0001235	499.09761185
0.00012354	20.78330904
0.0001236	99.00961645
0.00012365	29.9247
0.00012375	4.24902028
0.00012386	2023.45389956
0.000124	23529.8243701
0.00012407	30.0
0.00012413	29.9247
0.00012429	4700.0
0.00012434	4.51023231
0.00012437	29.9247
0.00012439	1830.65698355
0.0001245	100.58198284
0.00012459	17.94519125
0.00012474	500.0
0.00012486	25.67940435
0.00012497	3014.3682189
0.00012498	29.9247
0.00012499	5259.34076331
0.000125	88134.7548075
0.00012501	25.05841193
0.00012506	61577.0
0.00012509	2003.55743864
0.00012521	7320.0
0.00012535	210.0
0.00011474	1000.0
0.00011597	69454.861
0.00011598	1465.04981957
0.00011621	66.90870503
0.00011698	9145.08286688
0.00011699	2000.92367295
0.000117	85494.731656
0.00011702	27.0
0.0001172	50.0
0.00011722	100.0
0.00011729	173.73508665
0.0001173	778.72471693
0.00011766	18.94657067
0.00011775	198.39137489
0.00011777	500.48088701
0.00011779	93.0
0.000118	1993.6907957
0.00011806	266.02755049
0.0001182	875.07676112
0.00011828	8.85940829
0.00011832	346.24987823
0.00011842	4.51023231
0.00011843	34570.9054352
0.00011888	300.0
0.00011895	420.96294377
0.000119	9380.33981411
0.00011904	2105.38474462
0.0001195	1376.14745504
0.00011959	9497.38019638
0.00011966	612.96577898
0.00011976	130.68276214
0.00011979	2849.72859728
0.0001198	13365.9898099
0.0001199	19.51023231
0.00011997	3566.287935
0.00011998	1728.63603912
0.00011999	10797.4068058
0.00012	552372.200809
0.00012023	2084.54628628
0.00012074	81.93363376
0.00012075	620.3883092
0.00012091	206.7277334
0.000121	2938.5587546
0.00012101	420.09171342
0.00012109	200.0
0.00012115	515.37008876
0.00012138	4.51023231
0.00012143	2063.94630651
0.0001215	108.35416667
0.00012157	240.0
0.0001217	3660.0
0.00012177	513.28867974
0.00012198	270.0
0.000122	325.41160856
0.00012211	29.9247
0.0001222	17.77649079
0.00012222	5611.0
0.00012223	106.1159057
0.0001223	500.0
0.00012234	50.0
0.00012263	100.0
0.00012264	2043.5828441
0.00012268	38.34993102
0.00012277	132.81095431
0.00012286	4.51023231
0.000123	100.0
0.00012309	394.44200351
0.00012325	831.94328607
0.00012327	29.9247
0.00012332	20.88820361
0.00012345	1000.0
0.0001235	499.09761185
0.00012354	20.78330904
0.0001236	99.00961645
0.00012365	29.9247
0.00012375	4.24902028
0.00012386	2023.45389956
0.000124	23529.8243701
0.00012407	30.0
0.00012413	29.9247
0.00012429	4700.0
0.00012434	4.51023231
0.00012437	29.9247
0.00012439	1830.65698355
0.0001245	100.58198284
0.00012459	17.94519125
0.00012474	500.0
0.00012486	25.67940435
0.00012497	3014.3682189
0.00012498	29.9247
0.00012499	5259.34076331
0.000125	88134.7548075
0.00012501	25.05841193
0.00012506	61577.0
0.00012509	2003.55743864
0.00012521	7320.0
0.00012535	210.0
0.0001255	189.9325035
0.00012551	29.9247
0.00012556	7010.01167864
0.00011474	1000.0
0.00011577	77699.223
0.00011578	1467.58056723
0.00011621	66.90870503
0.00011698	9145.08286688
0.00011699	2000.92367295
0.000117	85494.731656
0.00011702	27.0
0.0001172	50.0
0.00011722	100.0
0.00011729	173.73508665
0.0001173	778.72471693
0.00011766	18.94657067
0.00011775	198.39137489
0.00011777	500.48088701
0.00011779	93.0
0.000118	1993.6907957
0.00011806	266.02755049
0.0001182	875.07676112
0.00011828	8.85940829
0.00011832	346.24987823
0.00011842	4.51023231
0.00011843	34570.9054352
0.00011888	300.0
0.00011895	420.96294377
0.000119	9380.33981411
0.00011904	2105.38474462
0.0001195	1376.14745504
0.00011959	9497.38019638
0.00011966	612.96577898
0.00011976	130.68276214
0.00011979	2849.72859728
0.0001198	13365.9898099
0.0001199	19.51023231
0.00011997	3566.287935
0.00011998	1728.63603912
0.00011999	10797.4068058
0.00012	552372.200809
0.00012023	2084.54628628
0.00012074	81.93363376
0.00012075	620.3883092
0.00012091	206.7277334
0.000121	2938.5587546
0.00012101	420.09171342
0.00012109	200.0
0.00012115	515.37008876
0.00012138	4.51023231
0.00012143	2063.94630651
0.0001215	108.35416667
0.00012157	240.0
0.0001217	3660.0
0.00012177	513.28867974
0.00012198	270.0
0.000122	325.41160856
0.00012211	29.9247
0.0001222	17.77649079
0.00012222	5611.0
0.00012223	106.1159057
0.0001223	500.0
0.00012234	50.0
0.00012263	100.0
0.00012264	2043.5828441
0.00012268	38.34993102
0.00012277	132.81095431
0.00012286	4.51023231
0.000123	100.0
0.00012309	394.44200351
0.00012325	831.94328607
0.00012327	29.9247
0.00012332	20.88820361
0.00012345	1000.0
0.0001235	499.09761185
0.00012354	20.78330904
0.0001236	99.00961645
0.00012365	29.9247
0.00012375	4.24902028
0.00012386	2023.45389956
0.000124	23529.8243701
0.00012413	29.9247
0.00012429	4700.0
0.00012434	4.51023231
0.00012437	29.9247
0.00012439	1830.65698355
0.0001245	100.58198284
0.00012459	17.94519125
0.00012474	500.0
0.00012486	25.67940435
0.00012497	3014.3682189
0.00012498	29.9247
0.00012499	5259.34076331
0.000125	88134.7548075
0.00012501	25.05841193
0.00012506	61577.0
0.00012509	2003.55743864
0.00012521	7320.0
0.00012535	210.0
0.0001255	189.9325035
0.00012551	29.9247
0.00012556	7010.01167864
0.00012557	16.86390533
0.00011555	55139.693
0.00011556	4092.75212976
0.00011557	77.46449446
0.00011698	9145.08286688
0.00011699	2000.92367295
0.000117	85494.731656
0.00011702	27.0
0.0001172	50.0
0.00011722	100.0
0.00011729	173.73508665
0.0001173	778.72471693
0.00011766	18.94657067
0.00011775	198.39137489
0.00011777	500.48088701
0.00011779	93.0
0.00011799	20916.872
0.000118	1993.6907957
0.00011806	266.02755049
0.0001182	875.07676112
0.00011828	8.85940829
0.00011832	346.24987823
0.00011842	4.51023231
0.00011843	34570.9054352
0.00011888	300.0
0.00011895	420.96294377
0.000119	9380.33981411
0.00011904	2105.38474462
0.0001195	1376.14745504
0.00011959	9497.38019638
0.00011966	612.96577898
0.00011976	130.68276214
0.00011979	2849.72859728
0.0001198	13365.9898099
0.0001199	19.51023231
0.00011997	3566.287935
0.00011998	1728.63603912
0.00011999	10797.4068058
0.00012	553308.076702
0.00012023	2084.54628628
0.00012074	81.93363376
0.00012075	620.3883092
0.00012091	206.7277334
0.000121	2938.5587546
0.00012101	420.09171342
0.00012109	200.0
0.00012115	515.37008876
0.00012138	4.51023231
0.00012143	2063.94630651
0.0001215	108.35416667
0.00012157	240.0
0.0001217	3660.0
0.00012177	513.28867974
0.00012198	270.0
0.000122	325.41160856
0.00012211	29.9247
0.0001222	17.77649079
0.00012222	5611.0
0.00012223	106.1159057
0.0001223	500.0
0.00012234	50.0
0.00012263	100.0
0.00012264	2043.5828441
0.00012268	38.34993102
0.00012277	132.81095431
0.00012286	4.51023231
0.000123	100.0
0.00012309	394.44200351
0.00012325	831.94328607
0.00012327	29.9247
0.00012332	20.88820361
0.00012345	1000.0
0.0001235	499.09761185
0.00012354	20.78330904
0.0001236	99.00961645
0.00012365	29.9247
0.00012375	4.24902028
0.00012386	2023.45389956
0.000124	23529.8243701
0.00012413	29.9247
0.00012429	4700.0
0.00012434	4.51023231
0.00012437	29.9247
0.00012439	1830.65698355
0.0001245	100.58198284
0.00012459	17.94519125
0.00012474	500.0
0.00012486	25.67940435
0.00012497	3014.3682189
0.00012498	29.9247
0.00012499	5259.34076331
0.000125	88134.7548075
0.00012501	25.05841193
0.00012506	61577.0
0.00012509	2003.55743864
0.00012521	7320.0
0.00012535	210.0
0.0001255	189.9325035
0.00012551	29.9247
0.00012556	7010.01167864
0.00012557	16.86390533
0.00011474	651.6840915
0.00011537	26993.707
0.00011538	1472.66838338
0.00011557	77.46449446
0.00011696	200.0
0.00011698	9145.08286688
0.00011699	2000.92367295
0.000117	85494.731656
0.00011702	27.0
0.0001172	50.0
0.00011722	100.0
0.00011729	173.73508665
0.0001173	778.72471693
0.00011766	18.94657067
0.00011774	500.48088701
0.00011775	198.39137489
0.00011779	93.0
0.00011798	46404.925
0.000118	1993.6907957
0.00011806	266.02755049
0.0001182	875.07676112
0.00011828	8.85940829
0.00011832	346.24987823
0.00011842	4.51023231
0.00011843	34570.9054352
0.00011888	300.0
0.00011895	420.96294377
0.000119	9380.33981411
0.00011904	2105.38474462
0.0001195	1376.14745504
0.00011959	9497.38019638
0.00011966	612.96577898
0.00011976	130.68276214
0.00011979	2849.72859728
0.0001198	13365.9898099
0.0001199	19.51023231
0.00011997	3566.287935
0.00011998	1728.63603912
0.00011999	10797.4068058
0.00012	553308.076702
0.00012023	2084.54628628
0.00012074	81.93363376
0.00012075	620.3883092
0.00012091	206.7277334
0.000121	2938.5587546
0.00012101	420.09171342
0.00012109	200.0
0.00012115	515.37008876
0.00012138	4.51023231
0.00012143	2063.94630651
0.0001215	108.35416667
0.00012157	240.0
0.0001217	3660.0
0.00012177	513.28867974
0.00012198	270.0
0.000122	325.41160856
0.00012211	29.9247
0.0001222	17.77649079
0.00012222	5611.0
0.00012223	106.1159057
0.0001223	500.0
0.00012234	50.0
0.00012263	100.0
0.00012264	2043.5828441
0.00012268	38.34993102
0.00012277	132.81095431
0.00012286	4.51023231
0.000123	100.0
0.00012309	394.44200351
0.00012325	831.94328607
0.00012327	29.9247
0.00012332	20.88820361
0.00012345	1000.0
0.0001235	499.09761185
0.00012354	20.78330904
0.0001236	99.00961645
0.00012365	29.9247
0.00012375	4.24902028
0.00012386	2023.45389956
0.000124	23529.8243701
0.00012413	29.9247
0.00012429	4700.0
0.00012434	4.51023231
0.00012437	29.9247
0.00012439	1830.65698355
0.0001245	100.58198284
0.00012459	17.94519125
0.00012474	500.0
0.00012486	25.67940435
0.00012497	3014.3682189
0.00012498	29.9247
0.00012499	5259.34076331
0.000125	88134.7548075
0.00012501	25.05841193
0.00012506	61577.0
0.00012509	2003.55743864
0.00012521	7320.0
0.00012535	210.0
0.0001255	189.9325035
0.00012551	29.9247
