0.00011416	4694.47278624
0.00011409	36108.106
0.00011408	1482.02151423
0.00011401	28.74940751
0.00011399	25066.0251542
0.00011343	969.76108613
0.00011342	110.0
0.00011341	88116.0
0.0001134	3025.51954791
0.00011203	38668.734
0.000112	1143.70002812
0.00011159	30.0
0.00011095	88116.0
0.00011024	76.25
0.00011	1006.56818182
0.00010987	4.55044167
0.00010973	243.72698464
0.00010972	12051.9110962
0.0001097	2609.227094
0.0001096	2753.0994797
0.00010958	40145.1513032
0.0001095	1821.91780822
0.00010943	290.0
0.00010916	1000.0
0.00010891	4.59073838
0.00010874	1742.91888909
0.0001087	4534.09090909
0.00010865	758.81169995
0.00010856	455.0020537
0.000108	1864.80189393
0.00010795	4.63175517
0.00010793	277.26304086
0.00010764	330.23268748
0.00010763	4633.93106011
0.0001075	1000.0
0.00010745	200.0
0.000107	1864.80189393
0.00010698	4.67351151
0.00010682	21.06332864
0.0001068	1655.77939045
0.00010631	938.29953382
0.0001063	40.42615239
0.0001062	1813.32938838
0.00010619	37.53292258
0.0001061	260.0
0.00010603	940.77735962
0.00010602	4.71602758
0.00010601	11900.0
0.000106	12553.2236807
0.00010593	21.23860621
0.00010591	67.52198423
0.00010575	9.11936667
0.0001057	5433.0
0.00010569	6000.0
0.00010568	5000.0
0.00010564	1230.34310972
0.00010519	1517.26387988
0.00010514	972.90478667
0.0001051	50.0
0.00010505	26.17614972
0.000105	23709.294585
0.00010499	4.78218545
0.00010493	1227.60764149
0.00010456	400.0
0.00010417	21.59806087
0.00010409	4.80342341
0.000104	19479.6179748
0.00010385	110.0
0.00010375	1000.0
0.00010341	964.74503626
0.0001034	14.0
0.00010329	21.78238985
0.00010312	971.20200962
0.00010303	1543.91112619
0.00010299	4842.70317507
0.0001029	40.71127308
0.00010287	4.94531934
0.00010285	1000.0
0.00010275	6.10306863
0.00010251	11173.0158911
0.0001025	5414.24723854
0.00010241	21.96989224
0.00010237	4050.07664697
0.00010216	4.89411958
0.000102	48855.3044515
0.00010189	978.9969575
0.00010153	22.16065068
0.00010138	9839.21878082
0.00010124	165.654894
0.00010123	98.53798281
0.00010122	461.3712705
0.00010119	4.94076427
0.00010116	4930.3084223
0.000101	4943.35608193
0.00010073	2000.0
0.00010069	368.05986617
0.00010064	22.35475075
0.00010051	627.05581403
0.0001005	400.3315709
0.00010038	135.0
0.00011418	13808.97
0.00011417	6175.91873253
0.0001141	87.42331288
0.00011401	28.74940751
0.00011399	25066.0251542
0.00011346	60714.194
0.00011345	88116.0
0.0001134	3025.51954791
0.000112	1128.70002812
0.00011159	30.0
0.00011095	88116.0
0.00011024	76.25
0.00011	1006.56818182
0.00010987	4.55044167
0.00010973	243.72698464
0.00010972	12051.9110962
0.0001097	2609.227094
0.0001096	2753.0994797
0.00010958	40145.1513032
0.0001095	1821.91780822
0.00010943	300.0
0.00010916	1000.0
0.00010891	4.59073838
0.00010874	1742.91888909
0.0001087	4534.09090909
0.00010865	758.81169995
0.00010856	455.0020537
0.000108	1864.80189393
0.00010795	4.63175517
0.00010793	277.26304086
0.00010766	536.12036502
0.00010763	4633.93106011
0.0001075	1000.0
0.00010745	200.0
0.000107	1864.80189393
0.00010698	4.67351151
0.00010682	21.06332864
0.0001068	1655.77939045
0.00010631	938.29953382
0.0001063	40.42615239
0.0001062	1813.32938838
0.00010619	37.53292258
0.0001061	260.0
0.00010603	940.77735962
0.00010602	4.71602758
0.00010601	11900.0
0.000106	12553.2236807
0.00010593	21.23860621
0.00010591	67.52198423
0.00010575	9.11936667
0.0001057	5433.0
0.00010569	6000.0
0.00010568	5000.0
0.00010564	1230.34310972
0.00010519	1517.26387988
0.00010514	972.90478667
0.0001051	50.0
0.00010505	26.17614972
0.000105	23709.294585
0.00010499	4.78218545
0.00010493	1227.60764149
0.00010456	400.0
0.00010417	21.59806087
0.00010409	4.80342341
0.000104	19379.6179748
0.00010385	110.0
0.00010375	1000.0
0.00010341	964.74503626
0.0001034	14.0
0.00010329	21.78238985
0.00010312	971.20200962
0.00010303	1543.91112619
0.00010299	4842.70317507
0.0001029	40.71127308
0.00010287	4.94531934
0.00010285	1000.0
0.00010275	6.10306863
0.00010251	11173.0158911
0.0001025	5414.24723854
0.00010241	21.96989224
0.00010237	4050.07664697
0.00010216	4.89411958
0.000102	48855.3044515
0.00010189	978.9969575
0.00010153	22.16065068
0.00010138	10004.6285748
0.00010123	98.53798281
0.00010122	461.3712705
0.00010119	4.94076427
0.00010116	4930.3084223
0.000101	4943.35608193
0.00010073	2000.0
0.00010069	368.05986617
0.00010064	22.35475075
0.00010051	627.05581403
0.0001005	400.3315709
0.00010038	135.0
0.00010033	1000.0
0.00010029	440.0
0.00010023	4.98830664
0.00011441	5087.34466086
0.00011439	18801.511
0.00011421	1480.33459717
0.0001142	15.0
0.0001141	87.42331288
0.00011401	28.74940751
0.00011399	66.02515418
0.00011347	969.41922975
0.00011346	100.0
0.00011345	88116.0
0.0001134	3025.51954791
0.000112	1128.70002812
0.00011159	30.0
0.00011095	88116.0
0.00011024	76.25
0.00011001	24517.744
0.00011	1006.56818182
0.00010994	1000.0
0.00010987	4.55044167
0.00010973	25041.0229846
0.00010972	12051.9110962
0.0001097	2609.227094
0.0001096	2753.0994797
0.00010958	40145.1513032
0.0001095	1821.91780822
0.00010943	300.0
0.00010891	4.59073838
0.00010874	1742.91888909
0.0001087	4534.09090909
0.00010865	758.81169995
0.00010856	455.0020537
0.000108	2394.63688066
0.00010795	4.63175517
0.00010793	277.26304086
0.00010763	4633.93106011
0.0001075	1000.0
0.00010745	200.0
0.000107	1864.80189393
0.00010698	4.67351151
0.00010696	285.47961855
0.00010682	21.06332864
0.0001068	1655.77939045
0.00010631	938.29953382
0.0001063	40.42615239
0.0001062	1813.32938838
0.00010619	37.53292258
0.0001061	260.0
0.00010603	940.77735962
0.00010602	4.71602758
0.00010601	11900.0
0.000106	3142.84632223
0.00010593	21.23860621
0.00010591	67.52198423
0.00010575	9.11936667
0.0001057	5433.0
0.00010569	6000.0
0.00010568	5000.0
0.00010564	1230.34310972
0.00010519	1517.26387988
0.00010514	972.90478667
0.0001051	50.0
0.00010505	26.17614972
0.000105	23709.294585
0.00010499	4.78218545
0.00010493	1227.60764149
0.00010456	400.0
0.00010417	21.59806087
0.00010409	4.80342341
0.000104	19379.6179748
0.00010385	110.0
0.00010375	1000.0
0.00010341	964.74503626
0.0001034	14.0
0.00010329	21.78238985
0.00010312	971.20200962
0.00010303	1543.91112619
0.00010299	4842.70317507
0.0001029	40.71127308
0.00010287	4.94531934
0.00010285	1000.0
0.00010275	6.10306863
0.00010251	11173.0158911
0.0001025	5414.24723854
0.00010241	21.96989224
0.00010237	4050.07664697
0.00010216	4.89411958
0.000102	48855.3044515
0.00010189	978.9969575
0.00010153	22.16065068
0.00010138	10004.6285748
0.00010123	98.53798281
0.00010122	461.3712705
0.00010119	4.94076427
0.00010116	4930.3084223
0.000101	4943.35608193
0.00010073	2000.0
0.00010069	368.05986617
0.00010064	22.35475075
0.00010051	627.05581403
0.0001005	400.3315709
0.00011581	25000.0
0.00011576	955.24544192
0.00011481	1472.59833066
0.0001148	5000.0
0.00011454	24209.045
0.00011401	28.74940751
0.00011374	967.16050468
0.00011348	100.0
0.00011347	88116.0
0.0001134	3025.51954791
0.00011201	47143.133
0.000112	1128.70002812
0.00011159	30.0
0.00011097	5245.04913625
0.00011095	88116.0
0.00011024	76.25
0.00011	1006.56818182
0.00010994	1024.29986652
0.00010987	4.55044167
0.00010973	243.72698464
0.00010972	12051.9110962
0.0001097	2609.227094
0.0001096	2753.0994797
0.00010958	40145.1513032
0.0001095	1821.91780822
0.00010892	389.40669181
0.00010891	4.59073838
0.00010874	1742.91888909
0.0001087	4534.09090909
0.00010865	758.81169995
0.00010856	455.0020537
0.000108	1864.80189393
0.00010795	4.63175517
0.00010793	277.26304086
0.00010763	4633.93106011
0.0001075	1000.0
0.00010745	200.0
0.000107	1864.80189393
0.00010698	4.67351151
0.00010696	285.47961855
0.00010682	21.06332864
0.0001068	1655.77939045
0.00010631	938.29953382
0.0001063	40.42615239
0.0001062	1813.32938838
0.00010619	37.53292258
0.00010603	940.77735962
0.00010602	4.71602758
0.00010601	11900.0
0.000106	3142.84632223
0.00010593	21.23860621
0.00010591	67.52198423
0.00010575	9.11936667
0.0001057	5433.0
0.00010569	6000.0
0.00010568	5000.0
0.00010564	1230.34310972
0.00010519	1517.26387988
0.00010514	972.90478667
0.0001051	50.0
0.00010505	26.17614972
0.000105	23709.294585
0.00010499	4.78218545
0.00010493	1227.60764149
0.00010456	400.0
0.00010417	21.59806087
0.00010409	4.80342341
0.000104	19379.6179748
0.00010385	110.0
0.00010375	1000.0
0.00010341	964.74503626
0.0001034	14.0
0.00010329	21.78238985
0.00010312	971.20200962
0.00010303	1543.91112619
0.00010299	4842.70317507
0.0001029	40.71127308
0.00010287	4.94531934
0.00010285	1000.0
0.00010275	6.10306863
0.00010251	11173.0158911
0.0001025	5414.24723854
0.00010241	21.96989224
0.00010237	4050.07664697
0.00010216	4.89411958
0.000102	48855.3044515
0.00010189	978.9969575
0.00010153	22.16065068
0.00010138	10004.6285748
0.00010123	98.53798281
0.00010122	461.3712705
0.00010119	4.94076427
0.00010116	4930.3084223
0.000101	4943.35608193
0.00010073	2000.0
0.00010069	368.05986617
0.00010064	22.35475075
0.00010051	627.05581403
0.0001005	400.3315709
0.00010038	135.0
0.00011581	22434.9875427
0.00011576	955.24544192
0.00011481	1472.59833066
0.0001148	5000.0
0.00011458	7000.608
0.00011401	28.74940751
0.00011349	969.24839193
0.00011348	100.0
0.00011347	88116.0
0.00011341	29004.883
0.0001134	3025.51954791
0.000112	1128.70002812
0.00011159	30.0
0.00011097	5245.04913625
0.00011095	88116.0
0.00011024	76.25
0.00011	1006.56818182
0.00010994	1024.29986652
0.00010987	4.55044167
0.00010973	243.72698464
0.00010972	12051.9110962
0.0001097	2609.227094
0.0001096	2753.0994797
0.00010958	40145.1513032
0.0001095	1821.91780822
0.00010943	300.0
0.00010892	389.40669181
0.00010891	4.59073838
0.00010874	1742.91888909
0.0001087	4534.09090909
0.00010865	758.81169995
0.00010856	455.0020537
0.000108	11100.9621411
0.00010795	4.63175517
0.00010793	277.26304086
0.00010764	926.70590339
0.00010763	4633.93106011
0.0001075	1000.0
0.00010745	200.0
0.000107	9790.1295715
0.00010698	4.67351151
0.00010696	285.47961855
0.00010682	21.06332864
0.0001068	1655.77939045
0.00010632	938.21128142
0.0001063	40.42615239
0.0001062	1813.32938838
0.00010619	37.53292258
0.0001061	260.0
0.00010602	4.71602758
0.00010601	11900.0
0.000106	3142.84632223
0.00010593	21.23860621
0.00010591	67.52198423
0.00010575	9.11936667
0.0001057	5433.0
0.00010569	6000.0
0.00010568	5000.0
0.00010564	1230.34310972
0.00010519	1517.26387988
0.00010514	972.90478667
0.0001051	50.0
0.00010505	26.17614972
0.000105	23709.294585
0.00010499	4.78218545
0.00010493	1227.60764149
0.00010456	400.0
0.00010417	21.59806087
0.00010409	4.80342341
0.000104	19379.6179748
0.00010385	110.0
0.00010375	1000.0
0.00010341	964.74503626
0.0001034	14.0
0.00010329	21.78238985
0.00010312	971.20200962
0.00010303	1543.91112619
0.00010299	4842.70317507
0.0001029	40.71127308
0.00010287	4.94531934
0.00010285	1000.0
0.00010275	6.10306863
0.00010252	163.58643
0.00010251	11173.0158911
0.0001025	5414.24723854
0.00010241	21.96989224
0.00010237	4050.07664697
0.00010216	4.89411958
0.000102	48855.3044515
0.00010189	978.9969575
0.00010153	22.16065068
0.00010138	9839.21878082
0.00010123	98.53798281
0.00010122	461.3712705
0.00010119	4.94076427
0.00010116	4930.3084223
0.000101	4943.35608193
0.00010073	2000.0
0.00010069	368.05986617
0.00010064	22.35475075
0.00011581	19381.8713914
0.00011576	955.24544192
0.00011487	6156.175
0.00011486	1471.95729012
0.0001148	5000.0
0.00011401	28.74940751
0.00011349	969.24839193
0.00011348	100.0
0.00011347	88116.0
0.00011342	32256.378
0.0001134	3025.51954791
0.000112	1128.70002812
0.00011159	30.0
0.00011099	5244.1039972
0.00011097	5156.98942552
0.00011095	88116.0
0.00011024	76.25
0.00011	1006.56818182
0.00010994	1024.29986652
0.00010987	4.55044167
0.00010973	243.72698464
0.00010972	12051.9110962
0.0001097	2609.227094
0.0001096	2753.0994797
0.00010958	40145.1513032
0.0001095	1821.91780822
0.00010943	300.0
0.00010891	4.59073838
0.00010874	1742.91888909
0.00010871	1201.92319334
0.0001087	4534.09090909
0.00010865	758.81169995
0.00010856	455.0020537
0.000108	11100.9621411
0.00010795	4.63175517
0.00010793	277.26304086
0.00010764	926.70590339
0.00010763	4633.93106011
0.0001075	1000.0
0.00010745	200.0
0.000107	9790.1295715
0.00010698	4.67351151
0.00010696	285.47961855
0.00010682	21.06332864
0.0001068	1655.77939045
0.00010632	938.21128142
0.0001063	40.42615239
0.0001062	1813.32938838
0.00010619	37.53292258
0.0001061	260.0
0.00010602	9413.37707597
0.00010601	11900.0
0.000106	3142.84632223
0.00010593	21.23860621
0.00010591	67.52198423
0.00010575	9.11936667
0.0001057	5433.0
0.00010569	6000.0
0.00010568	5000.0
0.00010564	1230.34310972
0.00010519	1517.26387988
0.00010514	972.90478667
0.0001051	50.0
0.00010505	26.17614972
0.000105	23709.294585
0.00010499	4.78218545
0.00010493	1227.60764149
0.00010456	400.0
0.00010417	21.59806087
0.00010409	4.80342341
0.000104	19379.6179748
0.00010385	110.0
0.00010375	1000.0
0.00010341	964.74503626
0.0001034	14.0
0.00010329	21.78238985
0.00010312	971.20200962
0.00010303	1543.91112619
0.00010299	4842.70317507
0.0001029	40.71127308
0.00010287	4.94531934
0.00010285	1000.0
0.00010275	6.10306863
0.00010252	163.58643
0.00010251	11173.0158911
0.0001025	5414.24723854
0.00010241	21.96989224
0.00010237	4050.07664697
0.00010216	4.89411958
0.000102	48855.3044515
0.00010189	978.9969575
0.00010153	22.16065068
0.00010138	9839.21878082
0.00010123	98.53798281
0.00010122	461.3712705
0.00010119	4.94076427
0.00010116	4930.3084223
0.000101	4943.35608193
0.00010073	2000.0
0.00010069	368.05986617
0.00011614	1730.76279079
0.00011591	345.27501661
0.00011581	18747.9277528
0.00011576	955.24544192
0.00011491	15893.3968074
0.00011401	28.74940751
0.00011392	965.58988764
0.00011348	32689.23
0.00011347	88116.0
0.0001134	3025.51954791
0.000112	1128.70002812
0.00011159	30.0
0.00011099	5244.1039972
0.00011097	5156.98942552
0.00011095	88116.0
0.00011024	76.25
0.00011	1006.56818182
0.00010994	1024.29986652
0.00010987	4.55044167
0.00010973	243.72698464
0.00010972	12051.9110962
0.0001097	2609.227094
0.0001096	2753.0994797
0.00010958	40145.1513032
0.0001095	1821.91780822
0.00010943	300.0
0.00010891	4.59073838
0.00010874	1742.91888909
0.0001087	4534.09090909
0.00010865	758.81169995
0.00010856	455.0020537
0.000108	11783.1651907
0.00010795	4.63175517
0.00010793	277.26304086
0.00010773	200.0
0.00010764	926.70590339
0.00010763	4633.93106011
0.0001075	1000.0
0.000107	9790.1295715
0.00010698	4.67351151
0.00010696	285.47961855
0.0001068	1655.77939045
0.00010633	1811.11239581
0.00010632	938.21128142
0.0001063	40.42615239
0.00010619	37.53292258
0.0001061	260.0
0.00010602	9413.37707597
0.00010601	11900.0
0.000106	3142.84632223
0.00010591	67.52198423
0.00010575	9.11936667
0.0001057	5433.0
0.00010569	6000.0
0.00010568	5000.0
0.00010564	1230.34310972
0.00010519	1517.26387988
0.00010514	972.90478667
0.0001051	50.0
0.00010505	4.75932432
0.000105	23709.294585
0.00010499	4.78218545
0.00010493	1227.60764149
0.00010456	400.0
0.00010409	4.80342341
0.000104	19379.6179748
0.00010385	110.0
0.00010375	1000.0
0.00010341	964.74503626
0.0001034	14.0
0.00010312	971.20200962
0.00010303	1543.91112619
0.00010299	4842.70317507
0.0001029	40.71127308
0.00010287	4.94531934
0.00010285	1000.0
0.00010275	6.10306863
0.00010252	163.58643
0.00010251	11173.0158911
0.0001025	5414.24723854
0.00010237	4050.07664697
0.00010216	4.89411958
0.000102	48855.3044515
0.00010189	978.9969575
0.00010138	9839.21878082
0.00010123	98.53798281
0.00010122	461.3712705
0.00010119	4.94076427
0.00010116	4930.3084223
0.000101	4943.35608193
0.00010073	2000.0
0.00010069	368.05986617
0.00010051	627.05581403
0.0001005	400.3315709
0.00010038	135.0
0.00010033	1000.0
0.00010029	440.0
0.00010023	4.98830664
0.00010018	30.0
0.00010007	240.0
0.00011614	9.87458718
0.00011601	344.97739139
0.000116	85.99137931
0.00011581	18747.9277528
0.00011576	955.24544192
0.00011423	1480.07541226
0.00011422	46293.953
0.00011401	28.74940751
0.00011348	1069.37651465
0.00011347	88116.0
0.0001134	3025.51954791
0.00011208	5193.10405647
0.00011206	88116.0
0.000112	1128.70002812
0.00011159	30.0
0.00011097	5156.98942552
0.00011024	76.25
0.00011	1006.56818182
0.00010994	1024.29986652
0.00010987	4.55044167
0.00010973	243.72698464
0.00010972	12051.9110962
0.0001097	2609.227094
0.0001096	2753.0994797
0.00010958	40145.1513032
0.0001095	1821.91780822
0.00010943	300.0
0.00010891	4.59073838
0.00010874	1742.91888909
0.0001087	4534.09090909
0.00010865	758.81169995
0.00010856	455.0020537
0.000108	11783.1651907
0.00010795	4.63175517
0.00010793	277.26304086
0.00010773	200.0
0.00010765	2744.04420988
0.00010764	926.70590339
0.00010763	4633.93106011
0.0001075	1000.0
0.000107	9790.1295715
0.00010698	4.67351151
0.00010696	285.47961855
0.0001068	1676.84485771
0.00010633	1811.11239581
0.00010632	938.21128142
0.0001063	40.42615239
0.00010619	37.53292258
0.0001061	260.0
0.00010602	9413.37707597
0.00010601	11900.0
0.000106	3142.84632223
0.00010591	88.76493962
0.00010575	9.11936667
0.0001057	5433.0
0.00010569	6000.0
0.00010568	5000.0
0.00010564	1230.34310972
0.00010519	1517.26387988
0.00010514	972.90478667
0.0001051	50.0
0.00010505	4.75932432
0.00010502	21.42345981
0.000105	23709.294585
0.00010499	4.78218545
0.00010493	1227.60764149
0.00010456	400.0
0.00010413	21.60705806
0.00010409	4.80342341
0.000104	19379.6179748
0.00010385	110.0
0.00010375	1000.0
0.00010341	964.74503626
0.0001034	14.0
0.00010324	21.79383036
0.00010312	971.20200962
0.00010303	1543.91112619
0.00010299	4842.70317507
0.0001029	40.71127308
0.00010287	4.94531934
0.00010285	1000.0
0.00010275	6.10306863
0.00010252	163.58643
0.00010251	11173.0158911
0.0001025	5414.24723854
0.00010237	4050.07664697
0.00010234	21.98385976
0.00010216	4.89411958
0.000102	48855.3044515
0.00010189	978.9969575
0.00010145	22.1772322
0.00010138	9839.21878082
0.00010123	98.53798281
0.00010122	461.3712705
0.00010119	4.94076427
0.00010116	4930.3084223
0.000101	4943.35608193
0.00010073	2000.0
0.00010069	368.05986617
0.00010056	22.37403668
0.00011614	2929.28078557
0.000116	85.99137931
0.00011581	18747.9277528
0.00011576	955.24544192
0.00011501	1470.03751276
0.000115	8700.0
0.00011443	53966.078
0.00011429	88116.0
0.00011401	28.74940751
0.00011348	100.0
0.0001134	3025.51954791
0.00011214	5190.32550963
0.00011206	88116.0
0.000112	1128.70002812
0.00011159	30.0
0.00011097	5156.98942552
0.00011024	76.25
0.00011003	1000.0
0.00011	1006.56818182
0.00010994	24.29986652
0.00010987	4.55044167
0.00010973	243.72698464
0.00010972	12051.9110962
0.0001097	2609.227094
0.0001096	2753.0994797
0.00010958	40145.1513032
0.0001095	1821.91780822
0.00010943	300.0
0.00010891	4.59073838
0.00010874	1742.91888909
0.0001087	4534.09090909
0.00010865	758.81169995
0.00010856	455.0020537
0.000108	11783.1651907
0.00010795	4.63175517
0.00010793	277.26304086
0.00010773	200.0
0.00010764	926.70590339
0.00010763	4633.93106011
0.0001075	1000.0
0.000107	9790.1295715
0.00010698	4.67351151
0.00010696	285.47961855
0.0001068	1676.84485771
0.00010633	1811.11239581
0.0001063	40.42615239
0.00010619	37.53292258
0.0001061	260.0
0.00010602	9413.37707597
0.00010601	11900.0
0.000106	3142.84632223
0.00010591	88.76493962
0.00010575	9.11936667
0.0001057	5433.0
0.00010569	6000.0
0.00010568	5000.0
0.00010564	1230.34310972
0.00010519	1517.26387988
0.00010514	972.90478667
0.0001051	50.0
0.00010505	4.75932432
0.00010502	21.42345981
0.000105	23709.294585
0.00010499	4.78218545
0.00010493	1227.60764149
0.00010456	400.0
0.00010413	21.60705806
0.00010409	4.80342341
0.000104	19379.6179748
0.00010385	110.0
0.00010375	1000.0
0.00010342	162.162701
0.00010341	964.74503626
0.0001034	14.0
0.00010324	21.79383036
0.00010312	971.20200962
0.00010303	1543.91112619
0.00010299	4842.70317507
0.0001029	40.71127308
0.00010287	4.94531934
0.00010285	1000.0
0.00010275	6.10306863
0.00010251	11173.0158911
0.0001025	5414.24723854
0.00010237	4050.07664697
0.00010234	21.98385976
0.00010216	4.89411958
0.000102	48855.3044515
0.00010189	978.9969575
0.00010145	22.1772322
0.00010138	9839.21878082
0.00010123	98.53798281
0.00010122	461.3712705
0.00010119	4.94076427
0.00010116	4930.3084223
0.000101	4943.35608193
0.00010073	2000.0
0.00010069	368.05986617
0.00010056	22.37403668
0.00010051	627.05581403
0.00011614	112.59337953
0.000116	85.99137931
0.00011581	18747.9277528
0.00011576	955.24544192
0.00011501	1470.03751276
0.000115	8700.0
0.00011448	13208.989
0.00011444	576.74158482
0.00011429	88116.0
0.00011401	28.74940751
0.00011348	100.0
0.0001134	3025.51954791
0.00011223	5186.16325982
0.00011206	88116.0
0.000112	1128.70002812
0.00011159	30.0
0.00011097	5156.98942552
0.00011024	76.25
0.00011003	1000.0
0.00011	1006.56818182
0.00010994	24.29986652
0.00010987	4.55044167
0.00010973	243.72698464
0.00010972	12051.9110962
0.0001097	2609.227094
0.0001096	2753.0994797
0.00010958	40145.1513032
0.0001095	1821.91780822
0.00010943	300.0
0.00010891	4.59073838
0.00010874	1742.91888909
0.0001087	4534.09090909
0.00010865	758.81169995
0.00010856	455.0020537
0.000108	17433.1651907
0.00010795	4.63175517
0.00010793	277.26304086
0.00010774	925.84577168
0.00010773	200.0
0.00010764	3264.45698211
0.00010763	4633.93106011
0.0001075	1000.0
0.000107	9790.1295715
0.00010698	4.67351151
0.00010696	285.47961855
0.00010681	933.90715701
0.0001068	1676.84485771
0.00010633	1811.11239581
0.0001063	40.42615239
0.00010619	37.53292258
0.0001061	260.0
0.00010602	9413.37707597
0.00010601	11900.0
0.000106	3142.84632223
0.00010591	88.76493962
0.00010575	9.11936667
0.0001057	5433.0
0.00010569	6000.0
0.00010568	5000.0
0.00010564	1230.34310972
0.00010519	1517.26387988
0.00010514	972.90478667
0.0001051	50.0
0.00010505	4.75932432
0.00010502	21.42345981
0.000105	23709.294585
0.00010499	4.78218545
0.00010493	1227.60764149
0.00010456	400.0
0.00010413	21.60705806
0.00010409	4.80342341
0.000104	19379.6179748
0.00010385	110.0
0.00010342	162.162701
0.00010341	964.74503626
0.0001034	14.0
0.00010324	21.79383036
0.00010312	971.20200962
0.00010303	1543.91112619
0.00010299	4842.70317507
0.0001029	40.71127308
0.00010287	4.94531934
0.00010285	1000.0
0.00010275	6.10306863
0.00010251	11173.0158911
0.0001025	5414.24723854
0.00010237	4050.07664697
0.00010234	21.98385976
0.00010216	4.89411958
0.000102	48855.3044515
0.00010189	978.9969575
0.00010145	22.1772322
0.00010138	9839.21878082
0.00010123	98.53798281
0.00010122	461.3712705
0.00010119	4.94076427
0.00010116	4930.3084223
0.000101	4943.35608193
0.00010073	2000.0
0.00010069	368.05986617
0.00011615	2432.20600401
0.00011614	13112.5933795
0.000116	85.99137931
0.00011581	464.98754274
0.00011576	955.24544192
0.00011501	1470.03751276
0.000115	8700.0
0.00011448	13248.444
0.00011429	88116.0
0.00011401	28.74940751
0.00011351	27293.098
0.0001135	5128.13306299
0.00011348	100.0
0.0001134	3025.51954791
0.00011206	88116.0
0.000112	1128.70002812
0.00011159	30.0
0.00011097	5156.98942552
0.00011024	76.25
0.00011003	1000.0
0.00011002	22001.0
0.00011	1006.56818182
0.00010994	24.29986652
0.00010987	4.55044167
0.00010973	243.72698464
0.00010972	12051.9110962
0.0001097	2609.227094
0.0001096	2753.0994797
0.00010958	26045.1513032
0.0001095	1821.91780822
0.00010943	300.0
0.00010892	845.01767188
0.00010891	4.59073838
0.00010875	3962.53386989
0.00010874	1742.91888909
0.0001087	4534.09090909
0.00010865	758.81169995
0.00010856	455.0020537
0.000108	16750.9621412
0.00010795	4.63175517
0.00010793	277.26304086
0.00010774	925.84577168
0.00010773	200.0
0.00010763	4633.93106011
0.0001075	1000.0
0.000107	9790.1295715
0.00010698	4.67351151
0.00010696	285.47961855
0.00010681	933.90715701
0.0001068	1676.84485771
0.00010633	1811.11239581
0.0001063	40.42615239
0.00010619	37.53292258
0.0001061	260.0
0.00010602	9413.37707597
0.00010601	11900.0
0.000106	3142.84632223
0.00010591	88.76493962
0.00010575	9.11936667
0.0001057	5433.0
0.00010569	6000.0
0.00010568	5000.0
0.00010564	1230.34310972
0.00010519	1517.26387988
0.00010514	972.90478667
0.0001051	50.0
0.00010505	4.75932432
0.00010502	21.42345981
0.000105	23709.294585
0.00010499	4.78218545
0.00010493	1227.60764149
0.00010456	400.0
0.00010413	21.60705806
0.00010409	4.80342341
0.000104	19379.6179748
0.00010385	110.0
0.00010342	162.162701
0.00010341	964.74503626
0.0001034	14.0
0.00010324	21.79383036
0.00010312	971.20200962
0.00010303	1543.91112619
0.00010299	4842.70317507
0.0001029	40.71127308
0.00010287	4.94531934
0.00010285	1000.0
0.00010275	6.10306863
0.00010251	11173.0158911
0.0001025	5414.24723854
0.00010237	4050.07664697
0.00010234	21.98385976
0.00010216	4.89411958
0.000102	48855.3044515
0.00010189	978.9969575
0.00010145	22.1772322
0.00010138	9839.21878082
0.00010123	98.53798281
0.00010122	461.3712705
0.00010119	4.94076427
0.00010116	4930.3084223
0.00011615	1192.50002903
0.00011614	10800.2378085
0.000116	85.99137931
0.00011581	464.98754274
0.00011576	955.24544192
0.00011502	479.69996947
0.00011501	1470.03751276
0.000115	8700.0
0.00011468	9517.913
0.00011448	13248.444
0.00011429	88116.0
0.00011401	28.74940751
0.00011351	19767.482
0.00011348	100.0
0.0001134	3025.51954791
0.00011208	5193.10405647
0.00011206	88116.0
0.000112	1128.70002812
0.00011159	30.0
0.00011097	5156.98942552
0.00011067	16072.5304876
0.00011024	76.25
0.00011003	1000.0
0.00011002	22001.0
0.00011	1006.56818182
0.00010994	24.29986652
0.00010987	4.55044167
0.00010973	243.72698464
0.00010972	12051.9110962
0.0001097	2609.227094
0.0001096	2753.0994797
0.00010958	26045.1513032
0.0001095	1821.91780822
0.00010943	300.0
0.00010892	845.01767188
0.00010891	4.59073838
0.00010874	1742.91888909
0.0001087	4534.09090909
0.00010865	758.81169995
0.00010856	455.0020537
0.000108	16750.9621412
0.00010795	4.63175517
0.00010793	277.26304086
0.00010774	925.84577168
0.00010773	200.0
0.00010763	4633.93106011
0.0001075	1000.0
0.000107	9790.1295715
0.00010698	4.67351151
0.00010696	285.47961855
0.00010681	933.90715701
0.0001068	1676.84485771
0.00010631	1811.45311868
0.0001063	40.42615239
0.00010619	37.53292258
0.0001061	260.0
0.00010602	9413.37707597
0.00010601	11900.0
0.000106	3142.84632223
0.00010591	88.76493962
0.00010575	9.11936667
0.0001057	5433.0
0.00010569	6000.0
0.00010568	5000.0
0.00010564	1230.34310972
0.00010519	1517.26387988
0.00010514	972.90478667
0.0001051	50.0
0.00010505	4.75932432
0.00010502	21.42345981
0.000105	23709.294585
0.00010499	4.78218545
0.00010493	1227.60764149
0.00010456	400.0
0.00010413	21.60705806
0.00010409	4.80342341
0.000104	19379.6179748
0.00010385	110.0
0.00010342	162.162701
0.00010341	964.74503626
0.0001034	14.0
0.00010324	21.79383036
0.00010312	971.20200962
0.00010303	1543.91112619
0.00010299	4842.70317507
0.0001029	40.71127308
0.00010287	4.94531934
0.00010285	1000.0
0.00010275	6.10306863
0.00010251	11173.0158911
0.0001025	5414.24723854
0.00010237	4050.07664697
0.00010234	21.98385976
0.00010216	4.89411958
0.000102	48855.3044515
0.00010189	978.9969575
0.00010145	22.1772322
0.00010138	9839.21878082
0.00010123	98.53798281
0.00010122	461.3712705
0.000115	8700.0
0.0001147	1474.01058712
0.00011431	48180.898
0.0001143	962.37970254
0.00011429	88116.0
0.00011401	28.74940751
0.00011348	100.0
0.0001134	3025.51954791
0.00011208	5193.10405647
0.00011206	88116.0
0.000112	1128.70002812
0.00011159	30.0
0.00011097	5156.98942552
0.00011067	16072.5304876
0.00011024	76.25
0.00011003	1000.0
0.00011002	22001.0
0.00011	1006.56818182
0.00010994	24.29986652
0.00010987	4.55044167
0.00010973	243.72698464
0.00010972	12051.9110962
0.0001097	2609.227094
0.0001096	2753.0994797
0.00010958	26045.1513032
0.0001095	1821.91780822
0.00010943	300.0
0.00010892	803.3338423
0.00010891	4.59073838
0.00010874	1742.91888909
0.0001087	4534.09090909
0.00010865	758.81169995
0.00010856	455.0020537
0.000108	16750.9621412
0.00010795	4.63175517
0.00010793	277.26304086
0.00010774	925.84577168
0.00010773	200.0
0.00010763	4633.93106011
0.0001075	1000.0
0.000107	9790.1295715
0.00010698	4.67351151
0.00010696	285.47961855
0.00010681	933.90715701
0.0001068	1676.84485771
0.00010631	1811.45311868
0.0001063	40.42615239
0.00010619	37.53292258
0.0001061	260.0
0.00010602	9413.37707597
0.00010601	11900.0
0.000106	3142.84632223
0.00010591	88.76493962
0.00010575	9.11936667
0.0001057	5433.0
0.00010569	6000.0
0.00010568	5000.0
0.00010564	1230.34310972
0.00010519	1517.26387988
0.00010514	972.90478667
0.0001051	50.0
0.00010505	4.75932432
0.00010502	21.42345981
0.000105	23709.294585
0.00010499	4.78218545
0.00010493	1227.60764149
0.00010456	400.0
0.00010413	21.60705806
0.00010409	4.80342341
0.000104	19379.6179748
0.00010385	110.0
0.00010341	964.74503626
0.0001034	14.0
0.00010324	21.79383036
0.00010313	162.618745
0.00010312	971.20200962
0.00010303	1543.91112619
0.00010299	4842.70317507
0.0001029	40.71127308
0.00010287	4.94531934
0.00010285	1000.0
0.00010275	6.10306863
0.00010251	11173.0158911
0.0001025	5414.24723854
0.00010237	4050.07664697
0.00010234	21.98385976
0.00010216	4.89411958
0.000102	48855.3044515
0.00010189	978.9969575
0.00010145	22.1772322
0.00010138	9839.21878082
0.00010123	98.53798281
0.00010122	461.3712705
0.00010119	4.94076427
0.00010116	4930.3084223
0.000101	4943.35608193
0.00010073	2000.0
0.00010069	368.05986617
0.00010056	22.37403668
0.00010051	627.05581403
0.000115	4574.18918209
0.00011439	1478.00519576
0.00011438	6698.127
0.00011429	88116.0
0.00011401	28.74940751
0.00011348	100.0
0.0001134	3025.51954791
0.00011209	5192.64075876
0.00011207	6374.318
0.00011206	88116.0
0.00011201	33569.638
0.000112	1128.70002812
0.00011159	30.0
0.00011097	5156.98942552
0.00011067	16072.5304876
0.00011024	76.25
0.00011003	1000.0
0.00011002	22001.0
0.00011	1006.56818182
0.00010994	24.29986652
0.00010987	4.55044167
0.00010973	243.72698464
0.00010972	12051.9110962
0.0001097	2609.227094
0.0001096	2753.0994797
0.00010958	26045.1513032
0.0001095	1821.91780822
0.00010943	300.0
0.00010892	803.3338423
0.00010891	4.59073838
0.00010874	1742.91888909
0.0001087	4534.09090909
0.00010865	758.81169995
0.00010856	455.0020537
0.000108	16750.9621412
0.00010795	4.63175517
0.00010793	277.26304086
0.00010774	925.84577168
0.00010773	200.0
0.00010763	4633.93106011
0.0001075	1000.0
0.000107	9790.1295715
0.00010698	4.67351151
0.00010696	285.47961855
0.00010681	933.90715701
0.0001068	1676.84485771
0.00010631	1811.45311868
0.0001063	40.42615239
0.00010619	37.53292258
0.0001061	260.0
0.00010602	9413.37707597
0.00010601	11900.0
0.000106	3142.84632223
0.00010591	88.76493962
0.00010575	9.11936667
0.0001057	5433.0
0.00010569	6000.0
0.00010568	5000.0
0.00010564	1230.34310972
0.00010519	1517.26387988
0.00010514	972.90478667
0.0001051	50.0
0.00010505	4.75932432
0.00010502	21.42345981
0.000105	23709.294585
0.00010499	4.78218545
0.00010493	1227.60764149
0.00010456	400.0
0.00010413	21.60705806
0.00010409	4.80342341
0.000104	19379.6179748
0.00010385	110.0
0.00010341	964.74503626
0.0001034	14.0
0.00010324	21.79383036
0.00010313	162.618745
0.00010312	971.20200962
0.00010303	1543.91112619
0.00010299	4842.70317507
0.0001029	40.71127308
0.00010287	4.94531934
0.00010285	1000.0
0.00010275	6.10306863
0.00010251	11173.0158911
0.0001025	5414.24723854
0.00010237	4050.07664697
0.00010234	21.98385976
0.00010216	4.89411958
0.000102	48855.3044515
0.00010189	978.9969575
0.00010145	22.1772322
0.00010138	9839.21878082
0.00010123	98.53798281
0.00010122	461.3712705
0.00010119	4.94076427
0.00010116	4930.3084223
0.000101	4943.35608193
0.00010073	2000.0
0.00010069	368.05986617
0.00010056	22.37403668
0.000115	10645.9283125
0.00011445	1477.23035686
0.00011444	15075.819
0.00011401	28.74940751
0.00011342	88216.0
0.0001134	3025.51954791
0.00011208	5193.10405647
0.00011206	88116.0
0.00011202	38507.258
0.000112	1128.70002812
0.00011159	30.0
0.00011098	6332.492
0.00011097	5156.98942552
0.00011067	16072.5304876
0.00011024	76.25
0.00011003	1000.0
0.00011002	22001.0
0.00011	1006.56818182
0.00010994	24.29986652
0.00010987	4.55044167
0.00010973	243.72698464
0.00010972	12051.9110962
0.0001097	2609.227094
0.0001096	2753.0994797
0.00010958	26045.1513032
0.0001095	1821.91780822
0.00010943	300.0
0.00010892	803.3338423
0.00010891	4.59073838
0.00010874	1742.91888909
0.0001087	4534.09090909
0.00010865	758.81169995
0.00010856	455.0020537
0.000108	16750.9621412
0.00010795	4.63175517
0.00010793	277.26304086
0.00010773	200.0
0.00010763	4633.93106011
0.0001075	1000.0
0.000107	9790.1295715
0.00010698	4.67351151
0.00010696	285.47961855
0.00010682	933.81972889
0.00010681	933.90715701
0.0001068	1676.84485771
0.00010631	1811.45311868
0.0001063	40.42615239
0.00010619	37.53292258
0.0001061	260.0
0.00010602	9413.37707597
0.00010601	11900.0
0.000106	3142.84632223
0.00010591	88.76493962
0.00010575	9.11936667
0.0001057	5433.0
0.00010569	6000.0
0.00010568	5000.0
0.00010564	1230.34310972
0.00010519	1517.26387988
0.00010514	972.90478667
0.0001051	50.0
0.00010505	4.75932432
0.00010502	21.42345981
0.000105	23709.294585
0.00010499	4.78218545
0.00010493	1227.60764149
0.00010456	400.0
0.00010413	21.60705806
0.00010409	4.80342341
0.000104	19379.6179748
0.00010385	110.0
0.00010341	964.74503626
0.0001034	14.0
0.00010324	21.79383036
0.00010313	162.618745
0.00010312	971.20200962
0.00010303	1543.91112619
0.00010299	4842.70317507
0.0001029	40.71127308
0.00010287	4.94531934
0.00010285	1000.0
0.00010275	6.10306863
0.00010251	11173.0158911
0.0001025	5414.24723854
0.00010237	4050.07664697
0.00010234	21.98385976
0.00010216	4.89411958
0.000102	48855.3044515
0.00010189	978.9969575
0.00010145	22.1772322
0.00010138	9839.21878082
0.00010123	98.53798281
0.00010122	461.3712705
0.00010119	4.94076427
0.00010116	4930.3084223
0.000101	4943.35608193
0.00010073	2000.0
0.00010069	368.05986617
0.00010056	22.37403668
0.00010051	627.05581403
0.00011501	86.73158856
0.000115	10645.9283125
0.00011463	1474.910707
0.00011462	44399.541
0.00011401	28.74940751
0.00011342	88216.0
0.0001134	3025.51954791
0.00011208	5193.10405647
0.00011207	31590.501
0.00011206	88116.0
0.000112	1128.70002812
0.00011159	30.0
0.00011097	5156.98942552
0.00011067	16072.5304876
0.00011024	76.25
0.00011003	1000.0
0.00011002	22001.0
0.00011	1006.56818182
0.00010994	24.29986652
0.00010987	4.55044167
0.00010973	243.72698464
0.00010972	12051.9110962
0.0001097	2609.227094
0.0001096	2753.0994797
0.00010958	26045.1513032
0.0001095	1821.91780822
0.00010943	300.0
0.00010892	803.3338423
0.00010891	4.59073838
0.00010875	3890.01993838
0.00010874	1742.91888909
0.0001087	4534.09090909
0.00010865	758.81169995
0.00010856	455.0020537
0.000108	16750.9621412
0.00010795	4.63175517
0.00010793	277.26304086
0.00010773	200.0
0.00010763	4633.93106011
0.0001075	1000.0
0.000107	9790.1295715
0.00010698	4.67351151
0.00010696	285.47961855
0.00010682	933.81972889
0.00010681	933.90715701
0.0001068	1676.84485771
0.00010631	1811.45311868
0.0001063	40.42615239
0.00010619	37.53292258
0.0001061	260.0
0.00010602	9413.37707597
0.00010601	11900.0
0.000106	3142.84632223
0.00010591	88.76493962
0.00010575	9.11936667
0.0001057	5433.0
0.00010569	6000.0
0.00010568	5000.0
0.00010564	1230.34310972
0.00010519	1517.26387988
0.00010514	972.90478667
0.0001051	50.0
0.00010505	4.75932432
0.00010502	21.42345981
0.000105	23709.294585
0.00010499	4.78218545
0.00010493	1227.60764149
0.00010456	400.0
0.00010413	21.60705806
0.00010409	4.80342341
0.000104	19379.6179748
0.00010385	110.0
0.00010341	964.74503626
0.0001034	14.0
0.00010324	21.79383036
0.00010313	162.618745
0.00010312	971.20200962
0.00010303	1543.91112619
0.00010299	4842.70317507
0.0001029	40.71127308
0.00010287	4.94531934
0.00010285	1000.0
0.00010275	6.10306863
0.00010251	11173.0158911
0.0001025	5414.24723854
0.00010237	4050.07664697
0.00010234	21.98385976
0.00010216	4.89411958
0.000102	48855.3044515
0.00010189	978.9969575
0.00010145	22.1772322
0.00010138	9839.21878082
0.00010123	98.53798281
0.00010122	461.3712705
0.00010119	4.94076427
0.00010116	4930.3084223
0.000101	4943.35608193
0.00010073	2000.0
0.00010069	368.05986617
0.00010056	22.37403668
0.00011501	116.73158856
0.000115	10645.9283125
0.00011485	1472.08545357
0.00011484	40838.467
0.00011401	28.74940751
0.00011342	88216.0
0.0001134	3025.51954791
0.00011208	5193.10405647
0.00011206	88116.0
0.00011204	36162.824
0.000112	1128.70002812
0.00011159	30.0
0.00011097	5156.98942552
0.00011067	16072.5304876
0.00011024	76.25
0.00011003	1000.0
0.00011002	22001.0
0.00011	1006.56818182
0.00010994	24.29986652
0.00010987	4.55044167
0.00010973	243.72698464
0.00010972	12051.9110962
0.0001097	2609.227094
0.0001096	2753.0994797
0.00010958	26045.1513032
0.0001095	1821.91780822
0.00010943	300.0
0.00010892	803.3338423
0.00010891	4.59073838
0.00010875	3890.01993838
0.00010874	1742.91888909
0.0001087	4534.09090909
0.00010865	758.81169995
0.00010856	455.0020537
0.000108	16750.9621412
0.00010795	4.63175517
0.00010793	277.26304086
0.00010773	200.0
0.00010763	4633.93106011
0.0001075	1000.0
0.000107	9790.1295715
0.00010698	4.67351151
0.00010696	285.47961855
0.00010682	933.81972889
0.00010681	933.90715701
0.0001068	1676.84485771
0.00010631	1811.45311868
0.0001063	40.42615239
0.00010619	37.53292258
0.0001061	260.0
0.00010602	9413.37707597
0.00010601	11900.0
0.000106	3142.84632223
0.00010591	88.76493962
0.00010575	9.11936667
0.0001057	5433.0
0.00010569	6000.0
0.00010568	5000.0
0.00010564	1230.34310972
0.00010519	1517.26387988
0.00010514	972.90478667
0.0001051	50.0
0.00010505	4.75932432
0.00010502	21.42345981
0.000105	23709.294585
0.00010499	4.78218545
0.00010493	1227.60764149
0.00010456	400.0
0.00010413	21.60705806
0.00010409	4.80342341
0.000104	19379.6179748
0.00010385	110.0
0.00010341	964.74503626
0.0001034	14.0
0.00010324	21.79383036
0.00010312	971.20200962
0.00010303	1543.91112619
0.00010299	4842.70317507
0.0001029	40.71127308
0.00010287	4.94531934
0.00010285	1000.0
0.00010275	6.10306863
0.00010252	163.58643
0.00010251	11173.0158911
0.0001025	5414.24723854
0.00010237	4050.07664697
0.00010234	21.98385976
0.00010216	4.89411958
0.000102	48855.3044515
0.00010189	978.9969575
0.00010145	22.1772322
0.00010138	9839.21878082
0.00010123	98.53798281
0.00010122	461.3712705
0.00010119	4.94076427
0.00010116	4930.3084223
0.000101	4943.35608193
0.00010073	2000.0
0.00010069	368.05986617
0.00010056	22.37403668
0.00011484	40838.467
0.00011401	28.74940751
0.00011342	88216.0
0.0001134	3025.51954791
0.00011206	88116.0
0.00011204	36162.824
0.000112	1128.70002812
0.00011159	30.0
0.00011099	5244.1039972
0.00011097	5156.98942552
0.00011067	16072.5304876
0.00011024	76.25
0.00011003	1000.0
0.00011002	22001.0
0.00011	1006.56818182
0.00010994	24.29986652
0.00010987	4.55044167
0.00010973	243.72698464
0.00010972	12051.9110962
0.0001097	2609.227094
0.0001096	2753.0994797
0.00010958	26045.1513032
0.0001095	1821.91780822
0.00010943	300.0
0.00010892	803.3338423
0.00010891	4.59073838
0.00010874	1742.91888909
0.0001087	4534.09090909
0.00010865	758.81169995
0.00010856	455.0020537
0.000108	16750.9621412
0.00010795	4.63175517
0.00010793	277.26304086
0.00010773	200.0
0.00010763	4633.93106011
0.0001075	1000.0
0.000107	9790.1295715
0.00010698	4.67351151
0.00010696	285.47961855
0.00010682	933.81972889
0.00010681	933.90715701
0.0001068	1676.84485771
0.00010631	1811.45311868
0.0001063	40.42615239
0.00010619	37.53292258
0.0001061	260.0
0.00010602	9413.37707597
0.00010601	11900.0
0.000106	3142.84632223
0.00010591	88.76493962
0.00010575	9.11936667
0.0001057	5433.0
0.00010569	6000.0
0.00010568	5000.0
0.00010564	1230.34310972
0.00010519	1517.26387988
0.00010514	972.90478667
0.0001051	50.0
0.00010505	4.75932432
0.00010502	21.42345981
0.000105	23709.294585
0.00010499	4.78218545
0.00010493	1227.60764149
0.00010456	400.0
0.00010413	21.60705806
0.00010409	4.80342341
0.000104	19379.6179748
0.00010385	110.0
0.00010341	964.74503626
0.0001034	14.0
0.00010324	21.79383036
0.00010312	971.20200962
0.00010303	1543.91112619
0.00010299	4842.70317507
0.0001029	40.71127308
0.00010287	4.94531934
0.00010285	1000.0
0.00010275	6.10306863
0.00010252	163.58643
0.00010251	11173.0158911
0.0001025	5414.24723854
0.00010237	4050.07664697
0.00010234	21.98385976
0.00010216	4.89411958
0.000102	48855.3044515
0.00010189	978.9969575
0.00010145	22.1772322
0.00010138	9839.21878082
0.00010123	98.53798281
0.00010122	461.3712705
0.00010119	4.94076427
0.00010116	4930.3084223
0.000101	4943.35608193
0.00010073	2000.0
0.00010069	368.05986617
0.00010056	22.37403668
0.00010051	627.05581403
0.0001005	400.3315709
0.00010038	135.0
0.00010033	1000.0
0.00011419	28881.792
0.00011418	2599.42812581
0.00011417	274.60881935
0.00011415	88116.0
0.00011412	8000.0
0.00011401	28.74940751
0.00011343	1490.51409982
0.00011342	100.0
0.0001134	3025.51954791
0.00011206	88116.0
0.00011201	45833.601
0.000112	1128.70002812
0.00011159	30.0
0.00011102	5242.68692713
0.00011097	5156.98942552
0.00011067	16072.5304876
0.00011024	76.25
0.00011003	1000.0
0.00011002	22001.0
0.00011	1006.56818182
0.00010994	24.29986652
0.00010987	4.55044167
0.00010973	243.72698464
0.00010972	12051.9110962
0.0001097	2609.227094
0.0001096	2753.0994797
0.00010958	26117.8781213
0.0001095	1821.91780822
0.00010943	300.0
0.00010891	4.59073838
0.00010876	1326.90747157
0.00010875	1148.56868894
0.00010874	1742.91888909
0.0001087	4534.09090909
0.00010865	758.81169995
0.00010856	455.0020537
0.000108	16750.9621412
0.00010795	4.63175517
0.00010793	277.26304086
0.00010773	200.0
0.00010763	4633.93106011
0.0001075	1000.0
0.000107	9790.1295715
0.00010698	4.67351151
0.00010696	285.47961855
0.00010682	933.81972889
0.0001068	1676.84485771
0.00010632	938.21128142
0.00010631	1811.45311868
0.0001063	40.42615239
0.00010619	37.53292258
0.0001061	260.0
0.00010602	9413.37707597
0.00010601	11900.0
0.000106	3142.84632223
0.00010591	88.76493962
0.00010575	9.11936667
0.0001057	5433.0
0.00010569	6000.0
0.00010568	5000.0
0.00010564	1230.34310972
0.00010519	1517.26387988
0.00010514	972.90478667
0.0001051	50.0
0.00010505	4.75932432
0.00010502	21.42345981
0.000105	23709.294585
0.00010499	4.78218545
0.00010493	1227.60764149
0.00010456	400.0
0.00010413	21.60705806
0.00010409	4.80342341
0.000104	19379.6179748
0.00010385	110.0
0.00010341	964.74503626
0.0001034	14.0
0.00010324	21.79383036
0.00010312	971.20200962
0.00010303	1543.91112619
0.00010299	4842.70317507
0.0001029	40.71127308
0.00010287	4.94531934
0.00010285	1000.0
0.00010275	6.10306863
0.00010252	163.58643
0.00010251	11173.0158911
0.0001025	5414.24723854
0.00010237	4050.07664697
0.00010234	21.98385976
0.00010216	4.89411958
0.000102	48855.3044515
0.00010189	978.9969575
0.00010145	22.1772322
0.00010138	9839.21878082
0.00010123	98.53798281
0.00010122	461.3712705
0.00010119	4.94076427
0.00010116	4930.3084223
0.000101	4943.35608193
0.00010073	2000.0
0.00011438	31824.819
0.00011437	90715.2029111
0.00011412	8000.0
0.00011401	28.74940751
0.00011343	1490.51409982
0.00011342	100.0
0.0001134	3025.51954791
0.00011206	88116.0
0.000112	1128.70002812
0.00011159	30.0
0.00011106	39162.19
0.00011105	5241.27062269
0.00011097	5156.98942552
0.00011067	16072.5304876
0.00011024	76.25
0.00011003	1000.0
0.00011002	22001.0
0.00011	1006.56818182
0.00010994	24.29986652
0.00010987	4.55044167
0.00010973	243.72698464
0.00010972	12051.9110962
0.0001097	2609.227094
0.0001096	2753.0994797
0.00010958	26117.8781213
0.0001095	1821.91780822
0.00010943	300.0
0.00010891	4.59073838
0.00010874	1742.91888909
0.00010871	247.50801658
0.0001087	4534.09090909
0.00010865	758.81169995
0.00010856	455.0020537
0.000108	16750.9621412
0.00010795	4.63175517
0.00010793	277.26304086
0.00010773	200.0
0.00010763	4633.93106011
0.0001075	1000.0
0.000107	9790.1295715
0.00010698	4.67351151
0.00010696	285.47961855
0.00010681	933.90715701
0.0001068	1676.84485771
0.00010632	938.21128142
0.00010631	1811.45311868
0.0001063	40.42615239
0.00010619	37.53292258
0.0001061	260.0
0.00010602	9413.37707597
0.00010601	11900.0
0.000106	3142.84632223
0.00010591	88.76493962
0.00010575	9.11936667
0.0001057	5433.0
0.00010569	6000.0
0.00010568	5000.0
0.00010564	1230.34310972
0.00010519	1517.26387988
0.00010514	972.90478667
0.0001051	50.0
0.00010505	4.75932432
0.00010502	21.42345981
0.000105	23709.294585
0.00010499	4.78218545
0.00010493	1227.60764149
0.00010456	400.0
0.00010413	21.60705806
0.00010409	4.80342341
0.000104	19379.6179748
0.00010385	110.0
0.00010341	964.74503626
0.0001034	14.0
0.00010324	21.79383036
0.00010312	971.20200962
0.00010303	1543.91112619
0.00010299	4842.70317507
0.0001029	40.71127308
0.00010287	4.94531934
0.00010285	1000.0
0.00010275	6.10306863
0.00010251	11173.0158911
0.0001025	5414.24723854
0.00010237	4050.07664697
0.00010234	21.98385976
0.00010216	4.89411958
0.00010201	164.404362
0.000102	48855.3044515
0.00010189	978.9969575
0.00010145	22.1772322
0.00010138	9839.21878082
0.00010123	98.53798281
0.00010122	461.3712705
0.00010119	4.94076427
0.00010116	4930.3084223
0.000101	4943.35608193
0.00010073	2000.0
0.00010069	368.05986617
0.00010056	22.37403668
0.00010051	627.05581403
0.00011463	7814.654
0.00011462	1475.0393853
0.00011461	5078.46699808
0.00011455	88116.0
0.00011428	102.63627341
0.00011412	8000.0
0.00011401	28.74940751
0.00011342	100.0
0.0001134	3025.51954791
0.00011218	980.56694598
0.00011208	43443.302
0.00011206	88116.0
0.000112	1128.70002812
0.00011159	30.0
0.00011097	5156.98942552
0.00011067	16072.5304876
0.00011024	76.25
0.00011003	1000.0
0.00011002	22001.0
0.00011	1006.56818182
0.00010994	24.29986652
0.00010987	4.55044167
0.00010973	243.72698464
0.00010972	12051.9110962
0.0001097	2609.227094
0.0001096	2753.0994797
0.00010958	26117.8781213
0.0001095	1821.91780822
0.00010943	300.0
0.00010891	4.59073838
0.00010874	1742.91888909
0.00010871	247.50801658
0.0001087	4534.09090909
0.00010865	758.81169995
0.00010856	455.0020537
0.000108	16750.9621412
0.00010795	4.63175517
0.00010793	277.26304086
0.00010773	200.0
0.00010763	4633.93106011
0.0001075	1000.0
0.000107	9790.1295715
0.00010698	4.67351151
0.00010696	285.47961855
0.00010681	933.90715701
0.0001068	1676.84485771
0.00010632	938.21128142
0.00010631	1811.45311868
0.0001063	40.42615239
0.00010619	37.53292258
0.0001061	260.0
0.00010602	9413.37707597
0.00010601	11900.0
0.000106	3142.84632223
0.00010591	88.76493962
0.00010575	9.11936667
0.0001057	5433.0
0.00010569	6000.0
0.00010568	5000.0
0.00010564	1230.34310972
0.00010519	1517.26387988
0.00010514	972.90478667
0.0001051	50.0
0.00010505	4.75932432
0.00010502	21.42345981
0.000105	23709.294585
0.00010499	4.78218545
0.00010493	1227.60764149
0.00010456	400.0
0.00010413	21.60705806
0.00010409	4.80342341
0.000104	19379.6179748
0.00010385	110.0
0.00010341	964.74503626
0.0001034	14.0
0.00010324	21.79383036
0.00010312	971.20200962
0.00010303	1543.91112619
0.00010299	4842.70317507
0.0001029	40.71127308
0.00010287	4.94531934
0.00010285	1000.0
0.00010275	6.10306863
0.00010251	11173.0158911
0.0001025	5414.24723854
0.00010237	4050.07664697
0.00010234	21.98385976
0.00010216	4.89411958
0.00010201	164.404362
0.000102	48855.3044515
0.00010189	978.9969575
0.00010145	22.1772322
0.00010138	9839.21878082
0.00010123	98.53798281
0.00010122	461.3712705
0.00010119	4.94076427
0.00010116	4930.3084223
0.000101	4943.35608193
0.00010073	2000.0
0.00010069	368.05986617
0.000115	7.96273891
0.00011476	5071.82905759
0.00011471	1473.88208825
0.0001147	26021.7391304
0.00011428	102.63627341
0.00011413	486.3168133
0.00011412	8000.0
0.00011401	28.74940751
0.00011345	43502.38
0.00011343	88116.0
0.00011342	100.0
0.0001134	3025.51954791
0.0001131	972.6336266
0.00011206	88116.0
0.000112	1128.70002812
0.00011159	30.0
0.00011097	5156.98942552
0.00011067	16072.5304876
0.00011024	76.25
0.00011003	1000.0
0.00011002	22001.0
0.00011	1006.56818182
0.00010994	24.29986652
0.00010987	4.55044167
0.00010973	243.72698464
0.00010972	12051.9110962
0.0001097	2609.227094
0.0001096	2753.0994797
0.00010958	26117.8781213
0.0001095	1821.91780822
0.00010943	300.0
0.00010891	4.59073838
0.00010874	1742.91888909
0.0001087	4534.09090909
0.00010865	758.81169995
0.00010856	455.0020537
0.000108	16960.5049935
0.00010795	4.63175517
0.00010793	277.26304086
0.00010773	200.0
0.00010764	3861.49152492
0.00010763	4633.93106011
0.0001075	1000.0
0.000107	9790.1295715
0.00010698	4.67351151
0.00010696	285.47961855
0.00010681	933.90715701
0.0001068	1676.84485771
0.00010633	1811.11239581
0.00010632	938.21128142
0.0001063	40.42615239
0.00010619	37.53292258
0.0001061	260.0
0.00010602	9413.37707597
0.00010601	11900.0
0.000106	3142.84632223
0.00010591	88.76493962
0.00010575	9.11936667
0.0001057	5433.0
0.00010569	6000.0
0.00010568	5000.0
0.00010564	1230.34310972
0.00010519	1517.26387988
0.00010514	972.90478667
0.0001051	50.0
0.00010505	4.75932432
0.00010502	21.42345981
0.000105	23709.294585
0.00010499	4.78218545
0.00010493	1227.60764149
0.00010456	400.0
0.00010413	21.60705806
0.00010409	4.80342341
0.000104	19379.6179748
0.00010385	110.0
0.00010341	964.74503626
0.0001034	14.0
0.00010324	21.79383036
0.00010312	971.20200962
0.00010303	1543.91112619
0.00010299	4842.70317507
0.0001029	40.71127308
0.00010287	4.94531934
0.00010285	1000.0
0.00010275	6.10306863
0.00010251	11173.0158911
0.0001025	5414.24723854
0.00010237	4050.07664697
0.00010234	21.98385976
0.00010216	4.89411958
0.00010201	164.404362
0.000102	48855.3044515
0.00010189	978.9969575
0.00010145	22.1772322
0.00010138	9839.21878082
0.00010123	98.53798281
0.00010122	461.3712705
0.00010119	4.94076427
0.00010116	4930.3084223
0.000101	4943.35608193
0.0001151	329.93663325
0.00011503	2576.21296693
0.000115	7.96273891
0.00011485	45058.423
0.00011473	1473.6251577
0.00011472	480.6291873
0.0001147	26021.7391304
0.00011429	88116.0
0.00011428	102.63627341
0.00011401	28.74940751
0.00011342	100.0
0.0001134	3025.51954791
0.00011209	20092.321
0.00011208	5193.10405647
0.00011206	88116.0
0.000112	1128.70002812
0.00011159	30.0
0.00011097	5156.98942552
0.00011067	16072.5304876
0.00011024	76.25
0.00011003	1000.0
0.00011002	22001.0
0.00011	1006.56818182
0.00010994	24.29986652
0.00010987	4.55044167
0.00010973	243.72698464
0.00010972	12051.9110962
0.0001097	2609.227094
0.0001096	2753.0994797
0.00010958	26117.8781213
0.0001095	1821.91780822
0.00010943	300.0
0.00010891	4.59073838
0.00010874	1742.91888909
0.0001087	4534.09090909
0.00010865	758.81169995
0.00010856	455.0020537
0.000108	16960.5049935
0.00010795	4.63175517
0.00010793	277.26304086
0.00010773	200.0
0.00010764	3861.49152492
0.00010763	4633.93106011
0.0001075	1000.0
0.000107	9790.1295715
0.00010698	4.67351151
0.00010696	285.47961855
0.00010681	933.90715701
0.0001068	1676.84485771
0.00010633	1811.11239581
0.00010632	938.21128142
0.0001063	40.42615239
0.00010619	37.53292258
0.0001061	260.0
0.00010602	9413.37707597
0.00010601	11900.0
0.000106	3142.84632223
0.00010591	88.76493962
0.00010575	9.11936667
0.0001057	5433.0
0.00010569	6000.0
0.00010568	5000.0
0.00010564	1230.34310972
0.00010519	1517.26387988
0.00010514	972.90478667
0.0001051	50.0
0.00010505	4.75932432
0.00010502	21.42345981
0.000105	23709.294585
0.00010499	4.78218545
0.00010493	1227.60764149
0.00010456	400.0
0.00010413	21.60705806
0.00010409	4.80342341
0.000104	19379.6179748
0.00010385	110.0
0.00010341	964.74503626
0.0001034	14.0
0.00010324	21.79383036
0.00010312	971.20200962
0.00010303	1543.91112619
0.00010299	4842.70317507
0.0001029	40.71127308
0.00010287	4.94531934
0.00010285	1000.0
0.00010275	6.10306863
0.00010251	11173.0158911
0.0001025	5414.24723854
0.00010237	4050.07664697
0.00010234	21.98385976
0.00010216	4.89411958
0.00010201	164.404362
0.000102	48855.3044515
0.00010189	978.9969575
0.00010145	22.1772322
0.00010138	9839.21878082
0.00010123	98.53798281
0.00010122	461.3712705
0.00010119	4.94076427
0.00010116	4930.3084223
0.00011507	7818.099
0.00011506	2583.97932816
0.000115	7.96273891
0.00011491	7238.728
0.00011483	60961.074
0.00011482	1472.47007789
0.00011474	224.12018477
0.0001147	26021.7391304
0.00011452	960.53091163
0.00011429	88116.0
0.00011401	28.74940751
0.00011342	100.0
0.0001134	3025.51954791
0.00011212	5191.25136148
0.00011206	88116.0
0.000112	1128.70002812
0.00011159	30.0
0.00011097	5156.98942552
0.00011067	16072.5304876
0.00011024	76.25
0.00011003	1000.0
0.00011002	22001.0
0.00011	1006.56818182
0.00010994	24.29986652
0.00010987	4.55044167
0.00010973	243.72698464
0.00010972	12051.9110962
0.0001097	2609.227094
0.0001096	2753.0994797
0.00010958	26117.8781213
0.0001095	1821.91780822
0.00010943	300.0
0.00010891	4.59073838
0.00010875	261.0322505
0.00010874	1742.91888909
0.0001087	4534.09090909
0.00010865	758.81169995
0.00010856	455.0020537
0.000108	16750.9621412
0.00010795	4.63175517
0.00010793	277.26304086
0.00010775	200.0
0.00010774	925.84577168
0.00010763	4633.93106011
0.0001075	1000.0
0.00010701	932.16169929
0.000107	9790.1295715
0.00010698	4.67351151
0.00010696	285.47961855
0.0001068	1676.84485771
0.00010633	1811.11239581
0.0001063	40.42615239
0.00010619	37.53292258
0.0001061	260.0
0.00010602	9413.37707597
0.00010601	11900.0
0.000106	3142.84632223
0.00010591	88.76493962
0.00010575	9.11936667
0.0001057	5433.0
0.00010569	6000.0
0.00010568	5000.0
0.00010564	1230.34310972
0.00010519	1517.26387988
0.00010514	972.90478667
0.0001051	50.0
0.00010505	4.75932432
0.00010502	21.42345981
0.000105	23709.294585
0.00010499	4.78218545
0.00010493	1227.60764149
0.00010456	400.0
0.00010413	21.60705806
0.00010409	4.80342341
0.000104	19379.6179748
0.00010385	110.0
0.00010342	162.162701
0.00010341	964.74503626
0.0001034	14.0
0.00010324	21.79383036
0.00010312	971.20200962
0.00010303	1543.91112619
0.00010299	4842.70317507
0.0001029	40.71127308
0.00010287	4.94531934
0.00010285	1000.0
0.00010275	6.10306863
0.00010251	11173.0158911
0.0001025	5414.24723854
0.00010237	4050.07664697
0.00010234	21.98385976
0.00010216	4.89411958
0.000102	48855.3044515
0.00010189	978.9969575
0.00010145	22.1772322
0.00010138	9839.21878082
0.00010123	98.53798281
0.00010122	461.3712705
0.00010119	4.94076427
0.00010116	4930.3084223
0.00011505	11467.5764342
0.00011491	7238.728
0.00011475	1473.36831671
0.00011474	224.12018477
0.0001147	26021.7391304
0.00011429	88116.0
0.00011401	28.74940751
0.00011342	100.0
0.0001134	3025.51954791
0.00011215	5189.86270753
0.00011207	24777.848
0.00011206	88116.0
0.000112	1128.70002812
0.00011159	30.0
0.00011099	28638.974
0.00011097	5156.98942552
0.00011067	16072.5304876
0.00011024	76.25
0.00011003	1000.0
0.00011002	22001.0
0.00011	1006.56818182
0.00010994	24.29986652
0.00010987	4.55044167
0.00010973	243.72698464
0.00010972	12051.9110962
0.0001097	2609.227094
0.0001096	2753.0994797
0.00010958	26117.8781213
0.0001095	1821.91780822
0.00010943	300.0
0.00010891	4.59073838
0.00010876	194.41687535
0.00010875	2322.72758368
0.00010874	1742.91888909
0.0001087	4534.09090909
0.00010865	758.81169995
0.00010856	455.0020537
0.000108	16750.9621412
0.00010795	4.63175517
0.00010793	277.26304086
0.00010775	200.0
0.00010774	925.84577168
0.00010763	4633.93106011
0.0001075	1000.0
0.00010701	932.16169929
0.000107	9790.1295715
0.00010698	4.67351151
0.00010696	285.47961855
0.0001068	1676.84485771
0.00010633	1811.11239581
0.0001063	40.42615239
0.00010619	37.53292258
0.0001061	260.0
0.00010602	9413.37707597
0.00010601	11900.0
0.000106	3142.84632223
0.00010591	88.76493962
0.00010575	9.11936667
0.0001057	5433.0
0.00010569	6000.0
0.00010568	5000.0
0.00010564	1230.34310972
0.00010519	1517.26387988
0.00010514	972.90478667
0.0001051	50.0
0.00010505	4.75932432
0.00010502	21.42345981
0.000105	23709.294585
0.00010499	4.78218545
0.00010493	1227.60764149
0.00010456	400.0
0.00010413	21.60705806
0.00010409	4.80342341
0.000104	19379.6179748
0.00010385	110.0
0.00010342	162.162701
0.00010341	964.74503626
0.0001034	14.0
0.00010324	21.79383036
0.00010312	971.20200962
0.00010303	1543.91112619
0.00010299	4842.70317507
0.0001029	40.71127308
0.00010287	4.94531934
0.00010285	1000.0
0.00010275	6.10306863
0.00010251	11173.0158911
0.0001025	5414.24723854
0.00010237	4050.07664697
0.00010234	21.98385976
0.00010216	4.89411958
0.000102	48855.3044515
0.00010189	978.9969575
0.00010145	22.1772322
0.00010138	9839.21878082
0.00010123	98.53798281
0.00010122	461.3712705
0.00010119	4.94076427
0.00010116	4930.3084223
0.000101	4943.35608193
0.00011521	21899.453
0.0001152	90695.3139025
0.00011517	100.40391378
0.00011505	8500.0
0.00011475	1473.36831671
0.00011474	224.12018477
0.00011471	44.11765714
0.0001147	26021.7391304
0.00011401	28.74940751
0.00011341	110.0
0.0001134	3025.51954791
0.00011304	973.10686483
0.00011209	42501.726
0.00011208	5193.10405647
0.00011206	88116.0
0.000112	1128.70002812
0.00011159	30.0
0.00011097	5156.98942552
0.00011067	16072.5304876
0.00011024	76.25
0.00011003	1000.0
0.00011002	22001.0
0.00011	1006.56818182
0.00010994	24.29986652
0.00010987	4.55044167
0.00010973	243.72698464
0.00010972	12051.9110962
0.0001097	2609.227094
0.0001096	2753.0994797
0.00010958	26117.8781213
0.0001095	1821.91780822
0.00010943	290.0
0.00010892	194.37340576
0.00010891	4.59073838
0.00010875	2362.05705611
0.00010874	1742.91888909
0.0001087	4534.09090909
0.00010865	758.81169995
0.00010856	455.0020537
0.000108	16750.9621412
0.00010795	4.63175517
0.00010793	277.26304086
0.00010775	200.0
0.00010774	925.84577168
0.00010763	4633.93106011
0.0001075	1000.0
0.00010701	932.16169929
0.000107	9790.1295715
0.00010698	4.67351151
0.00010696	285.47961855
0.0001068	1676.84485771
0.00010631	1811.45311868
0.0001063	40.42615239
0.00010619	37.53292258
0.0001061	260.0
0.00010602	9413.37707597
0.00010601	11900.0
0.000106	3142.84632223
0.00010591	88.76493962
0.00010575	9.11936667
0.0001057	5433.0
0.00010569	6000.0
0.00010568	5000.0
0.00010564	1230.34310972
0.00010519	1517.26387988
0.00010514	972.90478667
0.0001051	50.0
0.00010505	4.75932432
0.00010502	21.42345981
0.000105	23709.294585
0.00010499	4.78218545
0.00010493	1227.60764149
0.0001049	237.7264061
0.00010456	400.0
0.00010413	21.60705806
0.00010409	4.80342341
0.000104	19379.6179748
0.00010385	110.0
0.00010342	162.162701
0.00010341	964.74503626
0.0001034	14.0
0.00010324	21.79383036
0.00010312	971.20200962
0.00010303	1543.91112619
0.00010299	4842.70317507
0.0001029	40.71127308
0.00010287	4.94531934
0.00010285	1000.0
0.00010275	6.10306863
0.00010251	11173.0158911
0.0001025	5414.24723854
0.00010237	4050.07664697
0.00010234	21.98385976
0.00010216	4.89411958
0.000102	48855.3044515
0.00010189	978.9969575
0.00010145	22.1772322
0.00010138	9839.21878082
0.00010123	98.53798281
0.00010122	461.3712705
0.000116	7.87273891
0.00011517	13123.689
0.00011516	1468.12273657
0.00011505	8500.0
0.00011474	224.12018477
0.00011471	44.11765714
0.0001147	26021.7391304
0.00011425	88116.0
0.00011401	28.74940751
0.00011341	110.0
0.0001134	3025.51954791
0.00011217	5188.93735089
0.00011216	43740.543
0.00011206	88116.0
0.000112	1128.70002812
0.00011159	30.0
0.00011097	5156.98942552
0.00011067	16072.5304876
0.00011024	76.25
0.00011004	1000.0
0.00011002	22001.0
0.00011	1006.56818182
0.00010994	24.29986652
0.00010987	4.55044167
0.00010973	243.72698464
0.00010972	12051.9110962
0.0001097	2609.227094
0.0001096	2753.0994797
0.00010958	26045.1513032
0.0001095	1821.91780822
0.00010943	290.0
0.00010892	194.37340576
0.00010891	4.59073838
0.00010875	2362.05705611
0.00010874	1742.91888909
0.0001087	4534.09090909
0.00010865	758.81169995
0.00010856	455.0020537
0.000108	16750.9621412
0.00010795	4.63175517
0.00010793	277.26304086
0.00010775	200.0
0.00010774	925.84577168
0.00010763	4633.93106011
0.0001075	1000.0
0.00010701	932.16169929
0.000107	9790.1295715
0.00010698	4.67351151
0.00010696	285.47961855
0.0001068	1676.84485771
0.00010631	1811.45311868
0.0001063	40.42615239
0.00010619	37.53292258
0.0001061	260.0
0.00010602	9413.37707597
0.00010601	11900.0
0.000106	3142.84632223
0.00010591	88.76493962
0.00010575	9.11936667
0.0001057	5433.0
0.00010569	6000.0
0.00010568	5000.0
0.00010564	1230.34310972
0.00010519	1517.26387988
0.00010514	972.90478667
0.0001051	50.0
0.00010505	4.75932432
0.00010502	21.42345981
0.000105	23709.294585
0.00010499	4.78218545
0.00010493	1227.60764149
0.0001049	237.7264061
0.00010456	400.0
0.00010413	21.60705806
0.00010409	4.80342341
0.000104	19379.6179748
0.00010385	110.0
0.00010342	162.162701
0.00010341	964.74503626
0.0001034	14.0
0.00010324	21.79383036
0.00010312	971.20200962
0.00010303	1543.91112619
0.00010299	4842.70317507
0.0001029	40.71127308
0.00010287	4.94531934
0.00010285	1000.0
0.00010275	6.10306863
0.00010251	11173.0158911
0.0001025	5414.24723854
0.00010237	4050.07664697
0.00010234	21.98385976
0.00010216	4.89411958
0.000102	48855.3044515
0.00010189	978.9969575
0.00010145	22.1772322
0.00010138	9839.21878082
0.00010123	98.53798281
0.00010122	461.3712705
0.00010119	4.94076427
0.00011602	41920.405
0.00011541	1464.94250362
0.0001154	86.43847487
0.00011533	7628.891
0.00011528	88116.0
0.00011505	8500.0
0.00011474	224.12018477
0.00011471	44.11765714
0.0001147	26021.7391304
0.00011401	28.74940751
0.00011341	110.0
0.0001134	3025.51954791
0.00011215	5189.86270753
0.00011213	24518.613
0.00011206	88116.0
0.000112	1128.70002812
0.00011159	30.0
0.00011097	5156.98942552
0.00011067	16072.5304876
0.00011024	76.25
0.00011004	1000.0
0.00011002	22001.0
0.00011	1006.56818182
0.00010994	24.29986652
0.00010987	4.55044167
0.00010973	243.72698464
0.00010972	12051.9110962
0.0001097	2609.227094
0.0001096	2753.0994797
0.00010958	26045.1513032
0.0001095	1821.91780822
0.00010943	290.0
0.00010892	194.37340576
0.00010891	4.59073838
0.00010874	1742.91888909
0.0001087	4534.09090909
0.00010865	758.81169995
0.00010856	455.0020537
0.000108	16750.9621412
0.00010795	4.63175517
0.00010793	277.26304086
0.00010775	200.0
0.00010774	925.84577168
0.00010763	4633.93106011
0.0001075	1000.0
0.000107	9790.1295715
0.00010698	4.67351151
0.00010696	285.47961855
0.0001068	1676.84485771
0.00010631	1811.45311868
0.0001063	40.42615239
0.00010619	37.53292258
0.0001061	260.0
0.00010602	9413.37707597
0.00010601	11900.0
0.000106	3142.84632223
0.00010591	88.76493962
0.00010575	9.11936667
0.0001057	5433.0
0.00010569	6000.0
0.00010568	5000.0
0.00010564	1230.34310972
0.00010519	1517.26387988
0.00010514	972.90478667
0.0001051	50.0
0.00010505	4.75932432
0.00010502	21.42345981
0.000105	23709.294585
0.00010499	4.78218545
0.00010493	1227.60764149
0.0001049	237.7264061
0.00010456	400.0
0.00010413	21.60705806
0.00010409	4.80342341
0.000104	19379.6179748
0.00010385	110.0
0.00010342	162.162701
0.00010341	964.74503626
0.0001034	14.0
0.00010324	21.79383036
0.00010312	971.20200962
0.00010303	1543.91112619
0.00010299	4842.70317507
0.0001029	40.71127308
0.00010287	4.94531934
0.00010285	1000.0
0.00010275	6.10306863
0.00010251	11173.0158911
0.0001025	5414.24723854
0.00010237	4050.07664697
0.00010234	21.98385976
0.00010216	4.89411958
0.000102	48855.3044515
0.00010189	978.9969575
0.00010145	22.1772322
0.00010138	9839.21878082
0.00010123	98.53798281
0.00010122	461.3712705
0.00010119	4.94076427
0.00010116	4930.3084223
0.00011565	14462.979
0.00011564	18278.4902602
0.00011563	88116.0
0.00011506	1469.39869931
0.00011505	8500.0
0.00011474	224.12018477
0.00011471	44.11765714
0.0001147	26021.7391304
0.00011401	8.74940751
0.00011341	19268.262
0.0001134	3025.51954791
0.00011245	5176.01691996
0.00011208	20752.612
0.00011206	88116.0
0.000112	1128.70002812
0.00011159	30.0
0.00011097	5156.98942552
0.00011067	16072.5304876
0.00011024	148.97681818
0.00011004	1000.0
0.00011002	22001.0
0.00011	1006.56818182
0.00010994	24.29986652
0.00010987	4.55044167
0.00010973	243.72698464
0.00010972	12051.9110962
0.0001097	2609.227094
0.0001096	2753.0994797
0.00010958	26045.1513032
0.0001095	1821.91780822
0.00010943	290.0
0.00010892	194.37340576
0.00010891	4.59073838
0.00010874	1742.91888909
0.0001087	4534.09090909
0.00010865	758.81169995
0.00010856	455.0020537
0.00010801	923.53137155
0.000108	16750.9621412
0.00010795	4.63175517
0.00010793	277.26304086
0.00010775	200.0
0.00010763	4633.93106011
0.00010751	927.82646675
0.0001075	1000.0
0.000107	9790.1295715
0.00010698	4.67351151
0.00010696	285.47961855
0.0001068	1676.84485771
0.00010631	1811.45311868
0.0001063	40.42615239
0.00010619	37.53292258
0.0001061	260.0
0.00010602	9413.37707597
0.00010601	11900.0
0.000106	3142.84632223
0.00010591	88.76493962
0.00010575	9.11936667
0.0001057	5433.0
0.00010569	6000.0
0.00010568	5000.0
0.00010564	1230.34310972
0.00010519	1517.26387988
0.00010514	972.90478667
0.0001051	50.0
0.00010505	4.75932432
0.00010502	21.42345981
0.000105	23709.294585
0.00010499	4.78218545
0.0001049	237.7264061
0.00010456	400.0
0.00010413	21.60705806
0.00010409	4.80342341
0.000104	19379.6179748
0.00010385	110.0
0.00010342	162.162701
0.00010341	964.74503626
0.0001034	14.0
0.00010324	21.79383036
0.00010312	971.20200962
0.00010303	1543.91112619
0.00010299	4842.70317507
0.0001029	40.71127308
0.00010287	4.94531934
0.00010285	1000.0
0.00010275	6.10306863
0.00010251	11173.0158911
0.0001025	5414.24723854
0.00010237	4050.07664697
0.00010234	21.98385976
0.00010216	4.89411958
0.000102	48855.3044515
0.00010189	978.9969575
0.00010145	22.1772322
0.00010138	9839.21878082
0.00010123	98.53798281
0.00010122	461.3712705
0.00010119	4.94076427
0.00010116	4930.3084223
0.000101	4943.35608193
0.00011631	9414.567
0.0001163	2508.09930163
0.000116	877.6652903
0.00011477	1473.11156524
0.00011476	88116.0
0.00011474	224.12018477
0.00011471	44.11765714
0.0001147	26021.7391304
0.00011401	8.74940751
0.00011343	5131.29774001
0.00011341	12108.013
0.0001134	3025.51954791
0.00011277	24552.257
0.00011276	8148.121
0.00011275	975.6097561
0.00011206	88116.0
0.000112	1128.70002812
0.00011159	30.0
0.00011097	5156.98942552
0.00011067	16072.5304876
0.00011024	148.97681818
0.00011004	1000.0
0.00011002	22001.0
0.00011	1006.56818182
0.00010994	24.29986652
0.00010987	4.55044167
0.00010973	243.72698464
0.00010972	12051.9110962
0.0001097	2609.227094
0.0001096	2753.0994797
0.00010958	26045.1513032
0.0001095	1821.91780822
0.00010943	290.0
0.00010892	194.37340576
0.00010891	4.59073838
0.00010874	1742.91888909
0.0001087	4534.09090909
0.00010865	758.81169995
0.00010856	455.0020537
0.00010801	923.53137155
0.000108	16750.9621412
0.00010795	4.63175517
0.00010793	277.26304086
0.00010775	200.0
0.00010763	4633.93106011
0.00010751	927.82646675
0.0001075	1000.0
0.000107	9790.1295715
0.00010698	4.67351151
0.00010696	285.47961855
0.0001068	1676.84485771
0.00010631	1811.45311868
0.0001063	40.42615239
0.00010619	37.53292258
0.0001061	260.0
0.00010602	9413.37707597
0.00010601	11900.0
0.000106	3142.84632223
0.00010591	88.76493962
0.00010575	9.11936667
0.0001057	5433.0
0.00010569	6000.0
0.00010568	5000.0
0.00010564	1230.34310972
0.00010519	1517.26387988
0.00010514	972.90478667
0.0001051	50.0
0.00010505	4.75932432
0.00010502	21.42345981
0.000105	23709.294585
0.00010499	4.78218545
0.0001049	237.7264061
0.00010456	400.0
0.00010413	21.60705806
0.00010409	4.80342341
0.000104	19379.6179748
0.00010385	110.0
0.00010342	162.162701
0.00010341	964.74503626
0.0001034	14.0
0.00010324	21.79383036
0.00010312	971.20200962
0.00010303	1543.91112619
0.00010299	4842.70317507
0.0001029	40.71127308
0.00010287	4.94531934
0.00010285	1000.0
0.00010275	6.10306863
0.00010251	11173.0158911
0.0001025	5414.24723854
0.00010237	4050.07664697
0.00010234	21.98385976
0.00010216	4.89411958
0.000102	48855.3044515
0.00010189	978.9969575
0.00010145	22.1772322
0.00010138	9839.21878082
0.00010123	98.53798281
0.00010122	461.3712705
0.00010119	4.94076427
0.00011631	9414.567
0.0001163	2508.09930163
0.00011601	88116.0
0.000116	877.6652903
0.00011477	1473.11156524
0.00011476	110.0
0.00011474	224.12018477
0.00011471	44.11765714
0.0001147	26021.7391304
0.00011401	8.74940751
0.00011395	965.33567354
0.00011343	5131.29774001
0.00011341	41017.574
0.0001134	3025.51954791
0.00011319	88116.0
0.000112	1128.70002812
0.00011159	30.0
0.00011097	5156.98942552
0.0001108	290.0
0.00011067	16072.5304876
0.00011024	148.97681818
0.00011004	1000.0
0.00011002	22001.0
0.00011	1006.56818182
0.00010994	24.29986652
0.00010987	4.55044167
0.00010973	243.72698464
0.00010972	12051.9110962
0.0001097	2609.227094
0.0001096	2753.0994797
0.00010958	26045.1513032
0.0001095	1821.91780822
0.00010892	194.37340576
0.00010891	4.59073838
0.00010874	1742.91888909
0.0001087	4534.09090909
0.00010865	758.81169995
0.00010856	455.0020537
0.00010801	923.53137155
0.000108	16750.9621412
0.00010795	4.63175517
0.00010793	277.26304086
0.00010775	200.0
0.00010763	4633.93106011
0.00010751	927.82646675
0.0001075	1000.0
0.00010743	250.0
0.000107	9790.1295715
0.00010698	4.67351151
0.00010696	285.47961855
0.0001068	1676.84485771
0.00010631	1811.45311868
0.0001063	40.42615239
0.00010619	37.53292258
0.00010602	9413.37707597
0.00010601	11900.0
0.000106	3142.84632223
0.00010591	88.76493962
0.00010575	9.11936667
0.0001057	5433.0
0.00010569	6000.0
0.00010568	5000.0
0.00010564	1230.34310972
0.00010519	1517.26387988
0.00010514	972.90478667
0.0001051	50.0
0.00010505	4.75932432
0.00010502	21.42345981
0.000105	23709.294585
0.00010499	4.78218545
0.0001049	237.7264061
0.00010456	400.0
0.00010413	21.60705806
0.00010409	4.80342341
0.000104	19540.8607148
0.00010385	110.0
0.00010341	964.74503626
0.0001034	14.0
0.00010324	21.79383036
0.00010312	971.20200962
0.00010303	1543.91112619
0.00010299	4842.70317507
0.0001029	40.71127308
0.00010287	4.94531934
0.00010285	1000.0
0.00010275	6.10306863
0.00010251	11173.0158911
0.0001025	5414.24723854
0.00010237	4050.07664697
0.00010234	21.98385976
0.00010216	4.89411958
0.000102	48855.3044515
0.00010189	978.9969575
0.00010145	22.1772322
0.00010138	9839.21878082
0.00010123	98.53798281
0.00010122	461.3712705
0.00010119	4.94076427
0.00010116	4930.3084223
0.000101	4943.35608193
0.00011641	34739.615
0.0001164	4968.08532474
0.0001163	2508.09930163
0.00011601	88116.0
0.000116	877.6652903
0.00011489	1471.57293361
0.00011488	100.0
0.00011486	957.68761971
0.00011474	224.12018477
0.00011471	44.11765714
0.0001147	26021.7391304
0.00011401	8.74940751
0.00011397	39259.806
0.0001135	5128.13306299
0.0001134	3025.51954791
0.00011319	88116.0
0.000112	1128.70002812
0.00011159	30.0
0.00011097	5156.98942552
0.0001108	290.0
0.00011067	16072.5304876
0.00011024	148.97681818
0.00011009	1000.0
0.00011002	22001.0
0.00011	1006.56818182
0.00010994	24.29986652
0.00010973	243.72698464
0.00010972	12051.9110962
0.0001097	2609.227094
0.0001096	2753.0994797
0.00010958	26045.1513032
0.0001095	1821.91780822
0.00010892	194.37340576
0.00010874	1742.91888909
0.0001087	4534.09090909
0.00010865	758.81169995
0.00010856	455.0020537
0.00010801	923.53137155
0.000108	19253.6160293
0.00010793	277.26304086
0.00010775	200.0
0.00010763	4633.93106011
0.00010751	927.82646675
0.0001075	1000.0
0.00010743	260.0
0.000107	9790.1295715
0.00010696	285.47961855
0.0001068	1676.84485771
0.00010631	1811.45311868
0.0001063	40.42615239
0.00010619	37.53292258
0.00010602	9408.66104839
0.00010601	11900.0
0.000106	3142.84632223
0.00010591	88.76493962
0.00010575	9.11936667
0.0001057	5433.0
0.00010569	6000.0
0.00010568	5000.0
0.00010564	1230.34310972
0.00010519	1517.26387988
0.00010514	972.90478667
0.0001051	50.0
0.00010502	21.42345981
0.000105	23709.294585
0.00010499	4.78218545
0.0001049	237.7264061
0.00010456	400.0
0.00010413	21.60705806
0.000104	19540.8607148
0.00010385	110.0
0.00010341	964.74503626
0.0001034	14.0
0.00010324	21.79383036
0.00010312	966.35366224
0.00010303	1543.91112619
0.00010299	4842.70317507
0.0001029	40.71127308
0.00010287	4.94531934
0.00010285	1000.0
0.00010275	6.10306863
0.00010251	11173.0158911
0.0001025	5414.24723854
0.00010237	4050.07664697
0.00010234	21.98385976
0.000102	48855.3044515
0.00010189	978.9969575
0.00010145	22.1772322
0.00010138	9839.21878082
0.00010123	98.53798281
0.00010122	461.3712705
0.00010116	4930.3084223
0.000101	4943.35608193
0.00010073	2000.0
0.00010069	368.05986617
0.00010056	22.37403668
0.00010051	627.05581403
0.0001005	400.3315709
0.00010038	135.0
0.00010033	1000.0
0.00011647	6514.796
0.0001164	4968.08532474
0.0001163	2508.09930163
0.00011601	1457.36586797
0.000116	877.6652903
0.00011491	957.27090767
0.0001149	100.0
0.00011489	88116.0
0.00011474	224.12018477
0.00011471	44.11765714
0.0001147	26094.4659486
0.00011401	8.74940751
0.00011357	10394.845
0.00011356	5125.42358797
0.0001134	3025.51954791
0.00011319	88116.0
0.000112	1128.70002812
0.00011159	30.0
0.00011097	5156.98942552
0.0001108	300.0
0.00011067	16072.5304876
0.00011024	76.25
0.00011009	1024.29986652
0.00011002	22001.0
0.00011	1006.56818182
0.00010989	4.54980392
0.00010973	243.72698464
0.00010972	12051.9110962
0.0001097	2609.227094
0.0001096	2753.0994797
0.00010958	26045.1513032
0.0001095	1821.91780822
0.000109	500.0
0.00010894	4.58944037
0.00010892	194.37340576
0.00010874	1742.91888909
0.0001087	4534.09090909
0.00010865	758.81169995
0.00010856	455.0020537
0.00010802	923.44587521
0.000108	19253.6160293
0.00010799	4.6297735
0.00010793	277.26304086
0.00010775	200.0
0.00010763	4633.93106011
0.0001075	1000.0
0.00010743	250.0
0.00010704	4.67082182
0.000107	9790.1295715
0.00010696	285.47961855
0.0001068	1676.84485771
0.00010631	1811.45311868
0.0001063	40.42615239
0.00010619	37.53292258
0.00010609	4.71260454
0.00010602	9408.66104839
0.00010601	11900.0
0.000106	3142.84632223
0.00010591	88.76493962
0.00010575	9.11936667
0.0001057	5433.0
0.00010569	6000.0
0.00010568	5000.0
0.00010564	1230.34310972
0.00010519	1517.26387988
0.00010514	977.65992821
0.0001051	50.0
0.00010502	21.42345981
0.000105	23709.294585
0.00010499	4.78218545
0.0001049	237.7264061
0.00010456	400.0
0.0001042	4.79845343
0.00010413	21.60705806
0.000104	19540.8607148
0.00010385	110.0
0.00010341	964.74503626
0.0001034	14.0
0.00010325	4.84256157
0.00010324	21.79383036
0.00010312	966.35366224
0.00010303	1543.91112619
0.00010299	4842.70317507
0.0001029	40.71127308
0.00010287	4.94531934
0.00010285	1000.0
0.00010275	6.10306863
0.00010251	11173.0158911
0.0001025	5414.24723854
0.00010237	4050.07664697
0.00010234	21.98385976
0.0001023	4.88748814
0.000102	48855.3044515
0.00010189	978.9969575
0.00010145	22.1772322
0.00010138	9839.21878082
0.00010135	4.93325613
0.00010123	98.53798281
0.00010122	461.3712705
0.00010116	4930.3084223
0.0001165	85.6223176
0.0001164	4968.08532474
0.0001163	2508.09930163
0.00011607	6285.473
0.00011601	1457.36586797
0.000116	75.0
0.00011492	957.18760877
0.00011491	88116.0
0.0001149	100.0
0.00011474	224.12018477
0.00011471	44.11765714
0.0001147	72.72681818
0.00011401	8.74940751
0.00011342	5131.75015561
0.00011341	13422.487
0.0001134	3025.51954791
0.0001132	21210.614
0.00011319	88116.0
0.000112	1128.70002812
0.00011159	30.0
0.00011097	5156.98942552
0.0001108	300.0
0.00011067	16072.5304876
0.00011024	76.25
0.00011009	1024.29986652
0.00011002	22001.0
0.00011	1006.56818182
0.00010989	4.54980392
0.00010973	521.4026217
0.00010972	12051.9110962
0.0001097	2609.227094
0.0001096	2753.0994797
0.00010958	26045.1513032
0.0001095	1821.91780822
0.000109	500.0
0.00010894	4.58944037
0.00010875	917.24711209
0.00010874	1742.91888909
0.0001087	4534.09090909
0.00010865	758.81169995
0.00010856	455.0020537
0.00010802	923.44587521
0.000108	19253.6160293
0.00010799	4.6297735
0.00010793	277.26304086
0.00010775	200.0
0.00010763	4633.93106011
0.0001075	1000.0
0.00010743	250.0
0.00010704	4.67082182
0.000107	9790.1295715
0.00010696	285.47961855
0.0001068	1676.84485771
0.00010631	1811.45311868
0.0001063	40.42615239
0.00010619	37.53292258
0.00010609	4.71260454
0.00010602	9408.66104839
0.00010601	11900.0
0.000106	3142.84632223
0.00010591	88.76493962
0.00010575	9.11936667
0.0001057	5433.0
0.00010569	6000.0
0.00010568	5000.0
0.00010564	1230.34310972
0.00010519	1517.26387988
0.00010514	977.65992821
0.0001051	50.0
0.00010502	21.42345981
0.000105	23709.294585
0.00010499	4.78218545
0.0001049	237.7264061
0.00010456	400.0
0.0001042	4.79845343
0.00010413	21.60705806
0.000104	19540.8607148
0.00010385	110.0
0.00010341	964.74503626
0.0001034	14.0
0.00010325	4.84256157
0.00010324	21.79383036
0.00010312	966.35366224
0.00010303	1543.91112619
0.00010299	4842.70317507
0.0001029	40.71127308
0.00010287	4.94531934
0.00010285	1000.0
0.00010275	6.10306863
0.00010251	11173.0158911
0.0001025	5414.24723854
0.00010237	4050.07664697
0.00010234	21.98385976
0.0001023	4.88748814
0.000102	48855.3044515
0.00010189	978.9969575
0.00010145	22.1772322
0.00010138	9839.21878082
0.00010135	4.93325613
0.00010123	98.53798281
0.0001151	5056.84711251
0.00011507	1469.27100324
0.00011492	98.7
0.00011474	224.12018477
0.00011471	44.11765714
0.0001147	72.72681818
0.00011403	43024.389
0.00011402	88116.0
0.00011401	8.74940751
0.0001134	3025.51954791
0.0001133	970.87378641
0.00011319	88116.0
0.000112	1128.70002812
0.00011159	30.0
0.00011097	5156.98942552
0.0001108	300.0
0.00011067	16072.5304876
0.00011024	76.25
0.00011009	1024.29986652
0.00011002	22001.0
0.00011	1006.56818182
0.00010989	4.54980392
0.00010973	521.4026217
0.00010972	12051.9110962
0.0001097	2609.227094
0.0001096	2753.0994797
0.00010958	26045.1513032
0.0001095	1821.91780822
0.000109	500.0
0.00010894	4.58944037
0.00010875	917.24711209
0.00010874	1742.91888909
0.0001087	4534.09090909
0.00010865	758.81169995
0.00010856	455.0020537
0.00010802	923.44587521
0.000108	19253.6160293
0.00010799	4.6297735
0.00010793	277.26304086
0.00010775	200.0
0.00010763	4633.93106011
0.0001075	1000.0
0.00010743	250.0
0.00010704	4.67082182
0.000107	9790.1295715
0.00010696	285.47961855
0.00010681	1802.9733269
0.0001068	1676.84485771
0.0001063	40.42615239
0.00010619	37.53292258
0.00010609	4.71260454
0.00010602	9408.66104839
0.00010601	11900.0
0.000106	3142.84632223
0.00010591	88.76493962
0.00010575	9.11936667
0.0001057	5433.0
0.00010569	6000.0
0.00010568	5000.0
0.00010564	1230.34310972
0.00010519	1517.26387988
0.00010514	977.65992821
0.0001051	50.0
0.00010502	21.42345981
0.000105	23709.294585
0.00010499	4.78218545
0.0001049	237.7264061
0.00010456	400.0
0.0001042	4.79845343
0.00010413	182.64849606
0.000104	19379.6179748
0.00010385	110.0
0.00010341	964.74503626
0.0001034	14.0
0.00010325	4.84256157
0.00010324	21.79383036
0.00010312	966.35366224
0.00010303	1543.91112619
0.00010299	4842.70317507
0.0001029	40.71127308
0.00010287	4.94531934
0.00010285	1000.0
0.00010275	6.10306863
0.00010251	11173.0158911
0.0001025	5414.24723854
0.00010237	4050.07664697
0.00010234	21.98385976
0.0001023	4.88748814
0.000102	48855.3044515
0.00010189	978.9969575
0.00010145	22.1772322
0.00010138	9839.21878082
0.00010135	4.93325613
0.00010123	98.53798281
0.00010122	461.3712705
0.00010116	4930.3084223
0.000101	4943.35608193
0.00010073	2000.0
0.00010069	368.05986617
0.00010056	22.37403668
0.00011501	295.32243447
0.00011496	2000.0
0.00011494	1369.45190331
0.00011493	1471.06077041
0.00011492	98.7
0.00011474	224.12018477
0.00011471	44.11765714
0.0001147	72.72681818
0.00011414	88116.0
0.00011413	23712.613
0.00011411	964.02436352
0.00011407	30.0
0.00011401	8.74940751
0.0001134	3025.51954791
0.000112	1128.70002812
0.00011199	88116.0
0.00011159	30.0
0.00011097	5156.98942552
0.0001108	300.0
0.00011067	16072.5304876
0.00011024	76.25
0.00011009	1024.29986652
0.00011002	22001.0
0.00011	1006.56818182
0.00010989	4.54980392
0.00010973	243.72698464
0.00010972	12051.9110962
0.0001097	2609.227094
0.0001096	2753.0994797
0.00010958	26045.1513032
0.0001095	1821.91780822
0.00010902	482.19589336
0.000109	500.0
0.00010894	4.58944037
0.00010875	917.24711209
0.00010874	1742.91888909
0.0001087	4534.09090909
0.00010865	758.81169995
0.00010856	455.0020537
0.00010837	200.0
0.00010802	923.44587521
0.000108	19253.6160293
0.00010799	4.6297735
0.00010793	277.26304086
0.00010763	4633.93106011
0.0001075	1000.0
0.00010743	250.0
0.00010704	4.67082182
0.000107	9790.1295715
0.00010696	285.47961855
0.00010681	1802.9733269
0.0001068	1676.84485771
0.0001063	40.42615239
0.00010619	37.53292258
0.00010609	4.71260454
0.00010602	9408.66104839
0.00010601	11900.0
0.000106	3142.84632223
0.00010591	88.76493962
0.00010575	9.11936667
0.0001057	5433.0
0.00010569	6000.0
0.00010568	5000.0
0.00010564	1230.34310972
0.00010519	1517.26387988
0.00010514	977.65992821
0.0001051	50.0
0.00010502	21.42345981
0.000105	23709.294585
0.00010499	4.78218545
0.0001049	237.7264061
0.00010456	400.0
0.0001042	4.79845343
0.00010413	182.64849606
0.000104	19379.6179748
0.00010385	110.0
0.00010341	964.74503626
0.0001034	14.0
0.00010325	4.84256157
0.00010324	21.79383036
0.00010312	966.35366224
0.00010303	1543.91112619
0.00010299	4842.70317507
0.0001029	40.71127308
0.00010287	4.94531934
0.00010285	1000.0
0.00010275	6.10306863
0.00010251	11173.0158911
0.0001025	5414.24723854
0.00010237	4050.07664697
0.00010234	21.98385976
0.0001023	4.88748814
0.000102	48855.3044515
0.00010189	978.9969575
0.00010145	22.1772322
0.00010138	9839.21878082
0.00010135	4.93325613
0.00010123	98.53798281
0.00010122	461.3712705
0.00010116	4930.3084223
0.0001151	1468.88804816
0.00011509	5057.28649448
0.00011508	1498.78831119
0.00011476	20549.808
0.00011474	296.84700295
0.00011416	150.0
0.00011414	88116.0
0.00011413	2000.0
0.00011407	30.0
0.00011401	8.74940751
0.0001134	3025.51954791
0.000112	1128.70002812
0.00011199	88116.0
0.00011159	30.0
0.00011097	5156.98942552
0.0001108	240.0
0.00011067	16072.5304876
0.00011024	76.25
0.00011009	1024.29986652
0.00011002	22001.0
0.00011	1006.56818182
0.00010989	4.54980392
0.00010973	243.72698464
0.00010972	12051.9110962
0.0001097	2609.227094
0.0001096	2753.0994797
0.00010958	26045.1513032
0.0001095	1821.91780822
0.00010904	805.93698353
0.000109	500.0
0.00010894	4.58944037
0.00010875	917.24711209
0.00010874	1742.91888909
0.0001087	4534.09090909
0.00010865	758.81169995
0.00010856	455.0020537
0.00010837	200.0
0.000108	19253.6160293
0.00010799	4.6297735
0.00010793	277.26304086
0.00010763	4633.93106011
0.0001075	1000.0
0.00010743	260.0
0.00010704	4.67082182
0.000107	9790.1295715
0.00010696	285.47961855
0.00010681	1802.9733269
0.0001068	1676.84485771
0.0001063	40.42615239
0.00010619	37.53292258
0.00010609	4.71260454
0.00010602	9408.66104839
0.00010601	11900.0
0.000106	3142.84632223
0.00010591	88.76493962
0.00010575	9.11936667
0.0001057	5433.0
0.00010569	6000.0
0.00010568	5000.0
0.00010564	1230.34310972
0.00010519	1517.26387988
0.00010514	977.65992821
0.0001051	50.0
0.00010502	21.42345981
0.000105	23720.694585
0.00010499	4.78218545
0.0001049	237.7264061
0.00010456	400.0
0.0001042	4.79845343
0.00010413	182.64849606
0.000104	19379.6179748
0.00010385	110.0
0.00010341	964.74503626
0.0001034	14.0
0.00010325	4.84256157
0.00010324	21.79383036
0.00010312	966.35366224
0.00010303	1543.91112619
0.00010299	4842.70317507
0.0001029	40.71127308
0.00010287	4.94531934
0.00010285	1000.0
0.00010275	6.10306863
0.00010251	11173.0158911
0.0001025	5414.24723854
0.00010237	4050.07664697
0.00010234	21.98385976
0.0001023	4.88748814
0.000102	48855.3044515
0.00010189	978.9969575
0.00010145	22.1772322
0.00010138	9839.21878082
0.00010135	4.93325613
0.00010123	98.53798281
0.00010122	461.3712705
0.00010116	4930.3084223
0.000101	4943.35608193
0.00010073	2000.0
0.00010069	368.05986617
0.00010056	22.37403668
0.00011501	1470.03751276
0.000115	434.17089587
0.00011477	2000.0
0.00011474	296.84700295
0.00011413	2000.0
0.00011407	30.0
0.00011401	8.74940751
0.0001135	18938.628
0.0001134	3025.51954791
0.00011204	5194.95807434
0.00011202	103124.513
0.000112	1128.70002812
0.00011159	30.0
0.00011097	5156.98942552
0.00011087	88116.0
0.0001108	190.0
0.00011067	16072.5304876
0.00011024	1076.25
0.00011009	24.29986652
0.00011002	22001.0
0.00011	1006.56818182
0.00010989	4.54980392
0.00010973	243.72698464
0.00010972	12051.9110962
0.0001097	2609.227094
0.0001096	2753.0994797
0.00010958	26045.1513032
0.0001095	1821.91780822
0.00010905	800.23342218
0.000109	500.0
0.00010894	4.58944037
0.00010874	1742.91888909
0.0001087	4534.09090909
0.00010865	758.81169995
0.00010856	455.0020537
0.00010837	200.0
0.00010801	923.53137155
0.000108	19253.6160293
0.00010799	4.6297735
0.00010793	277.26304086
0.00010764	926.70590339
0.00010763	4633.93106011
0.0001075	1000.0
0.00010743	260.0
0.00010704	4.67082182
0.000107	9790.1295715
0.00010696	285.47961855
0.00010681	1802.9733269
0.0001068	1676.84485771
0.0001063	40.42615239
0.00010619	37.53292258
0.00010609	4.71260454
0.00010602	9408.66104839
0.00010601	11900.0
0.000106	3142.84632223
0.00010591	88.76493962
0.00010575	9.11936667
0.0001057	5433.0
0.00010569	6000.0
0.00010568	5000.0
0.00010564	1230.34310972
0.00010519	1517.26387988
0.00010514	977.65992821
0.0001051	50.0
0.00010502	21.42345981
0.000105	23720.694585
0.00010499	4.78218545
0.0001049	237.7264061
0.00010456	400.0
0.0001042	4.79845343
0.00010413	21.60705806
0.000104	19379.6179748
0.00010385	110.0
0.00010341	964.74503626
0.0001034	14.0
0.00010325	4.84256157
0.00010324	21.79383036
0.00010312	966.35366224
0.00010303	1543.91112619
0.00010299	4842.70317507
0.0001029	40.71127308
0.00010287	4.94531934
0.00010285	1000.0
0.00010275	6.10306863
0.00010252	163.58643
0.00010251	11173.0158911
0.0001025	5414.24723854
0.00010237	4050.07664697
0.00010234	21.98385976
0.0001023	4.88748814
0.000102	48855.3044515
0.00010189	978.9969575
0.00010145	22.1772322
0.00010138	9839.21878082
0.00010135	4.93325613
0.00010123	98.53798281
0.00010122	461.3712705
0.00010116	4930.3084223
0.000101	4943.35608193
0.00010073	2000.0
0.00011502	9.25952525
0.00011501	1470.03751276
0.000115	434.17089587
0.00011477	2000.0
0.00011474	296.84700295
0.00011426	318.95922414
0.00011413	2000.0
0.00011407	30.0
0.00011401	8.74940751
0.0001135	200.0
0.00011341	26398.513
0.0001134	3025.51954791
0.00011208	5193.10405647
0.00011205	981.74840466
0.00011202	88116.0
0.000112	1128.70002812
0.00011159	30.0
0.00011097	5156.98942552
0.00011087	88116.0
0.0001108	190.0
0.00011067	16072.5304876
0.00011024	1076.25
0.00011009	24.29986652
0.00011002	22001.0
0.00011	1366.56818182
0.00010989	4.54980392
0.00010973	243.72698464
0.00010972	12051.9110962
0.0001097	2609.227094
0.0001096	2753.0994797
0.00010958	26045.1513032
0.0001095	1821.91780822
0.00010905	800.23342218
0.000109	500.0
0.00010894	4.58944037
0.00010875	2047.03727156
0.00010874	1742.91888909
0.0001087	4534.09090909
0.00010865	758.81169995
0.00010856	455.0020537
0.00010837	200.0
0.00010801	923.53137155
0.000108	19253.6160293
0.00010799	4.6297735
0.00010793	277.26304086
0.00010764	926.70590339
0.00010763	4633.93106011
0.0001075	1000.0
0.00010743	260.0
0.00010704	4.67082182
0.000107	9790.1295715
0.00010696	285.47961855
0.00010681	1802.9733269
0.0001068	1676.84485771
0.0001063	40.42615239
0.00010619	37.53292258
0.00010609	4.71260454
0.00010602	9408.66104839
0.00010601	11900.0
0.000106	3142.84632223
0.00010591	88.76493962
0.00010575	9.11936667
0.0001057	5433.0
0.00010569	6000.0
0.00010568	5000.0
0.00010564	1230.34310972
0.00010519	1517.26387988
0.00010514	977.65992821
0.0001051	50.0
0.00010502	21.42345981
0.000105	23720.694585
0.00010499	4.78218545
0.0001049	237.7264061
0.00010456	400.0
0.0001042	4.79845343
0.00010413	21.60705806
0.000104	19379.6179748
0.00010385	110.0
0.00010341	964.74503626
0.0001034	14.0
0.00010325	4.84256157
0.00010324	21.79383036
0.00010312	966.35366224
0.00010303	1543.91112619
0.00010299	4842.70317507
0.0001029	40.71127308
0.00010287	4.94531934
0.00010285	1000.0
0.00010275	6.10306863
0.00010252	163.58643
0.00010251	11173.0158911
0.0001025	5414.24723854
0.00010237	4050.07664697
0.00010234	21.98385976
0.0001023	4.88748814
0.000102	48855.3044515
0.00010189	978.9969575
0.00010145	22.1772322
0.00010138	9839.21878082
0.00010135	4.93325613
0.00011502	161.96929964
0.00011501	1470.03751276
0.000115	434.17089587
0.00011477	2000.0
0.00011474	296.84700295
0.00011426	318.95922414
0.00011413	2000.0
0.00011407	30.0
0.00011401	8.74940751
0.00011343	20245.644
0.00011342	200.0
0.0001134	3025.51954791
0.00011204	5194.95807434
0.00011202	88116.0
0.00011201	55311.29
0.000112	1128.70002812
0.00011164	22.99865639
0.00011159	30.0
0.00011097	5156.98942552
0.00011087	88116.0
0.0001108	190.0
0.00011067	16072.5304876
0.00011024	1076.25
0.00011009	24.29986652
0.00011002	22001.0
0.00011	1366.56818182
0.00010989	4.54980392
0.00010973	243.72698464
0.00010972	12051.9110962
0.0001097	2609.227094
0.0001096	2753.0994797
0.00010958	26045.1513032
0.0001095	1821.91780822
0.00010905	800.23342218
0.000109	500.0
0.00010894	4.58944037
0.00010875	2047.03727156
0.00010874	1742.91888909
0.0001087	4534.09090909
0.00010865	758.81169995
0.00010856	455.0020537
0.00010837	200.0
0.00010801	923.53137155
0.000108	19253.6160293
0.00010799	4.6297735
0.00010793	277.26304086
0.00010764	926.70590339
0.00010763	4633.93106011
0.0001075	1000.0
0.00010743	260.0
0.00010704	4.67082182
0.000107	9790.1295715
0.00010696	285.47961855
0.00010681	1802.9733269
0.0001068	1676.84485771
0.0001063	40.42615239
0.00010619	37.53292258
0.00010609	4.71260454
0.00010602	9408.66104839
0.00010601	11900.0
0.000106	3142.84632223
0.00010591	88.76493962
0.00010575	9.11936667
0.0001057	5433.0
0.00010569	6000.0
0.00010568	5000.0
0.00010564	1230.34310972
0.00010519	1517.26387988
0.00010514	977.65992821
0.0001051	50.0
0.00010502	21.42345981
0.000105	23720.694585
0.00010499	4.78218545
0.0001049	237.7264061
0.00010456	400.0
0.0001042	4.79845343
0.00010413	21.60705806
0.000104	19379.6179748
0.00010385	110.0
0.00010341	964.74503626
0.0001034	14.0
0.00010325	4.84256157
0.00010324	21.79383036
0.00010312	966.35366224
0.00010303	1543.91112619
0.00010299	4842.70317507
0.00010287	4.94531934
0.00010285	1000.0
0.00010275	6.10306863
0.00010252	163.58643
0.00010251	11173.0158911
0.0001025	5414.24723854
0.00010237	4050.07664697
0.00010234	21.98385976
0.0001023	4.88748814
0.000102	48855.3044515
0.00010189	978.9969575
0.00010145	22.1772322
0.00010138	9839.21878082
0.00010135	4.93325613
0.00011426	318.95922414
0.00011414	1481.24245964
0.00011413	2000.0
0.00011407	30.0
0.00011401	8.74940751
0.00011342	200.0
0.00011341	17936.098
0.0001134	3025.51954791
0.00011218	980.59608356
0.00011204	5194.95807434
0.00011202	88116.0
0.00011201	41070.567
0.000112	1128.70002812
0.00011164	22.99865639
0.00011159	30.0
0.00011097	5156.98942552
0.00011087	88116.0
0.0001108	190.0
0.00011067	16072.5304876
0.00011024	1076.25
0.00011009	24.29986652
0.00011002	22001.0
0.00011	1366.56818182
0.00010989	4.54980392
0.00010973	243.72698464
0.00010972	12051.9110962
0.0001097	2609.227094
0.0001096	2753.0994797
0.00010958	26045.1513032
0.0001095	1821.91780822
0.00010905	800.23342218
0.00010901	2198.83805409
0.000109	500.0
0.00010894	4.58944037
0.00010874	1742.91888909
0.0001087	4534.09090909
0.00010865	758.81169995
0.00010856	455.0020537
0.00010848	200.0
0.00010801	923.53137155
0.000108	19253.6160293
0.00010799	4.6297735
0.00010793	277.26304086
0.00010764	926.70590339
0.00010763	4633.93106011
0.0001075	1000.0
0.00010743	260.0
0.00010704	4.67082182
0.000107	9790.1295715
0.00010696	285.47961855
0.00010681	1802.9733269
0.0001068	1676.84485771
0.0001063	40.42615239
0.00010619	37.53292258
0.00010609	4.71260454
0.00010602	9408.66104839
0.00010601	11900.0
0.000106	3142.84632223
0.00010591	88.76493962
0.00010575	9.11936667
0.0001057	5433.0
0.00010569	6000.0
0.00010568	5000.0
0.00010564	1230.34310972
0.00010519	1517.26387988
0.00010514	977.65992821
0.0001051	50.0
0.00010502	21.42345981
0.000105	23720.694585
0.00010499	4.78218545
0.0001049	237.7264061
0.00010456	400.0
0.0001042	4.79845343
0.00010413	21.60705806
0.000104	19379.6179748
0.00010385	110.0
0.00010341	964.74503626
0.0001034	14.0
0.00010325	4.84256157
0.00010324	21.79383036
0.00010312	966.35366224
0.00010303	1543.91112619
0.00010299	4842.70317507
0.00010287	4.94531934
0.00010285	1000.0
0.00010275	6.10306863
0.00010252	163.58643
0.00010251	11173.0158911
0.0001025	5414.24723854
0.00010237	4050.07664697
0.00010234	21.98385976
0.0001023	4.88748814
0.000102	48855.3044515
0.00010189	978.9969575
0.00010145	22.1772322
0.00010138	9839.21878082
0.00010135	4.93325613
0.00010123	98.53798281
0.00010122	461.3712705
0.00010116	4930.3084223
0.00011426	288.95922414
0.00011413	2000.0
0.00011407	30.0
0.00011401	8.74940751
0.00011343	1490.51409982
0.00011342	200.0
0.0001134	3025.51954791
0.00011244	25943.719
0.00011223	5186.16325982
0.00011202	88116.0
0.000112	1128.70002812
0.00011164	22.99865639
0.00011159	30.0
0.00011097	5156.98942552
0.00011087	88116.0
0.0001108	190.0
0.00011067	16072.5304876
0.00011024	1076.25
0.00011009	24.29986652
0.00011002	22001.0
0.00011	1366.56818182
0.00010989	4.54980392
0.00010973	243.72698464
0.00010972	12051.9110962
0.0001097	2609.227094
0.0001096	2753.0994797
0.00010958	26045.1513032
0.0001095	1821.91780822
0.00010905	800.23342218
0.000109	500.0
0.00010894	4.58944037
0.00010875	2260.55374574
0.00010874	1742.91888909
0.0001087	4534.09090909
0.00010865	758.81169995
0.00010856	455.0020537
0.00010848	200.0
0.00010801	923.53137155
0.000108	19253.6160293
0.00010799	4.6297735
0.00010793	277.26304086
0.00010763	4633.93106011
0.0001075	1000.0
0.00010743	260.0
0.00010704	4.67082182
0.000107	9790.1295715
0.00010696	285.47961855
0.00010681	1802.9733269
0.0001068	1676.84485771
0.0001063	40.42615239
0.00010619	37.53292258
0.00010609	4.71260454
0.00010602	9408.66104839
0.00010601	11900.0
0.000106	3142.84632223
0.00010591	88.76493962
0.00010576	943.17911725
0.00010575	9.11936667
0.0001057	5433.0
0.00010569	6000.0
0.00010568	5000.0
0.00010564	1230.34310972
0.00010519	1517.26387988
0.00010514	977.65992821
0.0001051	50.0
0.00010502	21.42345981
0.000105	23720.694585
0.00010499	4.78218545
0.0001049	237.7264061
0.00010456	400.0
0.0001042	4.79845343
0.00010413	21.60705806
0.000104	19379.6179748
0.00010385	110.0
0.00010341	964.74503626
0.0001034	14.0
0.00010325	4.84256157
0.00010324	21.79383036
0.00010312	966.35366224
0.00010303	1543.91112619
0.00010299	4842.70317507
0.00010287	4.94531934
0.00010285	1000.0
0.00010275	6.10306863
0.00010251	11173.0158911
0.0001025	5414.24723854
0.00010237	4050.07664697
0.00010234	21.98385976
0.0001023	4.88748814
0.00010201	164.404362
0.000102	48855.3044515
0.00010189	978.9969575
0.00010145	22.1772322
0.00010138	9839.21878082
0.00010135	4.93325613
0.00010123	98.53798281
0.00010122	461.3712705
0.00010116	4930.3084223
0.000101	4943.35608193
0.00010073	2000.0
0.00011474	8026.00341193
0.00011426	1030.55883161
0.00011413	2000.0
0.00011407	30.0
0.00011401	8.74940751
0.00011343	1490.51409982
0.00011342	200.0
0.0001134	3025.51954791
0.00011244	25943.719
0.00011243	248.1584457
0.00011206	5194.03089996
0.00011204	981.83603338
0.00011203	48187.492
0.00011202	88116.0
0.000112	1128.70002812
0.00011164	22.99865639
0.00011159	30.0
0.00011097	5156.98942552
0.00011087	88116.0
0.0001108	190.0
0.00011067	16072.5304876
0.00011024	1076.25
0.00011009	24.29986652
0.00011002	22001.0
0.00011	1366.56818182
0.00010989	4.54980392
0.00010973	815.60476012
0.00010972	12051.9110962
0.0001097	2609.227094
0.0001096	2753.0994797
0.00010958	26045.1513032
0.0001095	1821.91780822
0.000109	500.0
0.00010894	4.58944037
0.00010874	1742.91888909
0.0001087	4534.09090909
0.00010865	758.81169995
0.00010856	455.0020537
0.00010848	200.0
0.000108	19253.6160293
0.00010799	4.6297735
0.00010793	277.26304086
0.00010763	4633.93106011
0.0001075	1000.0
0.00010743	260.0
0.00010704	4.67082182
0.000107	9790.1295715
0.00010696	285.47961855
0.00010681	1802.9733269
0.0001068	1676.84485771
0.0001063	40.42615239
0.00010619	37.53292258
0.00010609	4.71260454
0.00010603	940.77735962
0.00010602	9408.66104839
0.00010601	11900.0
0.000106	3142.84632223
0.00010591	88.76493962
0.00010576	943.17911725
0.00010575	9.11936667
0.0001057	5433.0
0.00010569	6000.0
0.00010568	5000.0
0.00010564	1230.34310972
0.00010519	1517.26387988
0.00010514	977.65992821
0.0001051	50.0
0.00010502	21.42345981
0.000105	23720.694585
0.00010499	4.78218545
0.0001049	237.7264061
0.00010456	400.0
0.0001042	4.79845343
0.00010413	21.60705806
0.000104	19379.6179748
0.00010385	110.0
0.00010341	964.74503626
0.0001034	14.0
0.00010325	4.84256157
0.00010324	21.79383036
0.00010312	966.35366224
0.00010303	1543.91112619
0.00010299	4842.70317507
0.00010287	4.94531934
0.00010285	1000.0
0.00010275	6.10306863
0.00010251	11173.0158911
0.0001025	5414.24723854
0.00010237	4050.07664697
0.00010234	21.98385976
0.0001023	4.88748814
0.00010201	164.404362
0.000102	48855.3044515
0.00010189	978.9969575
0.00010145	22.1772322
0.00010138	9839.21878082
0.00010135	4.93325613
0.00010123	98.53798281
0.00010122	461.3712705
0.00010116	4930.3084223
0.00011426	1030.55883161
0.00011413	2000.0
0.00011407	30.0
0.00011401	8.74940751
0.00011344	20517.378
0.00011343	1490.51409982
0.00011342	200.0
0.0001134	3025.51954791
0.00011243	248.1584457
0.00011208	981.44182727
0.00011206	5194.03089996
0.00011203	13174.832
0.00011202	88116.0
0.00011201	23188.669
0.000112	1128.70002812
0.00011164	22.99865639
0.00011159	30.0
0.00011097	5156.98942552
0.00011087	88116.0
0.0001108	190.0
0.00011067	16072.5304876
0.00011024	1076.25
0.00011009	24.29986652
0.00011002	22001.0
0.00011	1366.56818182
0.0001099	889.66219428
0.00010989	4.54980392
0.00010973	243.72698464
0.00010972	12051.9110962
0.0001097	2609.227094
0.0001096	2753.0994797
0.00010958	26045.1513032
0.0001095	1821.91780822
0.000109	500.0
0.00010894	4.58944037
0.00010874	1742.91888909
0.0001087	4534.09090909
0.00010865	758.81169995
0.00010856	455.0020537
0.00010848	200.0
0.000108	19253.6160293
0.00010799	4.6297735
0.00010793	277.26304086
0.00010763	4633.93106011
0.0001075	1000.0
0.00010743	260.0
0.00010704	4.67082182
0.000107	9790.1295715
0.00010696	285.47961855
0.00010681	1802.9733269
0.0001068	1676.84485771
0.0001063	40.42615239
0.00010619	37.53292258
0.00010609	4.71260454
0.00010603	940.77735962
0.00010602	9408.66104839
0.00010601	11900.0
0.000106	3142.84632223
0.00010591	88.76493962
0.00010576	943.17911725
0.00010575	9.11936667
0.0001057	5433.0
0.00010569	6000.0
0.00010568	5000.0
0.00010564	1230.34310972
0.00010519	1517.26387988
0.00010514	977.65992821
0.0001051	50.0
0.00010502	21.42345981
0.000105	23720.694585
0.00010499	4.78218545
0.0001049	237.7264061
0.00010456	400.0
0.0001042	4.79845343
0.00010413	21.60705806
0.000104	19379.6179748
0.00010385	110.0
0.00010341	964.74503626
0.0001034	14.0
0.00010325	4.84256157
0.00010324	21.79383036
0.00010312	966.35366224
0.00010303	1543.91112619
0.00010299	4842.70317507
0.00010287	4.94531934
0.00010285	1000.0
0.00010275	6.10306863
0.00010251	11173.0158911
0.0001025	5414.24723854
0.00010237	4050.07664697
0.00010234	21.98385976
0.0001023	4.88748814
0.00010201	164.404362
0.000102	48855.3044515
0.00010189	978.9969575
0.00010145	22.1772322
0.00010138	9839.21878082
0.00010135	4.93325613
0.00010123	98.53798281
0.00010122	461.3712705
