0.00017855	32.58411242
0.00017853	3.64796968
0.00017852	2.97417656
0.0001785	90.0
0.000178	410.0
0.0001779	7.16428245
0.00017719	5073.318
0.00017643	386.70548289
0.00017642	2012.2435098
0.000176	17.00284091
0.00017576	3.25306724
0.00017562	2155.193
0.00017561	525.82929179
0.0001756	20.0
0.00017524	4984.0
0.00017523	3.99479562
0.000175	1312.5
0.0001749	817.31043654
0.00017489	50.0
0.00017486	59.31366481
0.00017485	20.70695566
0.0001746	40.0
0.00017436	1000.0
0.00017392	25.0
0.00017379	1161.16419353
0.00017377	30.0
0.00017373	1468.0903226
0.0001736	60.0
0.00017303	37.50291856
0.000173	288.29479769
0.00017291	99.84277285
0.00017267	75.0
0.0001726	80.0
0.00017186	25.0
0.00017182	25.0
0.00017161	577.74688038
0.0001716	80.0
0.00017111	1915.11260812
0.00017101	1388.80767206
0.000171	8592.43414167
0.00017088	32.83617119
0.00017085	100.35136084
0.0001706	100.0
0.00017051	1044.59807607
0.00017002	11.76332196
0.00017001	22.19188096
0.00017	1453.18294676
0.0001697	197.0
0.0001693	101.0
0.00016908	108.67980778
0.000169	97.0
0.0001689	118.11722913
0.00016815	116.48903314
0.0001674	4.5
0.00016724	52.91005291
0.00016712	25.0
0.00016702	15.45372485
0.000167	59.73053892
0.0001666	150.0
0.00016515	324.51674142
0.00016505	4.83489852
0.00016501	3022.54408824
0.000165	755.68181818
0.0001645	10.0
0.00016394	3.05050629
0.0001638	61.0
0.0001636	180.0
0.00016333	3855.79585055
0.00016332	3.4992
0.00016264	7.2120517
0.000162	9236.11111111
0.000161	4027.17806414
0.00016085	10.0
0.00016	2183.02170516
0.00015932	3.36317031
0.00015913	376.25
0.000158	3471.85958852
0.00015735	4.5
0.00015622	11.61626084
0.000156	319.71153846
0.00015551	160.35946241
0.000155	755.68181818
0.00015485	8.56912134
0.00015342	7.37737736
0.00015341	19.60058966
0.000153	150.0
0.00015262	2000.0
0.00015255	50.0
0.00015149	212.13635065
0.00015085	10.0
0.0001508	3.54971192
0.00015049	17.60108103
0.00015047	7.1115479
0.00015046	4.16988
0.00015005	600.0
0.00015003	100.0
0.00015001	5000.0
0.00015	1308.7889335
0.0001497	13.359231
0.00014912	50.0
0.00017858	3.64694829
0.00017857	32.51868386
0.00017856	2.9735103
0.0001785	90.0
0.000178	410.0
0.0001779	7.16428245
0.00017725	835.596
0.00017724	384.93821004
0.00017643	6047.978
0.00017642	2012.2435098
0.000176	17.00284091
0.00017576	3.25306724
0.00017561	100.0
0.0001756	20.0
0.00017524	4984.0
0.00017523	3.99479562
0.000175	1312.5
0.0001749	817.31043654
0.00017489	50.0
0.00017486	59.31366481
0.00017485	20.70695566
0.0001746	40.0
0.00017436	1000.0
0.00017392	25.0
0.00017379	1161.16419353
0.00017377	30.0
0.00017373	1468.0903226
0.0001736	60.0
0.00017303	37.50291856
0.000173	288.29479769
0.00017291	99.84277285
0.00017267	75.0
0.0001726	80.0
0.00017186	25.0
0.00017182	25.0
0.00017161	577.74688038
0.0001716	80.0
0.00017111	1915.11260812
0.00017101	1388.80767206
0.000171	8592.43414167
0.00017088	32.83617119
0.00017085	100.35136084
0.0001706	100.0
0.00017051	1044.59807607
0.00017002	11.76332196
0.00017001	22.19188096
0.00017	1453.18294676
0.0001697	197.0
0.0001693	101.0
0.00016908	108.67980778
0.000169	97.0
0.0001689	118.11722913
0.00016815	116.48903314
0.0001674	4.5
0.00016724	52.91005291
0.00016712	25.0
0.00016702	15.45372485
0.000167	59.73053892
0.0001666	150.0
0.00016515	324.51674142
0.00016505	4.83489852
0.00016501	3022.54408824
0.000165	755.68181818
0.0001645	10.0
0.00016394	3.05050629
0.0001638	61.0
0.0001636	180.0
0.00016333	3855.79585055
0.00016332	3.4992
0.00016264	7.2120517
0.000162	9236.11111111
0.000161	4027.17806414
0.00016085	10.0
0.00016	2183.02170516
0.00015932	3.36317031
0.00015913	376.25
0.000158	3471.85958852
0.00015735	4.5
0.00015622	11.61626084
0.000156	319.71153846
0.00015551	160.35946241
0.000155	755.68181818
0.00015485	8.56912134
0.00015342	7.37737736
0.00015341	19.60058966
0.000153	150.0
0.00015262	2000.0
0.00015255	50.0
0.00015149	212.13635065
0.00015085	10.0
0.0001508	3.54971192
0.00015049	17.60108103
0.00015047	7.1115479
0.00015046	4.16988
0.00015005	600.0
0.00015003	100.0
0.00015001	5000.0
0.00015	1308.7889335
0.0001497	13.359231
0.00014912	50.0
0.0001788	450.0
0.00017858	3.64694829
0.00017856	2.9735103
0.00017851	414.6668
0.0001785	90.0
0.000178	410.0
0.0001779	7.16428245
0.00017737	1211.491
0.00017736	831.2731
0.000176	17.00284091
0.00017576	3.25306724
0.00017571	6408.064
0.0001757	2493.6505
0.00017561	100.0
0.0001756	20.0
0.00017527	621.39767834
0.00017524	4984.0
0.00017523	3.99479562
0.000175	1312.5
0.0001749	817.31043654
0.00017489	50.0
0.00017486	59.31366481
0.00017485	20.70695566
0.0001746	40.0
0.00017436	1000.0
0.00017392	25.0
0.00017379	534.47467698
0.00017377	30.0
0.00017373	1468.0903226
0.0001736	60.0
0.00017303	37.50291856
0.000173	288.29479769
0.00017291	99.84277285
0.00017267	75.0
0.0001726	80.0
0.00017186	25.0
0.00017182	25.0
0.00017161	577.74688038
0.0001716	80.0
0.00017111	1915.11260812
0.00017101	1388.80767206
0.000171	8592.43414167
0.00017088	32.83617119
0.00017085	100.35136084
0.0001706	100.0
0.00017051	1044.59807607
0.00017002	11.76332196
0.00017001	22.19188096
0.00017	1453.18294676
0.0001697	197.0
0.0001693	101.0
0.00016908	108.67980778
0.000169	97.0
0.0001689	118.11722913
0.00016815	116.48903314
0.0001674	4.5
0.00016724	52.91005291
0.00016712	25.0
0.00016702	15.45372485
0.000167	59.73053892
0.0001666	150.0
0.00016515	324.51674142
0.00016505	4.83489852
0.00016501	3022.54408824
0.000165	755.68181818
0.0001645	10.0
0.00016394	3.05050629
0.0001638	61.0
0.0001636	180.0
0.00016333	3855.79585055
0.00016332	3.4992
0.00016264	7.2120517
0.000162	9236.11111111
0.000161	4027.17806414
0.00016085	10.0
0.00016	2183.02170516
0.00015932	3.36317031
0.00015913	376.25
0.000158	3471.85958852
0.00015735	4.5
0.00015622	11.61626084
0.000156	319.71153846
0.00015551	160.35946241
0.000155	755.68181818
0.00015485	8.56912134
0.00015342	7.37737736
0.00015341	19.60058966
0.000153	150.0
0.00015262	2000.0
0.00015255	50.0
0.00015149	212.13635065
0.00015085	10.0
0.0001508	3.54971192
0.00015049	17.60108103
0.00015047	7.1115479
0.00015046	4.16988
0.00015005	600.0
0.00015003	100.0
0.00015001	5000.0
0.00015	1308.7889335
0.00017901	12.35933761
0.000179	549.38605349
0.00017882	2.96918688
0.0001788	450.0
0.00017858	3.64694829
0.0001785	90.0
0.000178	410.0
0.0001779	7.16428245
0.00017643	1639.5433
0.00017642	7334.644
0.00017639	386.45944851
0.000176	17.00284091
0.00017576	3.25306724
0.00017562	2.84701562
0.00017561	100.0
0.0001756	20.0
0.00017526	621.4331341
0.00017524	4984.0
0.00017523	3.99479562
0.000175	1312.5
0.0001749	817.31043654
0.00017489	50.0
0.00017486	59.31366481
0.00017485	20.70695566
0.0001746	40.0
0.00017436	1000.0
0.00017392	25.0
0.00017379	534.47467698
0.00017377	30.0
0.00017373	1468.0903226
0.0001736	60.0
0.00017303	37.50291856
0.000173	288.29479769
0.00017291	99.84277285
0.00017267	75.0
0.0001726	80.0
0.00017186	25.0
0.00017182	25.0
0.00017161	577.74688038
0.0001716	80.0
0.00017111	1915.11260812
0.00017101	1388.80767206
0.000171	8592.43414167
0.00017088	32.83617119
0.00017085	100.35136084
0.0001706	100.0
0.00017051	1044.59807607
0.00017002	11.76332196
0.00017001	22.19188096
0.00017	1453.18294676
0.0001697	197.0
0.0001693	101.0
0.00016908	108.67980778
0.000169	97.0
0.0001689	118.11722913
0.00016815	116.48903314
0.0001674	4.5
0.00016724	52.91005291
0.00016712	25.0
0.00016702	15.45372485
0.000167	59.73053892
0.0001666	150.0
0.00016515	324.51674142
0.00016505	4.83489852
0.00016501	3022.54408824
0.000165	755.68181818
0.0001645	10.0
0.00016394	3.05050629
0.0001638	61.0
0.0001636	180.0
0.00016333	3855.79585055
0.00016332	3.4992
0.00016264	7.2120517
0.000162	9236.11111111
0.000161	4027.17806414
0.00016085	10.0
0.00016	2183.02170516
0.00015932	3.36317031
0.00015913	376.25
0.000158	3471.85958852
0.00015735	4.5
0.00015622	11.61626084
0.000156	319.71153846
0.00015551	160.35946241
0.000155	755.68181818
0.00015485	8.56912134
0.00015342	7.37737736
0.00015341	19.60058966
0.000153	150.0
0.00015262	2000.0
0.00015255	50.0
0.00015149	212.13635065
0.00015085	10.0
0.0001508	3.54971192
0.00015049	17.60108103
0.00015047	7.1115479
0.00015046	4.16988
0.00015005	600.0
0.00015003	100.0
0.00015001	5000.0
0.00017882	2.96918688
0.00017861	407.5876
0.0001786	1001.11758511
0.0001785	90.0
0.000178	410.0
0.0001779	7.16428245
0.00017681	7335.201
0.0001768	1636.4064
0.00017676	385.65778195
0.000176	17.00284091
0.00017576	3.25306724
0.00017561	100.0
0.0001756	20.0
0.00017524	4984.0
0.00017523	3.99479562
0.000175	1312.5
0.0001749	817.31043654
0.00017489	50.0
0.00017486	59.31366481
0.00017485	20.70695566
0.0001746	40.0
0.00017436	1000.0
0.00017392	25.0
0.00017379	534.47467698
0.00017377	30.0
0.00017373	1468.0903226
0.0001736	60.0
0.00017303	37.50291856
0.000173	288.29479769
0.00017291	99.84277285
0.00017267	75.0
0.0001726	80.0
0.00017187	576.8728815
0.00017186	25.0
0.00017182	25.0
0.0001716	80.0
0.00017111	1915.11260812
0.00017101	1388.80767206
0.000171	8592.43414167
0.00017088	32.83617119
0.00017085	100.35136084
0.0001706	100.0
0.00017051	1044.59807607
0.00017002	11.76332196
0.00017001	22.19188096
0.00017	1453.18294676
0.0001697	197.0
0.0001693	101.0
0.00016908	108.67980778
0.000169	97.0
0.0001689	118.11722913
0.00016815	116.48903314
0.0001674	4.5
0.00016724	52.91005291
0.00016712	25.0
0.00016702	15.45372485
0.000167	59.73053892
0.0001666	150.0
0.00016515	324.51674142
0.00016505	4.83489852
0.00016501	3022.54408824
0.000165	755.68181818
0.0001645	10.0
0.00016394	3.05050629
0.0001638	61.0
0.0001636	180.0
0.00016333	3855.79585055
0.00016332	3.4992
0.00016264	7.2120517
0.000162	9236.11111111
0.000161	4027.17806414
0.00016085	10.0
0.00016	2183.02170516
0.00015932	3.36317031
0.00015913	376.25
0.000158	3471.85958852
0.00015735	4.5
0.00015622	11.61626084
0.000156	319.71153846
0.00015551	160.35946241
0.000155	755.68181818
0.00015485	8.56912134
0.00015342	7.37737736
0.00015341	19.60058966
0.000153	150.0
0.00015262	2000.0
0.00015255	50.0
0.00015149	212.13635065
0.00015085	10.0
0.0001508	3.54971192
0.00015049	17.60108103
0.00015047	7.1115479
0.00015046	4.16988
0.00015005	600.0
0.00015003	100.0
0.00015001	5000.0
0.00015	1308.7889335
0.0001497	13.359231
0.00014912	50.0
0.00014898	1000.0
0.00017864	32.72064339
0.00017862	2.96918688
0.0001786	1001.11758511
0.0001785	90.0
0.000178	410.0
0.0001779	7.16428245
0.00017705	385.02609171
0.00017704	6719.287
0.00017701	2.86450874
0.000176	17.00284091
0.00017576	3.25306724
0.00017561	100.0
0.0001756	20.0
0.00017524	4984.0
0.00017523	3.99479562
0.00017504	716.561
0.00017502	622.28528786
0.000175	1312.5
0.0001749	817.31043654
0.00017489	50.0
0.00017486	59.31366481
0.00017485	20.70695566
0.0001746	40.0
0.00017455	378.11515325
0.00017437	532.69687511
0.00017436	1000.0
0.00017392	25.0
0.00017377	30.0
0.00017373	1468.0903226
0.0001736	60.0
0.00017303	37.50291856
0.000173	288.29479769
0.00017291	99.84277285
0.00017267	75.0
0.0001726	80.0
0.00017187	576.8728815
0.00017186	25.0
0.00017182	25.0
0.0001716	80.0
0.00017111	1915.11260812
0.00017101	1388.80767206
0.000171	8592.43414167
0.00017088	32.83617119
0.00017085	100.35136084
0.0001706	100.0
0.00017051	1044.59807607
0.00017002	11.76332196
0.00017001	22.19188096
0.00017	1453.18294676
0.0001697	197.0
0.0001693	101.0
0.00016908	108.67980778
0.000169	97.0
0.0001689	118.11722913
0.00016815	116.48903314
0.0001674	4.5
0.00016724	52.91005291
0.00016712	25.0
0.00016702	15.45372485
0.000167	59.73053892
0.0001666	150.0
0.00016515	324.51674142
0.00016505	4.83489852
0.00016501	3022.54408824
0.000165	755.68181818
0.0001645	10.0
0.00016394	3.05050629
0.0001638	61.0
0.0001636	180.0
0.00016333	3855.79585055
0.00016332	3.4992
0.00016264	7.2120517
0.000162	9236.11111111
0.000161	4027.17806414
0.00016085	10.0
0.00016	2183.02170516
0.00015932	3.36317031
0.00015913	376.25
0.000158	3471.85958852
0.00015735	4.5
0.00015622	11.61626084
0.000156	319.71153846
0.00015551	160.35946241
0.000155	755.68181818
0.00015485	8.56912134
0.00015342	7.37737736
0.00015341	19.60058966
0.000153	150.0
0.00015262	2000.0
0.00015255	50.0
0.00015149	212.13635065
0.00015085	10.0
0.0001508	3.54971192
0.00015049	17.60108103
0.00015047	7.1115479
0.00015046	4.16988
0.00015005	600.0
0.00015003	100.0
0.00015001	5000.0
0.00015	1308.7889335
0.00017865	5.18141617
0.00017862	2.96918688
0.0001786	1001.11758511
0.0001785	90.0
0.000178	410.0
0.0001779	7.16428245
0.00017724	1310.77
0.00017605	1584.2109
0.00017604	6043.46
0.00017601	387.30111663
0.000176	17.00284091
0.00017576	3.25306724
0.00017561	100.0
0.0001756	20.0
0.00017524	4984.0
0.00017523	3.99479562
0.000175	1312.5
0.0001749	817.31043654
0.00017489	50.0
0.00017486	59.31366481
0.00017485	20.70695566
0.0001746	40.0
0.00017439	624.53335101
0.00017437	532.69687511
0.00017436	1000.0
0.00017392	25.0
0.00017377	30.0
0.00017373	1468.0903226
0.0001736	60.0
0.00017303	37.50291856
0.000173	288.29479769
0.00017291	99.84277285
0.00017267	75.0
0.0001726	80.0
0.00017187	576.8728815
0.00017186	25.0
0.00017182	25.0
0.0001716	80.0
0.00017111	1915.11260812
0.00017101	1388.80767206
0.000171	8592.43414167
0.00017088	32.83617119
0.00017085	100.35136084
0.0001706	100.0
0.00017051	1044.59807607
0.00017002	11.76332196
0.00017001	22.19188096
0.00017	1453.18294676
0.0001697	197.0
0.0001693	101.0
0.00016908	108.67980778
0.000169	97.0
0.0001689	118.11722913
0.00016815	116.48903314
0.0001674	4.5
0.00016724	52.91005291
0.00016712	25.0
0.00016702	15.45372485
0.000167	59.73053892
0.0001666	150.0
0.00016515	324.51674142
0.00016505	4.83489852
0.00016501	3022.54408824
0.000165	755.68181818
0.0001645	10.0
0.00016394	3.05050629
0.0001638	61.0
0.0001636	180.0
0.00016333	3855.79585055
0.00016332	3.4992
0.00016264	7.2120517
0.000162	9236.11111111
0.000161	4027.17806414
0.00016085	10.0
0.00016	2183.02170516
0.00015932	3.36317031
0.00015913	376.25
0.000158	3471.85958852
0.00015735	4.5
0.00015622	11.61626084
0.000156	319.71153846
0.00015551	160.35946241
0.000155	755.68181818
0.00015485	8.56912134
0.00015342	7.37737736
0.00015341	19.60058966
0.000153	150.0
0.00015262	2000.0
0.00015255	50.0
0.00015149	212.13635065
0.00015085	10.0
0.0001508	3.54971192
0.00015049	17.60108103
0.00015047	7.1115479
0.00015046	4.16988
0.00015005	600.0
0.00015003	100.0
0.00015001	5000.0
0.00015	1308.7889335
0.0001497	13.359231
0.00017865	5.18141617
0.00017862	2.96918688
0.00017861	396.5334
0.0001786	1001.11758511
0.0001785	90.0
0.000178	410.0
0.0001779	7.16428245
0.0001773	1054.817
0.00017641	1534.905
0.0001764	6253.002
0.00017639	386.4667472
0.00017611	2015.78558855
0.000176	17.00284091
0.00017585	2.84333239
0.00017576	3.25306724
0.00017561	100.0
0.0001756	20.0
0.00017525	2025.67760342
0.00017524	4984.0
0.00017523	3.99479562
0.000175	1312.5
0.0001749	817.31043654
0.00017489	50.0
0.00017486	59.31366481
0.00017485	20.70695566
0.0001746	40.0
0.00017439	624.53335101
0.00017437	532.69687511
0.00017436	1000.0
0.00017392	25.0
0.00017377	30.0
0.00017373	1468.0903226
0.0001736	60.0
0.00017303	37.50291856
0.000173	288.29479769
0.00017291	99.84277285
0.00017267	75.0
0.0001726	80.0
0.00017187	576.8728815
0.00017186	25.0
0.00017182	25.0
0.0001716	80.0
0.00017111	1915.11260812
0.00017101	1388.80767206
0.000171	8592.43414167
0.00017088	32.83617119
0.00017085	100.35136084
0.0001706	100.0
0.00017051	1044.59807607
0.00017002	11.76332196
0.00017001	22.19188096
0.00017	1453.18294676
0.0001697	197.0
0.0001693	101.0
0.00016908	108.67980778
0.000169	97.0
0.0001689	118.11722913
0.00016815	116.48903314
0.0001674	4.5
0.00016724	52.91005291
0.00016712	25.0
0.00016702	15.45372485
0.000167	59.73053892
0.0001666	150.0
0.00016515	324.51674142
0.00016505	4.83489852
0.00016501	3022.54408824
0.000165	755.68181818
0.0001645	10.0
0.00016394	3.05050629
0.0001638	61.0
0.0001636	180.0
0.00016333	3855.79585055
0.00016332	3.4992
0.00016264	7.2120517
0.000162	9236.11111111
0.000161	4027.17806414
0.00016085	10.0
0.00016	2183.02170516
0.00015932	3.36317031
0.00015913	376.25
0.000158	3471.85958852
0.00015735	4.5
0.00015622	11.61626084
0.000156	319.71153846
0.00015551	160.35946241
0.000155	755.68181818
0.00015485	8.56912134
0.00015342	7.37737736
0.00015341	19.60058966
0.000153	150.0
0.00015262	2000.0
0.00015255	50.0
0.00015149	212.13635065
0.00015085	10.0
0.0001508	3.54971192
0.00015049	17.60108103
0.00015047	7.1115479
0.00015046	4.16988
0.00015005	600.0
0.00017863	27.72890813
0.00017861	385.8758
0.0001786	1001.11758511
0.0001785	90.0
0.000178	410.0
0.0001779	7.16428245
0.00017739	946.744
0.00017687	6158.515
0.00017686	1500.874
0.00017685	385.47059992
0.00017673	417.29585906
0.00017672	6449.011
0.00017611	2015.78558855
0.000176	17.00284091
0.00017576	3.25306724
0.00017561	100.0
0.0001756	20.0
0.00017525	2025.67760342
0.00017524	4984.0
0.00017523	3.99479562
0.000175	1312.5
0.0001749	817.31043654
0.00017489	50.0
0.00017486	59.31366481
0.00017485	20.70695566
0.0001746	40.0
0.00017439	624.53335101
0.00017437	532.69687511
0.00017436	1000.0
0.00017392	25.0
0.00017377	30.0
0.00017373	1468.0903226
0.0001736	60.0
0.00017303	37.50291856
0.000173	288.29479769
0.00017291	99.84277285
0.00017267	75.0
0.0001726	80.0
0.00017187	576.8728815
0.00017186	25.0
0.00017182	25.0
0.0001716	80.0
0.00017111	1915.11260812
0.00017101	1388.80767206
0.000171	8592.43414167
0.00017088	32.83617119
0.00017085	100.35136084
0.0001706	100.0
0.00017051	1044.59807607
0.00017002	11.76332196
0.00017001	22.19188096
0.00017	1453.18294676
0.0001697	197.0
0.0001693	101.0
0.00016908	108.67980778
0.000169	97.0
0.0001689	118.11722913
0.00016815	116.48903314
0.0001674	4.5
0.00016724	52.91005291
0.00016712	25.0
0.00016702	15.45372485
0.000167	59.73053892
0.0001666	150.0
0.00016515	324.51674142
0.00016505	4.83489852
0.00016501	3022.54408824
0.000165	755.68181818
0.0001645	10.0
0.00016394	3.05050629
0.0001638	61.0
0.0001636	180.0
0.00016333	3855.79585055
0.00016332	3.4992
0.00016264	7.2120517
0.000162	9236.11111111
0.000161	4027.17806414
0.00016085	10.0
0.00016	2183.02170516
0.00015932	3.36317031
0.00015913	376.25
0.000158	3471.85958852
0.00015735	4.5
0.00015622	11.61626084
0.000156	319.71153846
0.00015551	160.35946241
0.000155	755.68181818
0.00015485	8.56912134
0.00015342	7.37737736
0.00015341	19.60058966
0.000153	150.0
0.00015262	2000.0
0.00015255	50.0
0.00015149	212.13635065
0.00015085	10.0
0.0001508	3.54971192
0.00015049	17.60108103
0.00015047	7.1115479
0.00015046	4.16988
0.00015005	600.0
0.00017861	380.05715941
0.0001786	1001.11758511
0.0001785	90.0
0.000178	410.0
0.0001779	7.16428245
0.00017711	7097.037
0.0001771	383.41687936
0.00017613	2.86746573
0.00017611	2015.78558855
0.000176	17.00284091
0.00017576	3.25306724
0.00017561	100.0
0.0001756	20.0
0.00017525	2025.67760342
0.00017524	4984.0
0.00017523	3.99479562
0.000175	1312.5
0.0001749	817.31043654
0.00017489	50.0
0.00017486	59.31366481
0.00017485	20.70695566
0.0001746	40.0
0.00017439	624.53335101
0.00017437	911.20235197
0.00017436	1000.0
0.00017392	25.0
0.00017377	30.0
0.00017373	1468.0903226
0.0001736	60.0
0.00017303	37.50291856
0.000173	288.29479769
0.00017291	99.84277285
0.00017267	75.0
0.0001726	80.0
0.00017186	25.0
0.00017182	25.0
0.0001716	80.0
0.00017112	579.40125142
0.00017111	1915.11260812
0.00017101	1388.80767206
0.000171	8592.43414167
0.00017088	32.83617119
0.00017085	100.35136084
0.0001706	100.0
0.00017051	1044.59807607
0.00017002	11.76332196
0.00017001	22.19188096
0.00017	1453.18294676
0.0001697	197.0
0.0001693	101.0
0.00016908	108.67980778
0.000169	97.0
0.0001689	118.11722913
0.00016815	116.48903314
0.0001674	4.5
0.00016724	52.91005291
0.00016712	25.0
0.00016702	15.45372485
0.000167	59.73053892
0.0001666	150.0
0.00016515	324.51674142
0.00016505	4.83489852
0.00016501	3022.54408824
0.000165	755.68181818
0.0001645	10.0
0.00016394	3.05050629
0.0001638	61.0
0.0001636	180.0
0.00016333	3855.79585055
0.00016332	3.4992
0.00016264	7.2120517
0.000162	9236.11111111
0.000161	4027.17806414
0.00016085	10.0
0.00016	2183.02170516
0.00015932	3.36317031
0.00015913	376.25
0.000158	3471.85958852
0.00015735	4.5
0.00015622	11.61626084
0.000156	319.71153846
0.00015551	160.35946241
0.000155	755.68181818
0.00015485	8.56912134
0.00015342	7.37737736
0.00015341	19.60058966
0.000153	150.0
0.00015262	2000.0
0.00015255	50.0
0.00015149	212.13635065
0.00015085	10.0
0.0001508	3.54971192
0.00015049	17.60108103
0.00015047	7.1115479
0.00015046	4.16988
0.00015005	600.0
0.00015003	100.0
0.00015001	5000.0
0.00015	1308.7889335
0.0001497	13.359231
0.00017861	4.65085941
0.0001786	1001.11758511
0.0001785	90.0
0.000178	410.0
0.0001779	7.16428245
0.00017733	833.614
0.00017732	382.94905306
0.00017628	6501.473
0.00017627	1507.4778
0.00017611	2015.78558855
0.000176	17.00284091
0.00017576	3.25306724
0.00017561	100.0
0.0001756	20.0
0.00017525	2025.67760342
0.00017524	4984.0
0.00017523	3.99479562
0.000175	1312.5
0.0001749	817.31043654
0.00017489	50.0
0.00017486	59.31366481
0.00017485	20.70695566
0.0001746	40.0
0.00017442	624.42593213
0.0001744	532.60524147
0.00017436	1000.0
0.00017392	25.0
0.00017377	30.0
0.00017373	1468.0903226
0.0001736	60.0
0.00017303	37.50291856
0.000173	288.29479769
0.00017291	99.84277285
0.00017267	75.0
0.0001726	80.0
0.00017186	25.0
0.00017182	25.0
0.0001716	80.0
0.00017112	579.40125142
0.00017111	1915.11260812
0.00017101	1388.80767206
0.000171	8592.43414167
0.00017088	32.83617119
0.00017085	100.35136084
0.0001706	100.0
0.00017051	1044.59807607
0.00017002	11.76332196
0.00017001	22.19188096
0.00017	1453.18294676
0.0001697	197.0
0.0001693	101.0
0.00016908	108.67980778
0.000169	97.0
0.0001689	118.11722913
0.00016815	116.48903314
0.0001674	4.5
0.00016724	52.91005291
0.00016712	25.0
0.00016702	15.45372485
0.000167	59.73053892
0.0001666	150.0
0.00016515	324.51674142
0.00016505	4.83489852
0.00016501	3022.54408824
0.000165	755.68181818
0.0001645	10.0
0.00016394	3.05050629
0.0001638	61.0
0.0001636	180.0
0.00016333	3855.79585055
0.00016332	3.4992
0.00016264	7.2120517
0.000162	9236.11111111
0.000161	4027.17806414
0.00016085	10.0
0.00016	2183.02170516
0.00015932	3.36317031
0.00015913	376.25
0.000158	3471.85958852
0.00015735	4.5
0.00015622	11.61626084
0.000156	319.71153846
0.00015551	160.35946241
0.000155	755.68181818
0.00015485	8.56912134
0.00015342	7.37737736
0.00015341	19.60058966
0.000153	150.0
0.00015262	2000.0
0.00015255	50.0
0.00015149	212.13635065
0.00015085	10.0
0.0001508	3.54971192
0.00015049	17.60108103
0.00015047	7.1115479
0.00015046	4.16988
0.00015005	600.0
0.00015003	100.0
0.00015001	5000.0
0.00015	1308.7889335
0.00017862	4.65059903
0.00017861	377.3778
0.0001786	1001.11758511
0.0001785	90.0
0.000178	410.0
0.0001779	7.16428245
0.00017735	3314.44735365
0.00017655	384.61923585
0.00017654	4050.119
0.000176	17.00284091
0.00017576	3.25306724
0.00017563	620.12395993
0.00017561	100.0
0.0001756	20.0
0.00017554	626.63780335
0.00017524	4984.0
0.00017523	3.99479562
0.000175	1312.5
0.0001749	817.31043654
0.00017489	50.0
0.00017486	59.31366481
0.00017485	20.70695566
0.0001746	40.0
0.0001744	532.60524147
0.00017436	1000.0
0.00017392	25.0
0.00017377	30.0
0.00017373	1468.0903226
0.0001736	60.0
0.00017303	37.50291856
0.000173	288.29479769
0.00017291	99.84277285
0.00017267	75.0
0.0001726	80.0
0.00017186	25.0
0.00017182	25.0
0.0001716	80.0
0.00017112	579.40125142
0.00017111	1915.11260812
0.00017101	1388.80767206
0.000171	8592.43414167
0.00017088	32.83617119
0.00017085	100.35136084
0.0001706	100.0
0.00017051	1044.59807607
0.00017002	11.76332196
0.00017001	22.19188096
0.00017	1453.18294676
0.0001697	197.0
0.0001693	101.0
0.00016908	108.67980778
0.000169	97.0
0.0001689	118.11722913
0.00016815	116.48903314
0.0001674	4.5
0.00016724	52.91005291
0.00016712	25.0
0.00016702	15.45372485
0.000167	59.73053892
0.0001666	150.0
0.00016515	324.51674142
0.00016505	4.83489852
0.00016501	3022.54408824
0.000165	755.68181818
0.0001645	10.0
0.00016394	3.05050629
0.0001638	61.0
0.0001636	180.0
0.00016333	3855.79585055
0.00016332	3.4992
0.00016264	7.2120517
0.000162	9236.11111111
0.000161	4027.17806414
0.00016085	10.0
0.00016	2183.02170516
0.00015932	3.36317031
0.00015913	376.25
0.000158	3471.85958852
0.00015735	4.5
0.00015622	11.61626084
0.000156	319.71153846
0.00015551	160.35946241
0.000155	755.68181818
0.00015485	8.56912134
0.00015342	7.37737736
0.00015341	19.60058966
0.000153	150.0
0.00015262	2000.0
0.00015255	50.0
0.00015149	212.13635065
0.00015085	10.0
0.0001508	3.54971192
0.00015049	17.60108103
0.00015047	7.1115479
0.00015046	4.16988
0.00015005	600.0
0.00015003	100.0
0.00015001	5000.0
0.00015	1308.7889335
0.0001497	13.359231
0.00017864	27.75629395
0.00017862	4.65059903
0.00017861	377.3778
0.0001786	1001.11758511
0.0001785	90.0
0.00017801	757.9812
0.000178	410.0
0.0001779	7.16428245
0.00017737	4876.176
0.00017656	383.31818495
0.00017655	2671.659
0.000176	17.00284091
0.00017587	2.84308987
0.00017576	3.25306724
0.00017561	100.0
0.0001756	20.0
0.00017526	621.4331341
0.00017524	4984.0
0.00017523	3.99479562
0.000175	1312.5
0.0001749	817.31043654
0.00017489	50.0
0.00017486	59.31366481
0.00017485	20.70695566
0.0001746	40.0
0.0001744	532.60524147
0.00017436	1000.0
0.00017392	25.0
0.00017377	30.0
0.00017373	1468.0903226
0.0001736	60.0
0.00017303	37.50291856
0.000173	288.29479769
0.00017291	99.84277285
0.00017267	75.0
0.0001726	80.0
0.00017186	25.0
0.00017182	25.0
0.0001716	80.0
0.00017112	579.40125142
0.00017111	1915.11260812
0.00017101	1388.80767206
0.000171	8592.43414167
0.00017088	32.83617119
0.00017085	100.35136084
0.0001706	100.0
0.00017051	1044.59807607
0.00017002	11.76332196
0.00017001	22.19188096
0.00017	1453.18294676
0.0001697	197.0
0.0001693	101.0
0.00016908	108.67980778
0.000169	97.0
0.0001689	118.11722913
0.00016815	116.48903314
0.0001674	4.5
0.00016724	52.91005291
0.00016712	25.0
0.00016702	15.45372485
0.000167	59.73053892
0.0001666	150.0
0.00016515	324.51674142
0.00016505	4.83489852
0.00016501	3022.54408824
0.000165	755.68181818
0.0001645	10.0
0.00016394	3.05050629
0.0001638	61.0
0.0001636	180.0
0.00016333	3855.79585055
0.00016332	3.4992
0.00016264	7.2120517
0.000162	9236.11111111
0.000161	4027.17806414
0.00016085	10.0
0.00016	2183.02170516
0.00015932	3.36317031
0.00015913	376.25
0.000158	3471.85958852
0.00015735	4.5
0.00015622	11.61626084
0.000156	319.71153846
0.00015551	160.35946241
0.000155	755.68181818
0.00015485	8.56912134
0.00015342	7.37737736
0.00015341	19.60058966
0.000153	150.0
0.00015262	2000.0
0.00015255	50.0
0.00015149	212.13635065
0.00015085	10.0
0.0001508	3.54971192
0.00015049	17.60108103
0.00015047	7.1115479
0.00015046	4.16988
0.00015005	600.0
0.00015003	100.0
0.00015001	5000.0
0.00017864	27.71967034
0.00017862	4.65059903
0.00017861	379.1985
0.0001786	1001.11758511
0.0001785	90.0
0.00017801	758.397
0.000178	410.0
0.0001779	7.16428245
0.00017703	7357.042
0.00017702	1520.7669
0.00017701	382.34780285
0.000176	17.00284091
0.00017576	3.25306724
0.00017561	100.0
0.0001756	20.0
0.00017526	621.4331341
0.00017524	4984.0
0.00017523	3.99479562
0.000175	1312.5
0.0001749	817.31043654
0.00017489	50.0
0.00017486	59.31366481
0.00017485	20.70695566
0.0001746	40.0
0.0001744	532.60524147
0.00017436	1000.0
0.00017392	25.0
0.00017377	30.0
0.00017373	1468.0903226
0.0001736	60.0
0.00017303	37.50291856
0.000173	288.29479769
0.00017291	99.84277285
0.00017267	75.0
0.0001726	80.0
0.00017186	25.0
0.00017182	25.0
0.0001716	80.0
0.00017112	579.40125142
0.00017111	1915.11260812
0.00017101	1388.80767206
0.000171	8592.43414167
0.00017088	32.83617119
0.00017085	100.35136084
0.0001706	100.0
0.00017051	1044.59807607
0.00017002	11.76332196
0.00017001	22.19188096
0.00017	1453.18294676
0.0001697	197.0
0.0001693	101.0
0.00016908	108.67980778
0.000169	97.0
0.0001689	118.11722913
0.00016815	116.48903314
0.0001674	4.5
0.00016724	52.91005291
0.00016712	25.0
0.00016702	15.45372485
0.000167	59.73053892
0.0001666	150.0
0.00016515	324.51674142
0.00016505	4.83489852
0.00016501	3022.54408824
0.000165	755.68181818
0.0001645	10.0
0.00016394	3.05050629
0.0001638	61.0
0.0001636	180.0
0.00016333	3855.79585055
0.00016332	3.4992
0.00016264	7.2120517
0.000162	9236.11111111
0.000161	4027.17806414
0.00016085	10.0
0.00016	2183.02170516
0.00015932	3.36317031
0.00015913	376.25
0.000158	3471.85958852
0.00015735	4.5
0.00015622	11.61626084
0.000156	319.71153846
0.00015551	160.35946241
0.000155	755.68181818
0.00015485	8.56912134
0.00015342	7.37737736
0.00015341	19.60058966
0.000153	150.0
0.00015262	2000.0
0.00015255	50.0
0.00015149	212.13635065
0.00015085	10.0
0.0001508	3.54971192
0.00015049	17.60108103
0.00015047	7.1115479
0.00015046	4.16988
0.00015005	600.0
0.00015003	100.0
0.00015001	5000.0
0.00015	1308.7889335
0.00017865	4.64981807
0.0001786	1001.11758511
0.0001785	90.0
0.000178	410.0
0.0001779	7.16428245
0.00017731	4568.533
0.00017601	384.52354554
0.000176	17.00284091
0.00017577	2.86221306
0.00017576	3.25306724
0.00017561	100.0
0.0001756	20.0
0.00017528	804.2231
0.00017527	3109.322
0.00017524	4984.0
0.00017523	3.99479562
0.00017502	622.28528786
0.000175	1312.5
0.0001749	817.31043654
0.00017489	50.0
0.00017486	59.31366481
0.00017485	20.70695566
0.00017469	377.81212433
0.0001746	40.0
0.0001744	532.60524147
0.00017436	1000.0
0.00017392	25.0
0.00017377	30.0
0.00017373	1468.0903226
0.0001736	60.0
0.00017303	37.50291856
0.000173	288.29479769
0.00017291	99.84277285
0.00017267	75.0
0.0001726	80.0
0.00017186	25.0
0.00017183	577.00717071
0.00017182	25.0
0.0001716	80.0
0.00017111	1915.11260812
0.00017101	1388.80767206
0.000171	8592.43414167
0.00017088	32.83617119
0.00017085	100.35136084
0.0001706	100.0
0.00017051	1044.59807607
0.00017002	11.76332196
0.00017001	22.19188096
0.00017	1453.18294676
0.0001697	197.0
0.0001693	101.0
0.00016908	108.67980778
0.000169	97.0
0.0001689	118.11722913
0.00016815	116.48903314
0.0001674	4.5
0.00016724	52.91005291
0.00016712	25.0
0.00016702	15.45372485
0.000167	59.73053892
0.0001666	150.0
0.00016515	324.51674142
0.00016505	4.83489852
0.00016501	3022.54408824
0.000165	755.68181818
0.0001645	10.0
0.00016394	3.05050629
0.0001638	61.0
0.0001636	180.0
0.00016333	3855.79585055
0.00016332	3.4992
0.00016264	7.2120517
0.000162	9236.11111111
0.000161	4027.17806414
0.00016085	10.0
0.00016	2183.02170516
0.00015932	3.36317031
0.00015913	376.25
0.000158	3471.85958852
0.00015735	4.5
0.00015622	11.61626084
0.000156	319.71153846
0.00015551	160.35946241
0.000155	755.68181818
0.00015485	8.56912134
0.00015342	7.37737736
0.00015341	19.60058966
0.000153	150.0
0.00015262	2000.0
0.00015255	50.0
0.00015149	212.13635065
0.00015085	10.0
0.0001508	3.54971192
0.00015049	17.60108103
0.00015047	7.1115479
0.00015046	4.16988
0.00015005	600.0
0.00015003	100.0
0.00015001	5000.0
0.00015	1308.7889335
0.00017865	4.64981807
0.0001786	1001.11758511
0.0001785	90.0
0.000178	410.0
0.0001779	7.16428245
0.00017731	4568.533
0.00017601	384.52354554
0.000176	17.00284091
0.00017576	3.25306724
0.00017561	100.0
0.0001756	20.0
0.00017528	804.2231
0.00017527	3109.322
0.00017524	4984.0
0.00017523	3.99479562
0.000175	1312.5
0.0001749	817.31043654
0.00017489	50.0
0.00017486	59.31366481
0.00017485	20.70695566
0.0001746	40.0
0.00017451	624.10389709
0.00017437	532.69687511
0.00017436	1000.0
0.00017392	25.0
0.00017377	30.0
0.00017373	1468.0903226
0.0001736	60.0
0.00017303	37.50291856
0.000173	288.29479769
0.00017291	99.84277285
0.00017267	75.0
0.0001726	80.0
0.00017186	25.0
0.00017183	577.00717071
0.00017182	25.0
0.0001716	80.0
0.00017111	1915.11260812
0.00017101	1388.80767206
0.000171	8592.43414167
0.00017088	32.83617119
0.00017085	100.35136084
0.0001706	100.0
0.00017051	1044.59807607
0.00017002	11.76332196
0.00017001	22.19188096
0.00017	1453.18294676
0.0001697	197.0
0.0001693	101.0
0.00016908	108.67980778
0.000169	97.0
0.0001689	118.11722913
0.00016815	116.48903314
0.0001674	4.5
0.00016724	52.91005291
0.00016712	25.0
0.00016702	15.45372485
0.000167	59.73053892
0.0001666	150.0
0.00016515	324.51674142
0.00016505	4.83489852
0.00016501	3022.54408824
0.000165	755.68181818
0.0001645	10.0
0.00016394	3.05050629
0.0001638	61.0
0.0001636	180.0
0.00016333	3855.79585055
0.00016332	3.4992
0.00016264	7.2120517
0.000162	9236.11111111
0.000161	4027.17806414
0.00016085	10.0
0.00016	2183.02170516
0.00015932	3.36317031
0.00015913	376.25
0.000158	3471.85958852
0.00015735	4.5
0.00015622	11.61626084
0.000156	319.71153846
0.00015551	160.35946241
0.000155	755.68181818
0.00015485	8.56912134
0.00015342	7.37737736
0.00015341	19.60058966
0.000153	150.0
0.00015262	2000.0
0.00015255	50.0
0.00015149	212.13635065
0.00015085	10.0
0.0001508	3.54971192
0.00015049	17.60108103
0.00015047	7.1115479
0.00015046	4.16988
0.00015005	600.0
0.00015003	100.0
0.00015001	5000.0
0.00015	1308.7889335
0.0001497	13.359231
0.00014912	50.0
0.00017861	4.64981807
0.0001786	1001.11758511
0.0001785	90.0
0.000178	410.0
0.0001779	7.16428245
0.00017732	4181.183
0.00017601	384.52354554
0.000176	17.00284091
0.00017576	3.25306724
0.00017561	102.858613
0.0001756	20.0
0.00017528	804.2231
0.00017527	3109.322
0.00017524	4984.0
0.00017523	3.99479562
0.000175	1312.5
0.00017491	628.89486021
0.0001749	817.31043654
0.00017489	50.0
0.00017486	59.31366481
0.00017485	20.70695566
0.0001746	40.0
0.00017451	624.10389709
0.00017437	532.69687511
0.00017436	1000.0
0.00017392	25.0
0.00017377	30.0
0.00017373	1468.0903226
0.0001736	60.0
0.00017303	37.50291856
0.000173	288.29479769
0.00017291	99.84277285
0.00017267	75.0
0.0001726	80.0
0.00017186	25.0
0.00017183	577.00717071
0.00017182	25.0
0.0001716	80.0
0.00017111	1915.11260812
0.00017101	1388.80767206
0.000171	8592.43414167
0.00017088	32.83617119
0.00017085	100.35136084
0.0001706	100.0
0.00017051	1044.59807607
0.00017002	11.76332196
0.00017001	22.19188096
0.00017	1453.18294676
0.0001697	197.0
0.0001693	101.0
0.00016908	108.67980778
0.000169	97.0
0.0001689	118.11722913
0.00016815	116.48903314
0.0001674	4.5
0.00016724	52.91005291
0.00016712	25.0
0.00016702	15.45372485
0.000167	59.73053892
0.0001666	150.0
0.00016515	324.51674142
0.00016505	4.83489852
0.00016501	3022.54408824
0.000165	755.68181818
0.0001645	10.0
0.00016394	3.05050629
0.0001638	61.0
0.0001636	180.0
0.00016333	3855.79585055
0.00016332	3.4992
0.00016264	7.2120517
0.000162	9236.11111111
0.000161	4027.17806414
0.00016085	10.0
0.00016	2183.02170516
0.00015933	105.255115
0.00015932	3.36317031
0.00015913	376.25
0.000158	3365.72512652
0.00015735	4.5
0.00015622	11.61626084
0.000156	319.71153846
0.00015551	160.35946241
0.000155	755.68181818
0.00015485	8.56912134
0.00015342	7.37737736
0.00015341	19.60058966
0.000153	150.0
0.00015262	2000.0
0.00015255	50.0
0.00015149	212.13635065
0.00015085	10.0
0.0001508	3.54971192
0.00015049	17.60108103
0.00015047	7.1115479
0.00015046	4.16988
0.00015005	600.0
0.00015003	100.0
0.00015001	5000.0
0.00015	1308.7889335
0.00017861	4.64981807
0.0001786	1001.11758511
0.0001785	90.0
0.000178	410.0
0.0001779	7.16428245
0.00017732	4181.183
0.000176	19.86838938
0.00017576	3.25306724
0.00017561	100.0
0.0001756	20.0
0.00017528	465.17824216
0.00017527	3109.322
0.00017524	4984.0
0.00017523	3.99479562
0.000175	1312.5
0.0001749	817.31043654
0.00017489	50.0
0.00017486	59.31366481
0.00017485	20.70695566
0.0001746	40.0
0.00017451	624.10389709
0.00017449	378.25239751
0.00017437	532.69687511
0.00017436	1000.0
0.00017392	25.0
0.00017377	30.0
0.00017373	1468.0903226
0.0001736	60.0
0.00017303	37.50291856
0.000173	288.29479769
0.00017291	99.84277285
0.00017267	75.0
0.0001726	80.0
0.00017186	25.0
0.00017183	577.00717071
0.00017182	25.0
0.0001716	80.0
0.00017111	1915.11260812
0.00017101	1388.80767206
0.000171	8592.43414167
0.00017088	32.83617119
0.00017085	100.35136084
0.0001706	100.0
0.00017051	1044.59807607
0.00017002	11.76332196
0.00017001	22.19188096
0.00017	1453.18294676
0.0001697	197.0
0.0001693	101.0
0.00016908	108.67980778
0.000169	97.0
0.0001689	118.11722913
0.00016815	116.48903314
0.0001674	4.5
0.00016724	52.91005291
0.00016712	25.0
0.00016702	15.45372485
0.000167	59.73053892
0.0001666	150.0
0.00016515	324.51674142
0.00016505	4.83489852
0.00016501	3022.54408824
0.000165	755.68181818
0.0001645	10.0
0.00016394	3.05050629
0.0001638	61.0
0.0001636	180.0
0.00016333	3855.79585055
0.00016332	3.4992
0.00016264	7.2120517
0.000162	9236.11111111
0.000161	4027.17806414
0.00016085	10.0
0.00016	2183.02170516
0.00015933	105.255115
0.00015932	3.36317031
0.00015913	376.25
0.000158	3365.72512652
0.00015735	4.5
0.00015622	11.61626084
0.000156	319.71153846
0.00015551	160.35946241
0.000155	755.68181818
0.00015485	8.56912134
0.00015342	7.37737736
0.00015341	19.60058966
0.000153	150.0
0.00015262	2000.0
0.00015255	50.0
0.00015149	212.13635065
0.00015085	10.0
0.0001508	3.54971192
0.00015049	17.60108103
0.00015047	7.1115479
0.00015046	4.16988
0.00015005	600.0
0.00015003	100.0
0.00015001	5000.0
0.00015	1308.7889335
0.0001497	13.359231
0.00017861	4.64981807
0.0001785	90.0
0.000178	410.0
0.0001779	7.16428245
0.00017735	4181.183
0.00017734	785.6487
0.00017601	387.38281242
0.000176	17.00284091
0.00017576	3.25306724
0.00017561	100.0
0.0001756	20.0
0.00017524	4984.0
0.00017523	3.99479562
0.00017501	3437.601
0.000175	1312.5
0.0001749	817.31043654
0.00017489	50.0
0.00017487	629.03871447
0.00017486	59.31366481
0.00017485	20.70695566
0.0001746	40.0
0.00017451	624.10389709
0.00017437	532.69687511
0.00017436	1000.0
0.00017392	25.0
0.00017377	30.0
0.00017373	1468.0903226
0.0001736	60.0
0.00017303	37.50291856
0.000173	288.29479769
0.00017291	99.84277285
0.00017267	75.0
0.0001726	80.0
0.00017186	25.0
0.00017183	577.00717071
0.00017182	25.0
0.0001716	80.0
0.00017111	1915.11260812
0.00017101	1388.80767206
0.000171	8592.43414167
0.00017088	32.83617119
0.00017085	100.35136084
0.0001706	100.0
0.00017051	1044.59807607
0.00017002	11.76332196
0.00017001	22.19188096
0.00017	1453.18294676
0.0001697	197.0
0.0001693	101.0
0.00016908	108.67980778
0.000169	97.0
0.0001689	118.11722913
0.00016815	116.48903314
0.0001674	4.5
0.00016724	52.91005291
0.00016712	25.0
0.00016702	15.45372485
0.000167	59.73053892
0.0001666	150.0
0.00016515	324.51674142
0.00016505	4.83489852
0.00016501	3022.54408824
0.000165	755.68181818
0.0001645	10.0
0.00016394	3.05050629
0.0001638	61.0
0.0001636	180.0
0.00016333	3855.79585055
0.00016332	3.4992
0.00016264	7.2120517
0.000162	9236.11111111
0.000161	4027.17806414
0.00016085	10.0
0.00016	2183.02170516
0.00015933	105.255115
0.00015932	3.36317031
0.00015913	376.25
0.000158	3365.72512652
0.00015735	4.5
0.00015622	11.61626084
0.000156	319.71153846
0.00015551	160.35946241
0.000155	755.68181818
0.00015485	8.56912134
0.00015342	7.37737736
0.00015341	19.60058966
0.000153	150.0
0.00015262	2000.0
0.00015255	50.0
0.00015149	212.13635065
0.00015085	10.0
0.0001508	3.54971192
0.00015049	17.60108103
0.00015047	7.1115479
0.00015046	4.16988
0.00015005	600.0
0.00015003	100.0
0.00015001	5000.0
0.00015	1308.7889335
0.0001497	13.359231
0.00017861	4.64981807
0.00017851	402.4897
0.0001785	90.0
0.000178	410.0
0.0001779	7.16428245
0.00017742	792.4042
0.00017741	2974.196
0.00017601	384.52354554
0.000176	17.00284091
0.00017576	3.25306724
0.00017561	1684.801
0.0001756	20.0
0.00017526	792.4858
0.00017525	4389.763
0.00017524	4984.0
0.00017523	3.99479562
0.000175	1312.5
0.0001749	817.31043654
0.00017489	50.0
0.00017486	59.31366481
0.00017485	20.70695566
0.00017483	629.18263456
0.0001746	40.0
0.00017451	624.10389709
0.00017437	532.69687511
0.00017436	1000.0
0.00017392	25.0
0.00017377	30.0
0.00017373	1468.0903226
0.0001736	60.0
0.00017303	37.50291856
0.000173	288.29479769
0.00017291	99.84277285
0.00017267	75.0
0.0001726	80.0
0.00017186	25.0
0.00017182	25.0
0.00017161	577.74688038
0.0001716	80.0
0.00017111	1915.11260812
0.00017101	1388.80767206
0.000171	8592.43414167
0.00017088	32.83617119
0.00017085	100.35136084
0.0001706	100.0
0.00017051	1044.59807607
0.00017002	11.76332196
0.00017001	22.19188096
0.00017	1453.18294676
0.0001697	197.0
0.0001693	101.0
0.00016908	108.67980778
0.000169	97.0
0.0001689	118.11722913
0.00016815	116.48903314
0.0001674	4.5
0.00016724	52.91005291
0.00016712	25.0
0.00016702	15.45372485
0.000167	59.73053892
0.0001666	150.0
0.00016515	324.51674142
0.00016505	4.83489852
0.00016501	3022.54408824
0.000165	755.68181818
0.0001645	10.0
0.00016394	3.05050629
0.0001638	61.0
0.0001636	180.0
0.00016333	3855.79585055
0.00016332	3.4992
0.00016264	7.2120517
0.000162	9236.11111111
0.000161	4027.17806414
0.00016085	10.0
0.00016	2183.02170516
0.00015933	105.255115
0.00015932	3.36317031
0.00015913	376.25
0.000158	3286.64556962
0.00015735	4.5
0.00015622	11.61626084
0.000156	319.71153846
0.00015551	160.35946241
0.000155	755.68181818
0.00015485	8.56912134
0.00015342	7.37737736
0.00015341	19.60058966
0.000153	150.0
0.00015262	2000.0
0.00015255	50.0
0.00015149	212.13635065
0.00015085	10.0
0.0001508	3.54971192
0.00015049	17.60108103
0.00015047	7.1115479
0.00015046	4.16988
0.00015005	600.0
0.00015003	100.0
0.00015001	5000.0
0.00017866	403.9632
0.00017865	1005.0
0.00017852	7.8641918
0.0001785	90.0
0.000178	410.0
0.0001779	7.16428245
0.00017636	7380.373
0.00017635	2009.72979025
0.00017628	2.8554296
0.000176	17.00284091
0.00017576	3.25306724
0.00017561	100.0
0.0001756	20.0
0.00017524	4984.0
0.00017523	3.99479562
0.00017511	628.19451186
0.000175	1312.5
0.0001749	817.31043654
0.00017489	50.0
0.00017486	59.31366481
0.00017485	20.70695566
0.0001746	40.0
0.00017451	624.10389709
0.00017436	1000.0
0.00017393	534.04446682
0.00017392	25.0
0.00017377	30.0
0.00017373	1468.0903226
0.0001736	60.0
0.00017303	37.50291856
0.000173	288.29479769
0.00017291	99.84277285
0.00017267	75.0
0.0001726	80.0
0.00017186	25.0
0.00017182	25.0
0.00017161	577.74688038
0.0001716	80.0
0.00017111	1915.11260812
0.00017101	1388.80767206
0.000171	8592.43414167
0.00017088	32.83617119
0.00017085	100.35136084
0.0001706	100.0
0.00017051	1044.59807607
0.00017002	11.76332196
0.00017001	22.19188096
0.00017	1453.18294676
0.0001697	197.0
0.0001693	101.0
0.00016908	108.67980778
0.000169	97.0
0.0001689	118.11722913
0.00016815	116.48903314
0.0001674	4.5
0.00016724	52.91005291
0.00016712	25.0
0.00016702	15.45372485
0.000167	59.73053892
0.0001666	150.0
0.00016515	324.51674142
0.00016505	4.83489852
0.00016501	3022.54408824
0.000165	755.68181818
0.0001645	10.0
0.00016394	3.05050629
0.0001638	61.0
0.0001636	180.0
0.00016333	3855.79585055
0.00016332	3.4992
0.00016264	7.2120517
0.000162	9236.11111111
0.000161	4027.17806414
0.00016085	10.0
0.00016	2183.02170516
0.00015935	105.241904
0.00015934	78.4194439
0.00015932	3.36317031
0.00015913	376.25
0.000158	3286.64556962
0.00015735	4.5
0.00015622	11.61626084
0.000156	319.71153846
0.00015551	160.35946241
0.000155	755.68181818
0.00015485	8.56912134
0.00015342	7.37737736
0.00015341	19.60058966
0.000153	150.0
0.00015262	2000.0
0.00015255	50.0
0.00015149	212.13635065
0.00015085	10.0
0.0001508	3.54971192
0.00015049	17.60108103
0.00015047	7.1115479
0.00015046	4.16988
0.00015005	600.0
0.00015003	100.0
0.00015001	5000.0
0.00017854	1005.0
0.00017853	1005.0
0.00017852	7.8641918
0.0001785	90.0
0.000178	410.0
0.0001779	7.16428245
0.00017678	382.84867774
0.00017677	7450.366
0.000176	17.00284091
0.00017576	3.25306724
0.00017561	100.0
0.0001756	20.0
0.00017524	4984.0
0.00017523	3.99479562
0.000175	1312.5
0.0001749	817.31043654
0.00017489	50.0
0.00017486	59.31366481
0.00017485	20.70695566
0.0001746	40.0
0.00017451	624.10389709
0.00017436	1000.0
0.00017393	534.04446682
0.00017392	25.0
0.00017377	30.0
0.00017373	1468.0903226
0.0001736	60.0
0.00017303	37.50291856
0.000173	288.29479769
0.00017291	99.84277285
0.00017267	75.0
0.0001726	80.0
0.00017186	25.0
0.00017182	25.0
0.00017161	577.74688038
0.0001716	80.0
0.00017111	1915.11260812
0.00017101	1388.80767206
0.000171	8592.43414167
0.00017088	32.83617119
0.00017085	100.35136084
0.0001706	100.0
0.00017051	1044.59807607
0.00017002	11.76332196
0.00017001	22.19188096
0.00017	1453.18294676
0.0001697	197.0
0.0001693	101.0
0.00016908	108.67980778
0.000169	97.0
0.0001689	118.11722913
0.00016815	116.48903314
0.0001674	4.5
0.00016724	52.91005291
0.00016712	25.0
0.00016702	15.45372485
0.000167	59.73053892
0.0001666	150.0
0.00016515	324.51674142
0.00016505	4.83489852
0.00016501	3022.54408824
0.000165	755.68181818
0.0001645	10.0
0.00016394	3.05050629
0.0001638	61.0
0.0001636	180.0
0.00016333	3855.79585055
0.00016332	3.4992
0.00016264	7.2120517
0.000162	9236.11111111
0.000161	4027.17806414
0.00016085	10.0
0.00016	2183.02170516
0.00015935	105.241904
0.00015934	78.4194439
0.00015932	3.36317031
0.00015913	376.25
0.000158	3286.64556962
0.00015735	4.5
0.00015622	11.61626084
0.000156	319.71153846
0.00015551	160.35946241
0.000155	755.68181818
0.00015485	8.56912134
0.00015342	7.37737736
0.00015341	19.60058966
0.000153	150.0
0.00015262	2000.0
0.00015255	50.0
0.00015149	212.13635065
0.00015085	10.0
0.0001508	3.54971192
0.00015049	17.60108103
0.00015047	7.1115479
0.00015046	4.16988
0.00015005	600.0
0.00015003	100.0
0.00015001	5000.0
0.00015	1308.7889335
0.0001497	13.359231
0.00017855	7.86287045
0.00017854	1005.0
0.00017853	1005.0
0.0001785	90.0
0.00017801	2186.702
0.000178	410.0
0.0001779	7.16428245
0.000177	382.88077957
0.000176	17.00284091
0.00017576	3.25306724
0.00017561	100.0
0.0001756	20.0
0.00017536	5232.519
0.00017524	4984.0
0.00017523	3.99479562
0.000175	1312.5
0.0001749	817.31043654
0.00017489	50.0
0.00017486	59.31366481
0.00017485	20.70695566
0.0001746	40.0
0.00017451	624.10389709
0.00017436	1000.0
0.00017393	534.04446682
0.00017392	25.0
0.00017377	30.0
0.00017373	1468.0903226
0.0001736	60.0
0.00017303	37.50291856
0.000173	288.29479769
0.00017291	99.84277285
0.00017267	75.0
0.0001726	80.0
0.00017186	25.0
0.00017182	25.0
0.00017161	577.74688038
0.0001716	80.0
0.00017111	1915.11260812
0.00017101	1388.80767206
0.000171	8592.43414167
0.00017088	32.83617119
0.00017085	100.35136084
0.0001706	100.0
0.00017051	1044.59807607
0.00017002	11.76332196
0.00017001	22.19188096
0.00017	1453.18294676
0.0001697	197.0
0.0001693	101.0
0.00016908	108.67980778
0.000169	97.0
0.0001689	118.11722913
0.00016815	116.48903314
0.0001674	4.5
0.00016724	52.91005291
0.00016712	25.0
0.00016702	15.45372485
0.000167	59.73053892
0.0001666	150.0
0.00016515	324.51674142
0.00016505	4.83489852
0.00016501	3022.54408824
0.000165	755.68181818
0.0001645	10.0
0.00016394	3.05050629
0.0001638	61.0
0.0001636	180.0
0.00016333	3855.79585055
0.00016332	3.4992
0.00016264	7.2120517
0.000162	9236.11111111
0.000161	4027.17806414
0.00016085	10.0
0.00016	2183.02170516
0.00015935	105.241904
0.00015934	78.4194439
0.00015932	3.36317031
0.00015913	376.25
0.000158	3286.64556962
0.00015735	4.5
0.00015622	11.61626084
0.000156	319.71153846
0.00015551	160.35946241
0.000155	755.68181818
0.00015485	8.56912134
0.00015342	7.37737736
0.00015341	19.60058966
0.000153	150.0
0.00015262	2000.0
0.00015255	50.0
0.00015149	212.13635065
0.00015085	10.0
0.0001508	3.54971192
0.00015049	17.60108103
0.00015047	7.1115479
0.00015046	4.16988
0.00015005	600.0
0.00015003	100.0
0.00015001	5000.0
0.00015	1308.7889335
0.00017861	20.98684284
0.0001786	1005.0
0.00017855	7.86287045
0.00017853	1005.0
0.0001785	90.0
0.000178	410.0
0.0001779	7.16428245
0.00017619	4272.159
0.00017618	384.66283337
0.000176	17.00284091
0.00017576	3.25306724
0.00017561	100.0
0.0001756	20.0
0.00017527	621.39767834
0.00017524	4984.0
0.00017523	3.99479562
0.000175	1312.5
0.0001749	817.31043654
0.00017489	50.0
0.00017486	59.31366481
0.00017485	20.70695566
0.0001746	40.0
0.00017436	1000.0
0.00017393	534.04446682
0.00017392	25.0
0.00017377	30.0
0.00017373	1468.0903226
0.0001736	60.0
0.00017303	37.50291856
0.000173	288.29479769
0.00017291	99.84277285
0.00017267	75.0
0.0001726	80.0
0.00017186	25.0
0.00017183	577.00717071
0.00017182	25.0
0.0001716	80.0
0.00017112	421.4049
0.00017111	1915.11260812
0.00017101	1388.80767206
0.000171	8592.43414167
0.00017088	32.83617119
0.00017085	100.35136084
0.0001706	100.0
0.00017051	1044.59807607
0.00017002	11.76332196
0.00017001	22.19188096
0.00017	1453.18294676
0.0001697	197.0
0.0001693	101.0
0.00016908	108.67980778
0.000169	97.0
0.0001689	118.11722913
0.00016815	116.48903314
0.0001674	4.5
0.00016724	52.91005291
0.00016712	25.0
0.00016702	15.45372485
0.000167	59.73053892
0.0001666	150.0
0.00016515	324.51674142
0.00016505	4.83489852
0.00016501	3022.54408824
0.000165	755.68181818
0.0001645	10.0
0.00016394	3.05050629
0.0001638	61.0
0.0001636	180.0
0.00016333	3855.79585055
0.00016332	3.4992
0.00016264	7.2120517
0.000162	9236.11111111
0.000161	4027.17806414
0.00016085	10.0
0.00016	2183.02170516
0.00015935	105.241904
0.00015934	78.4194439
0.00015932	3.36317031
0.00015913	376.25
0.000158	3286.64556962
0.00015735	4.5
0.00015622	11.61626084
0.000156	319.71153846
0.00015551	160.35946241
0.000155	755.68181818
0.00015485	8.56912134
0.00015342	7.37737736
0.00015341	19.60058966
0.000153	150.0
0.00015262	2000.0
0.00015255	50.0
0.00015149	212.13635065
0.00015085	10.0
0.0001508	3.54971192
0.00015049	17.60108103
0.00015047	7.1115479
0.00015046	4.16988
0.00015005	600.0
0.00015003	100.0
0.00015001	5000.0
0.0001786	600.84707193
0.0001785	90.0
0.000178	410.0
0.0001779	7.16428245
0.00017641	4245.802
0.0001764	384.18309514
0.000176	17.00284091
0.00017576	3.25306724
0.00017561	100.0
0.0001756	20.0
0.00017525	845.3845
0.00017524	4984.0
0.00017523	3.99479562
0.00017502	622.28528786
0.000175	1312.5
0.0001749	817.31043654
0.00017489	50.0
0.00017486	59.31366481
0.00017485	20.70695566
0.0001746	40.0
0.00017436	1000.0
0.00017392	25.0
0.00017377	30.0
0.00017373	1468.0903226
0.00017361	535.02882388
0.0001736	60.0
0.00017303	37.50291856
0.000173	288.29479769
0.00017291	99.84277285
0.00017267	75.0
0.0001726	80.0
0.00017186	25.0
0.00017183	577.00717071
0.00017182	25.0
0.0001716	80.0
0.00017111	1915.11260812
0.00017101	1388.80767206
0.000171	8592.43414167
0.00017088	32.83617119
0.00017085	100.35136084
0.0001706	100.0
0.00017051	1044.59807607
0.00017002	11.76332196
0.00017001	22.19188096
0.00017	1453.18294676
0.0001697	197.0
0.0001693	101.0
0.00016908	108.67980778
0.000169	97.0
0.0001689	118.11722913
0.00016815	116.48903314
0.0001674	4.5
0.00016724	52.91005291
0.00016712	25.0
0.00016702	15.45372485
0.000167	59.73053892
0.0001666	150.0
0.00016515	324.51674142
0.00016505	4.83489852
0.00016501	3022.54408824
0.000165	755.68181818
0.0001645	10.0
0.00016394	3.05050629
0.0001638	61.0
0.0001636	180.0
0.00016333	3855.79585055
0.00016332	3.4992
0.00016264	7.2120517
0.000162	9236.11111111
0.000161	4027.17806414
0.00016085	10.0
0.00016	2183.02170516
0.00015936	78.4096015
0.00015935	105.241904
0.00015932	3.36317031
0.00015913	376.25
0.000158	3286.64556962
0.00015735	4.5
0.00015622	11.61626084
0.000156	319.71153846
0.00015551	160.35946241
0.000155	755.68181818
0.00015485	8.56912134
0.00015342	7.37737736
0.00015341	19.60058966
0.000153	150.0
0.00015262	2000.0
0.00015255	50.0
0.00015149	212.13635065
0.00015085	10.0
0.0001508	3.54971192
0.00015049	17.60108103
0.00015047	7.1115479
0.00015046	4.16988
0.00015005	600.0
0.00015003	100.0
0.00015001	5000.0
0.00015	1308.7889335
0.0001497	13.359231
0.00014912	50.0
0.0001786	600.84707193
0.0001785	90.0
0.000178	410.0
0.0001779	7.16428245
0.00017685	4319.505
0.00017684	869.8482
0.00017683	4713.071
0.00017682	383.46773447
0.0001768	2.88001843
0.000176	17.00284091
0.00017576	3.25306724
0.00017561	100.0
0.0001756	20.0
0.00017526	870.4771
0.00017525	2025.67760342
0.00017524	4984.0
0.00017523	3.99479562
0.000175	1312.5
0.0001749	817.31043654
0.00017489	50.0
0.00017486	59.31366481
0.00017485	20.70695566
0.00017461	320.57584479
0.0001746	40.0
0.00017438	624.56916551
0.00017436	1000.0
0.00017392	25.0
0.00017377	30.0
0.00017374	1165.53470703
0.00017373	1468.0903226
0.00017361	535.02882388
0.0001736	60.0
0.00017303	37.50291856
0.000173	288.29479769
0.00017291	99.84277285
0.00017267	75.0
0.0001726	80.0
0.00017186	25.0
0.00017183	577.00717071
0.00017182	25.0
0.0001716	80.0
0.00017111	1915.11260812
0.00017101	1388.80767206
0.000171	8592.43414167
0.00017088	32.83617119
0.00017085	100.35136084
0.0001706	100.0
0.00017051	1044.59807607
0.00017002	11.76332196
0.00017001	22.19188096
0.00017	1453.18294676
0.0001697	197.0
0.0001693	101.0
0.00016908	108.67980778
0.000169	97.0
0.0001689	118.11722913
0.00016815	116.48903314
0.0001674	4.5
0.00016724	52.91005291
0.00016712	25.0
0.00016702	15.45372485
0.000167	59.73053892
0.0001666	150.0
0.00016515	324.51674142
0.00016505	4.83489852
0.00016501	3022.54408824
0.000165	755.68181818
0.0001645	10.0
0.00016394	3.05050629
0.0001638	61.0
0.0001636	180.0
0.00016333	3855.79585055
0.00016332	3.4992
0.00016264	7.2120517
0.000162	9236.11111111
0.000161	4027.17806414
0.00016085	10.0
0.00016	2183.02170516
0.00015936	78.4096015
0.00015935	105.241904
0.00015932	3.36317031
0.00015913	376.25
0.000158	3286.64556962
0.00015735	4.5
0.00015622	11.61626084
0.000156	319.71153846
0.00015551	160.35946241
0.000155	755.68181818
0.00015485	8.56912134
0.00015342	7.37737736
0.00015341	19.60058966
0.000153	150.0
0.00015262	2000.0
0.00015255	50.0
0.00015149	212.13635065
0.00015085	10.0
0.0001508	3.54971192
0.00015049	17.60108103
0.00015047	7.1115479
0.00015046	4.16988
0.00017862	28.12618263
0.0001786	600.84707193
0.0001785	90.0
0.000178	410.0
0.0001779	7.16428245
0.00017726	873.7784
0.00017725	382.53746013
0.00017721	1984.696
0.000176	17.00284091
0.0001758	1746.6318
0.00017579	625.7466295
0.00017576	3.25306724
0.00017562	2813.783
0.00017561	100.0
0.0001756	20.0
0.00017526	873.0883
0.00017525	2025.67760342
0.00017524	4984.0
0.00017523	3.99479562
0.000175	1312.5
0.0001749	817.31043654
0.00017489	50.0
0.00017486	59.31366481
0.00017485	20.70695566
0.0001746	40.0
0.00017438	624.56916551
0.00017436	1000.0
0.00017392	25.0
0.00017377	30.0
0.00017374	1165.53470703
0.00017373	1468.0903226
0.00017361	535.02882388
0.0001736	60.0
0.00017303	37.50291856
0.000173	288.29479769
0.00017291	99.84277285
0.00017267	75.0
0.0001726	80.0
0.00017186	25.0
0.00017183	577.00717071
0.00017182	25.0
0.0001716	80.0
0.00017111	1915.11260812
0.00017101	1388.80767206
0.000171	8592.43414167
0.00017088	32.83617119
0.00017085	100.35136084
0.0001706	100.0
0.00017051	1044.59807607
0.00017002	11.76332196
0.00017001	22.19188096
0.00017	1453.18294676
0.0001697	197.0
0.0001693	101.0
0.00016908	108.67980778
0.000169	97.0
0.0001689	118.11722913
0.00016815	116.48903314
0.0001674	4.5
0.00016724	52.91005291
0.00016712	25.0
0.00016702	15.45372485
0.000167	59.73053892
0.0001666	150.0
0.00016515	324.51674142
0.00016505	4.83489852
0.00016501	3022.54408824
0.000165	755.68181818
0.0001645	10.0
0.00016394	3.05050629
0.0001638	61.0
0.0001636	180.0
0.00016333	3855.79585055
0.00016332	3.4992
0.00016264	7.2120517
0.000162	9236.11111111
0.000161	4027.17806414
0.00016085	10.0
0.00016	2183.02170516
0.00015936	78.4096015
0.00015935	105.241904
0.00015932	3.36317031
0.00015913	376.25
0.000158	3286.64556962
0.00015735	4.5
0.00015622	11.61626084
0.000156	319.71153846
0.00015551	160.35946241
0.000155	755.68181818
0.00015485	8.56912134
0.00015342	7.37737736
0.00015341	19.60058966
0.000153	150.0
0.00015262	2000.0
0.00015255	50.0
0.00015149	212.13635065
0.00015085	10.0
0.0001508	3.54971192
0.00015049	17.60108103
0.00015047	7.1115479
0.00017862	28.07891966
0.0001786	600.84707193
0.0001785	90.0
0.000178	410.0
0.0001779	7.16428245
0.00017613	384.96999267
0.00017612	4112.577
0.00017611	2623.8572
0.00017601	2.85412564
0.000176	17.00284091
0.00017576	3.25306724
0.00017561	100.0
0.0001756	20.0
0.00017525	2025.67760342
0.00017524	4984.0
0.00017523	3.99479562
0.000175	1312.5
0.0001749	817.31043654
0.00017489	50.0
0.00017486	59.31366481
0.00017485	20.70695566
0.0001746	40.0
0.00017438	624.56916551
0.00017436	1000.0
0.00017392	25.0
0.00017377	30.0
0.00017374	1165.53470703
0.00017373	1468.0903226
0.00017361	535.02882388
0.0001736	60.0
0.00017303	37.50291856
0.000173	288.29479769
0.00017291	99.84277285
0.00017267	75.0
0.0001726	80.0
0.00017186	25.0
0.00017183	577.00717071
0.00017182	25.0
0.0001716	80.0
0.00017111	1915.11260812
0.00017101	1388.80767206
0.000171	8592.43414167
0.00017088	32.83617119
0.00017085	100.35136084
0.0001706	100.0
0.00017051	1044.59807607
0.00017002	11.76332196
0.00017001	22.19188096
0.00017	1453.18294676
0.0001697	197.0
0.0001693	101.0
0.00016908	108.67980778
0.000169	97.0
0.0001689	118.11722913
0.00016815	116.48903314
0.0001674	4.5
0.00016724	52.91005291
0.00016712	25.0
0.00016702	15.45372485
0.000167	59.73053892
0.0001666	150.0
0.00016515	324.51674142
0.00016505	4.83489852
0.00016501	3022.54408824
0.000165	755.68181818
0.0001645	10.0
0.00016394	3.05050629
0.0001638	61.0
0.0001636	180.0
0.00016333	3855.79585055
0.00016332	3.4992
0.00016264	7.2120517
0.000162	9236.11111111
0.000161	4027.17806414
0.00016085	10.0
0.00016	2183.02170516
0.00015937	105.228696
0.00015936	78.4096015
0.00015913	376.25
0.000158	3286.64556962
0.00015735	4.5
0.00015622	11.61626084
0.000156	319.71153846
0.00015551	160.35946241
0.000155	755.68181818
0.00015485	8.56912134
0.00015342	7.37737736
0.00015341	19.60058966
0.000153	150.0
0.00015262	2000.0
0.00015255	50.0
0.00015149	212.13635065
0.00015085	10.0
0.00015049	17.60108103
0.00015047	7.1115479
0.00015046	4.16988
0.00015005	600.0
0.00015003	100.0
0.00015001	5000.0
0.00015	1308.7889335
0.00017862	28.06367863
0.0001786	600.84707193
0.0001785	90.0
0.000178	410.0
0.0001779	7.16428245
0.00017672	1229.75712617
0.00017671	3945.479
0.000176	17.00284091
0.00017576	3.25306724
0.00017561	601.77425386
0.0001756	20.0
0.00017525	846.0086
0.00017524	4984.0
0.00017523	3.99479562
0.000175	1312.5
0.0001749	817.31043654
0.00017489	50.0
0.00017486	59.31366481
0.00017485	20.70695566
0.0001746	40.0
0.00017438	624.56916551
0.00017436	1000.0
0.00017392	25.0
0.00017377	30.0
0.00017373	1468.0903226
0.00017361	535.02882388
0.0001736	60.0
0.00017303	37.50291856
0.000173	288.29479769
0.00017291	99.84277285
0.00017267	75.0
0.0001726	80.0
0.00017186	25.0
0.00017183	577.00717071
0.00017182	25.0
0.0001716	80.0
0.00017111	1915.11260812
0.00017101	1388.80767206
0.000171	8592.43414167
0.00017088	32.83617119
0.00017085	100.35136084
0.0001706	100.0
0.00017051	1044.59807607
0.00017002	11.76332196
0.00017001	22.19188096
0.00017	1453.18294676
0.0001697	197.0
0.0001693	101.0
0.00016908	108.67980778
0.000169	97.0
0.0001689	118.11722913
0.00016815	116.48903314
0.0001674	4.5
0.00016724	52.91005291
0.00016712	25.0
0.00016702	15.45372485
0.000167	59.73053892
0.0001666	150.0
0.00016515	324.51674142
0.00016505	4.83489852
0.00016501	3022.54408824
0.000165	755.68181818
0.0001645	10.0
0.00016394	3.05050629
0.0001638	61.0
0.0001636	180.0
0.00016333	3855.79585055
0.00016332	3.4992
0.00016264	7.2120517
0.000162	9236.11111111
0.000161	4027.17806414
0.00016085	10.0
0.00016	2183.02170516
0.00015937	105.228696
0.00015936	78.4096015
0.00015932	3.36317031
0.00015913	376.25
0.000158	3286.64556962
0.00015735	4.5
0.00015622	11.61626084
0.000156	319.71153846
0.00015551	160.35946241
0.000155	755.68181818
0.00015485	8.56912134
0.00015342	7.37737736
0.00015341	19.60058966
0.000153	150.0
0.00015262	2000.0
0.00015255	50.0
0.00015149	212.13635065
0.00015085	10.0
0.0001508	3.54971192
0.00015049	17.60108103
0.00015047	7.1115479
0.00015046	4.16988
0.00015005	600.0
0.00015003	100.0
0.00015001	5000.0
0.00015	1308.7889335
0.0001497	13.359231
0.0001786	600.84707193
0.0001785	90.0
0.000178	410.0
0.0001779	7.16428245
0.00017721	843.1487
0.0001772	2130.857
0.00017719	382.6669948
0.00017705	2.88001843
0.00017602	1686.2975
0.00017601	412.57938469
0.000176	17.00284091
0.00017576	3.25306724
0.00017562	3714.6963
0.00017561	100.0
0.0001756	20.0
0.00017525	843.488
0.00017524	4984.0
0.00017523	3.99479562
0.000175	1312.5
0.0001749	817.31043654
0.00017489	50.0
0.00017486	370.40588836
0.00017485	20.70695566
0.0001746	40.0
0.00017441	624.46173431
0.00017439	532.63578252
0.00017436	1000.0
0.00017392	25.0
0.00017377	30.0
0.00017373	1468.0903226
0.0001736	60.0
0.00017303	37.50291856
0.000173	288.29479769
0.00017291	99.84277285
0.00017267	75.0
0.0001726	80.0
0.00017186	25.0
0.00017183	577.00717071
0.00017182	25.0
0.0001716	80.0
0.00017111	1915.11260812
0.00017101	1388.80767206
0.000171	8592.43414167
0.00017088	32.83617119
0.00017085	100.35136084
0.0001706	100.0
0.00017051	1044.59807607
0.00017002	11.76332196
0.00017001	22.19188096
0.00017	1453.18294676
0.0001697	197.0
0.0001693	101.0
0.00016908	108.67980778
0.000169	97.0
0.0001689	118.11722913
0.00016815	116.48903314
0.0001674	4.5
0.00016724	52.91005291
0.00016712	25.0
0.00016702	15.45372485
0.000167	59.73053892
0.0001666	150.0
0.00016515	324.51674142
0.00016505	4.83489852
0.00016501	3022.54408824
0.000165	755.68181818
0.0001645	10.0
0.00016394	3.05050629
0.0001638	61.0
0.0001636	180.0
0.00016333	3855.79585055
0.00016332	3.4992
0.00016264	7.2120517
0.000162	9236.11111111
0.000161	4027.17806414
0.00016085	10.0
0.00016	2183.02170516
0.00015937	183.6284575
0.00015932	3.36317031
0.00015913	376.25
0.000158	3286.64556962
0.00015735	4.5
0.00015622	11.61626084
0.000156	319.71153846
0.00015551	160.35946241
0.000155	755.68181818
0.00015485	8.56912134
0.00015342	7.37737736
0.00015341	19.60058966
0.000153	150.0
0.00015262	2000.0
0.00015255	50.0
0.00015149	212.13635065
0.00015085	10.0
0.0001508	3.54971192
0.00015049	17.60108103
0.00015047	7.1115479
0.00015046	4.16988
0.00015005	600.0
0.00015003	100.0
0.0001786	600.84707193
0.0001785	90.0
0.00017801	633.257
0.000178	410.0
0.0001779	7.16428245
0.00017606	385.12305355
0.00017603	1686.1735
0.00017602	2647.088
0.000176	17.00284091
0.00017576	3.25306724
0.00017562	1187.534
0.00017561	100.0
0.0001756	20.0
0.00017525	851.3158
0.00017524	4984.0
0.00017523	3.99479562
0.000175	1312.5
0.00017492	622.64104209
0.0001749	817.31043654
0.00017489	50.0
0.00017486	59.31366481
0.00017485	20.70695566
0.0001746	40.0
0.00017439	532.63578252
0.00017436	1000.0
0.00017392	25.0
0.00017377	30.0
0.00017373	1468.0903226
0.0001736	60.0
0.00017303	37.50291856
0.000173	288.29479769
0.00017291	99.84277285
0.00017267	75.0
0.0001726	80.0
0.00017186	25.0
0.00017183	577.00717071
0.00017182	25.0
0.0001716	80.0
0.00017111	1915.11260812
0.00017101	1388.80767206
0.000171	8592.43414167
0.00017088	32.83617119
0.00017085	100.35136084
0.0001706	100.0
0.00017051	1044.59807607
0.00017002	11.76332196
0.00017001	22.19188096
0.00017	1453.18294676
0.0001697	197.0
0.0001693	101.0
0.00016908	108.67980778
0.000169	97.0
0.0001689	118.11722913
0.00016815	116.48903314
0.0001674	4.5
0.00016724	52.91005291
0.00016712	25.0
0.00016702	15.45372485
0.000167	59.73053892
0.0001666	150.0
0.00016515	324.51674142
0.00016505	4.83489852
0.00016501	3022.54408824
0.000165	755.68181818
0.0001645	10.0
0.00016394	3.05050629
0.0001638	61.0
0.0001636	180.0
0.00016333	3855.79585055
0.00016332	3.4992
0.00016264	7.2120517
0.000162	9236.11111111
0.000161	4027.17806414
0.00016085	10.0
0.00016	2183.02170516
0.00015937	183.6284575
0.00015932	3.36317031
0.00015913	376.25
0.000158	3286.64556962
0.00015735	4.5
0.00015622	11.61626084
0.000156	319.71153846
0.00015551	160.35946241
0.000155	755.68181818
0.00015485	8.56912134
0.00015342	7.37737736
0.00015341	19.60058966
0.000153	150.0
0.00015262	2000.0
0.00015255	50.0
0.00015149	212.13635065
0.00015085	10.0
0.0001508	3.54971192
0.00015049	17.60108103
0.00015047	7.1115479
0.00015046	4.16988
0.00015005	600.0
0.00015003	100.0
0.00015001	5000.0
0.00015	1308.7889335
0.0001786	600.84707193
0.0001785	90.0
0.00017801	633.257
0.000178	410.0
0.0001779	7.16428245
0.00017604	385.16680759
0.00017603	1686.1735
0.00017602	2647.088
0.000176	17.00284091
0.00017576	3.25306724
0.00017562	1187.534
0.00017561	102.85839511
0.0001756	20.0
0.00017525	851.3158
0.00017524	4984.0
0.00017523	3.99479562
0.000175	1312.5
0.0001749	817.31043654
0.00017489	50.0
0.00017486	59.31366481
0.00017485	20.70695566
0.0001746	40.0
0.00017452	624.06813593
0.00017439	532.63578252
0.00017436	1000.0
0.00017392	25.0
0.00017377	30.0
0.00017373	1468.0903226
0.0001736	60.0
0.00017303	37.50291856
0.000173	288.29479769
0.00017291	99.84277285
0.00017267	75.0
0.0001726	80.0
0.00017186	25.0
0.00017183	577.00717071
0.00017182	25.0
0.0001716	80.0
0.00017111	1915.11260812
0.00017101	1388.80767206
0.000171	8592.43414167
0.00017088	32.83617119
0.00017085	100.35136084
0.0001706	100.0
0.00017051	1044.59807607
0.00017002	11.76332196
0.00017001	22.19188096
0.00017	1453.18294676
0.0001697	197.0
0.0001693	101.0
0.00016908	108.67980778
0.000169	97.0
0.0001689	118.11722913
0.00016815	116.48903314
0.0001674	4.5
0.00016724	52.91005291
0.00016712	25.0
0.00016702	15.45372485
0.000167	59.73053892
0.0001666	150.0
0.00016515	324.51674142
0.00016505	4.83489852
0.00016501	3022.54408824
0.000165	755.68181818
0.0001645	10.0
0.00016394	3.05050629
0.0001638	61.0
0.0001636	180.0
0.00016333	3855.79585055
0.00016332	3.4992
0.00016264	7.2120517
0.000162	9236.11111111
0.000161	4027.17806414
0.00016085	10.0
0.00016	2183.02170516
0.00015937	183.6218545
0.00015932	3.36317031
0.00015913	376.25
0.000158	3286.64556962
0.00015735	4.5
0.00015622	11.61626084
0.000156	319.71153846
0.00015551	160.35946241
0.000155	755.68181818
0.00015485	8.56912134
0.00015342	7.37737736
0.00015341	19.60058966
0.000153	150.0
0.00015262	2000.0
0.00015255	50.0
0.00015149	212.13635065
0.00015085	10.0
0.0001508	3.54971192
0.00015049	17.60108103
0.00015047	7.1115479
0.00015046	4.16988
0.00015005	600.0
0.00015003	100.0
0.00015001	5000.0
0.00015	1308.7889335
0.0001786	499.44707193
0.0001785	90.0
0.00017801	633.257
0.000178	410.0
0.0001779	7.16428245
0.00017604	385.21318225
0.00017603	1686.1735
0.00017602	2647.088
0.000176	17.00284091
0.00017576	3.25306724
0.00017562	1187.534
0.00017561	100.0
0.0001756	20.0
0.00017525	851.3158
0.00017524	4984.0
0.00017523	3.99479562
0.000175	1312.5
0.0001749	817.31043654
0.00017489	50.0
0.00017486	59.31366481
0.00017485	20.70695566
0.0001746	40.0
0.00017452	624.06813593
0.00017439	532.63578252
0.00017436	1000.0
0.00017392	25.0
0.00017377	30.0
0.00017373	1468.0903226
0.0001736	60.0
0.00017303	37.50291856
0.000173	288.29479769
0.00017291	99.84277285
0.00017267	75.0
0.0001726	80.0
0.00017186	25.0
0.00017183	577.00717071
0.00017182	25.0
0.0001716	80.0
0.00017111	1915.11260812
0.00017101	1388.80767206
0.000171	8592.43414167
0.00017088	32.83617119
0.00017085	100.35136084
0.0001706	100.0
0.00017051	1044.59807607
0.00017002	11.76332196
0.00017001	22.19188096
0.00017	1453.18294676
0.0001697	197.0
0.0001693	101.0
0.00016908	108.67980778
0.000169	97.0
0.0001689	118.11722913
0.00016815	116.48903314
0.0001674	4.5
0.00016724	52.91005291
0.00016712	25.0
0.00016702	15.45372485
0.000167	59.73053892
0.0001666	150.0
0.00016515	324.51674142
0.00016505	4.83489852
0.00016501	3022.54408824
0.000165	755.68181818
0.0001645	10.0
0.00016394	3.05050629
0.0001638	61.0
0.0001636	180.0
0.00016333	3855.79585055
0.00016332	3.4992
0.00016264	7.2120517
0.000162	9236.11111111
0.000161	4027.17806414
0.00016085	10.0
0.00016	2183.02170516
0.00015937	183.6218545
0.00015932	3.36317031
0.00015913	376.25
0.000158	3286.64556962
0.00015735	4.5
0.00015622	11.61626084
0.000156	319.71153846
0.00015551	160.35946241
0.000155	755.68181818
0.00015485	8.56912134
0.00015342	7.37737736
0.00015341	19.60058966
0.000153	150.0
0.00015262	2000.0
0.00015255	50.0
0.00015149	212.13635065
0.00015085	10.0
0.0001508	3.54971192
0.00015049	17.60108103
0.00015047	7.1115479
0.00015046	4.16988
0.00015005	600.0
0.00015003	100.0
0.00015001	5000.0
0.00015	1308.7889335
0.0001786	499.44707193
0.0001785	90.0
0.00017801	633.257
0.000178	410.0
0.0001779	7.16428245
0.00017607	2.86061646
0.00017604	385.21318225
0.00017603	1686.1735
0.00017602	2647.088
0.000176	17.00284091
0.00017576	3.25306724
0.00017562	1187.534
0.00017561	100.0
0.0001756	20.0
0.00017525	851.3158
0.00017524	4984.0
0.00017523	3.99479562
0.000175	1312.5
0.0001749	817.31043654
0.00017489	50.0
0.00017486	59.31366481
0.00017485	20.70695566
0.00017479	629.33562183
0.0001746	40.0
0.00017453	532.2085264
0.00017438	624.56916551
0.00017436	1000.0
0.00017392	25.0
0.00017377	30.0
0.00017373	1468.0903226
0.0001736	60.0
0.00017303	37.50291856
0.000173	288.29479769
0.00017291	99.84277285
0.00017267	75.0
0.0001726	80.0
0.00017186	25.0
0.00017183	577.00717071
0.00017182	25.0
0.0001716	80.0
0.00017111	1915.11260812
0.00017101	1388.80767206
0.000171	8592.43414167
0.00017088	32.83617119
0.00017085	100.35136084
0.0001706	100.0
0.00017051	1044.59807607
0.00017002	11.76332196
0.00017001	22.19188096
0.00017	1453.18294676
0.0001697	197.0
0.0001693	101.0
0.00016908	108.67980778
0.000169	97.0
0.0001689	118.11722913
0.00016815	116.48903314
0.0001674	4.5
0.00016724	52.91005291
0.00016712	25.0
0.00016702	15.45372485
0.000167	59.73053892
0.0001666	150.0
0.00016515	324.51674142
0.00016505	4.83489852
0.00016501	3022.54408824
0.000165	755.68181818
0.0001645	10.0
0.00016394	3.05050629
0.0001638	61.0
0.0001636	180.0
0.00016333	3855.79585055
0.00016332	3.4992
0.00016264	7.2120517
0.000162	9236.11111111
0.000161	4027.17806414
0.00016085	10.0
0.00016	2183.02170516
0.00015937	183.6218545
0.00015932	3.36317031
0.00015913	376.25
0.000158	3286.64556962
0.00015735	4.5
0.00015622	11.61626084
0.000156	319.71153846
0.00015551	160.35946241
0.000155	755.68181818
0.00015485	8.56912134
0.00015342	7.37737736
0.00015341	19.60058966
0.000153	150.0
0.00015262	2000.0
0.00015255	50.0
0.00015149	212.13635065
0.00015085	10.0
0.0001508	3.54971192
0.00015049	17.60108103
0.00015047	7.1115479
0.00015046	4.16988
0.00015005	600.0
0.00015003	100.0
0.0001786	499.44707193
0.0001785	90.0
0.00017801	2185.174
0.000178	410.0
0.0001779	7.16428245
0.00017604	2142.63328225
0.00017603	2016.70169857
0.000176	17.00284091
0.00017576	3.25306724
0.00017561	102.8594304
0.0001756	20.0
0.00017526	878.9189
0.00017525	3533.146
0.00017524	5453.70910061
0.00017523	3.99479562
0.000175	1312.5
0.0001749	817.31043654
0.00017489	50.0
0.00017486	59.31366481
0.00017485	20.70695566
0.00017462	623.71074952
0.0001746	40.0
0.00017453	532.2085264
0.00017437	1161.32362218
0.00017436	1000.0
0.00017392	25.0
0.00017377	30.0
0.00017373	1468.0903226
0.0001736	60.0
0.00017303	37.50291856
0.000173	288.29479769
0.00017291	99.84277285
0.00017267	75.0
0.0001726	80.0
0.00017186	25.0
0.00017183	577.00717071
0.00017182	25.0
0.0001716	80.0
0.00017111	1915.11260812
0.00017101	1388.80767206
0.000171	8592.43414167
0.00017088	32.83617119
0.00017085	100.35136084
0.0001706	100.0
0.00017051	1044.59807607
0.00017002	11.76332196
0.00017001	22.19188096
0.00017	1453.18294676
0.0001697	197.0
0.0001693	101.0
0.00016908	108.67980778
0.000169	97.0
0.0001689	118.11722913
0.00016815	116.48903314
0.0001674	4.5
0.00016724	52.91005291
0.00016712	25.0
0.00016702	15.45372485
0.000167	59.73053892
0.0001666	150.0
0.00016515	324.51674142
0.00016505	4.83489852
0.00016501	3022.54408824
0.000165	755.68181818
0.0001645	10.0
0.00016394	3.05050629
0.0001638	61.0
0.0001636	180.0
0.00016333	3855.79585055
0.00016332	3.4992
0.00016264	7.2120517
0.000162	9236.11111111
0.000161	4027.17806414
0.00016085	10.0
0.00016	2183.02170516
0.00015937	183.6218545
0.00015932	3.36317031
0.00015913	376.25
0.000158	3286.64556962
0.00015735	4.5
0.00015622	11.61626084
0.000156	319.71153846
0.00015551	160.35946241
0.000155	755.68181818
0.00015485	8.56912134
0.00015342	7.37737736
0.00015341	19.60058966
0.000153	150.0
0.00015262	2000.0
0.00015255	50.0
0.00015149	212.13635065
0.00015085	10.0
0.0001508	3.54971192
0.00015049	17.60108103
0.00015047	7.1115479
0.00015046	4.16988
0.00015005	600.0
0.00015003	100.0
0.00015001	5000.0
0.00015	1308.7889335
0.00017861	441.0085
0.0001786	499.44707193
0.0001785	90.0
0.00017811	841.399
0.00017801	887.0342
0.000178	410.0
0.0001779	7.16428245
0.00017608	386.45849163
0.00017607	1776.93317285
0.00017606	2936.352
0.00017603	2016.70169857
0.000176	17.00284091
0.00017577	376.90107554
0.00017576	3.25306724
0.00017561	100.0
0.0001756	20.0
0.00017527	621.39767834
0.00017525	886.7716
0.00017524	4984.0
0.00017523	3.99479562
0.00017501	320.0569789
0.000175	1312.5
0.0001749	817.31043654
0.00017489	50.0
0.00017486	59.31366481
0.00017485	20.70695566
0.0001746	40.0
0.00017453	532.2085264
0.00017437	1161.32362218
0.00017436	1000.0
0.00017392	25.0
0.00017377	30.0
0.00017373	1468.0903226
0.0001736	60.0
0.00017303	37.50291856
0.000173	288.29479769
0.00017291	99.84277285
0.00017267	75.0
0.0001726	80.0
0.00017186	25.0
0.00017183	577.00717071
0.00017182	25.0
0.0001716	80.0
0.00017111	1915.11260812
0.00017101	1388.80767206
0.000171	8592.43414167
0.00017088	32.83617119
0.00017085	100.35136084
0.0001706	100.0
0.00017051	1044.59807607
0.00017002	11.76332196
0.00017001	22.19188096
0.00017	1453.18294676
0.0001697	197.0
0.0001693	101.0
0.00016908	108.67980778
0.000169	97.0
0.0001689	118.11722913
0.00016815	116.48903314
0.0001674	4.5
0.00016724	52.91005291
0.00016712	25.0
0.00016702	15.45372485
0.000167	59.73053892
0.0001666	150.0
0.00016515	324.51674142
0.00016505	4.83489852
0.00016501	3022.54408824
0.000165	755.68181818
0.0001645	10.0
0.00016394	3.05050629
0.0001638	61.0
0.0001636	180.0
0.00016333	3855.79585055
0.00016332	3.4992
0.00016264	7.2120517
0.000162	9236.11111111
0.000161	4027.17806414
0.00016085	10.0
0.00016	2183.02170516
0.00015937	183.6218545
0.00015932	3.36317031
0.00015913	376.25
0.000158	3286.64556962
0.00015735	4.5
0.00015622	11.61626084
0.000156	319.71153846
0.00015551	160.35946241
0.000155	755.68181818
0.00015485	8.56912134
0.00015342	7.37737736
0.00015341	19.60058966
0.000153	150.0
0.00015262	2000.0
0.00015255	50.0
0.00015149	212.13635065
0.00015085	10.0
0.0001508	3.54971192
0.00015049	17.60108103
0.00015047	7.1115479
0.00017863	28.28441271
0.00017861	441.0085
0.0001786	499.44707193
0.0001785	90.0
0.00017811	841.399
0.00017801	887.0342
0.000178	410.0
0.0001779	7.16428245
0.00017608	386.45849163
0.00017607	1774.0685
0.00017606	2936.352
0.00017603	2016.70169857
0.000176	17.00284091
0.00017576	3.25306724
0.00017561	100.0
0.0001756	20.0
0.00017526	1249.08997699
0.00017525	883.8216
0.00017524	4984.0
0.00017523	3.99479562
0.000175	1312.5
0.00017491	442.4095
0.0001749	817.31043654
0.00017489	50.0
0.00017486	59.31366481
0.00017485	20.70695566
0.0001746	40.0
0.00017453	532.2085264
0.00017437	1161.32362218
0.00017436	1000.0
0.00017392	25.0
0.00017377	30.0
0.00017373	1468.0903226
0.0001736	60.0
0.00017303	37.50291856
0.000173	288.29479769
0.00017291	99.84277285
0.00017267	75.0
0.0001726	80.0
0.00017186	25.0
0.00017183	577.00717071
0.00017182	25.0
0.0001716	80.0
0.00017111	1915.11260812
0.00017101	1388.80767206
0.000171	8592.43414167
0.00017088	32.83617119
0.00017085	100.35136084
0.0001706	100.0
0.00017051	1044.59807607
0.00017002	11.76332196
0.00017001	22.19188096
0.00017	1453.18294676
0.0001697	197.0
0.0001693	101.0
0.00016908	108.67980778
0.000169	97.0
0.0001689	118.11722913
0.00016815	116.48903314
0.0001674	4.5
0.00016724	52.91005291
0.00016712	25.0
0.00016702	15.45372485
0.000167	59.73053892
0.0001666	150.0
0.00016515	324.51674142
0.00016505	4.83489852
0.00016501	3022.54408824
0.000165	755.68181818
0.0001645	10.0
0.00016394	3.05050629
0.0001638	61.0
0.0001636	180.0
0.00016333	3855.79585055
0.00016332	3.4992
0.00016264	7.2120517
0.000162	9236.11111111
0.000161	4027.17806414
0.00016085	10.0
0.00016	2183.02170516
0.00015937	183.6218545
0.00015932	3.36317031
0.00015913	376.25
0.000158	3286.64556962
0.00015735	4.5
0.00015622	11.61626084
0.000156	319.71153846
0.00015551	160.35946241
0.000155	755.68181818
0.00015485	8.56912134
0.00015342	7.37737736
0.00015341	19.60058966
0.000153	150.0
0.00015262	2000.0
0.00015255	50.0
0.00015149	212.13635065
0.00015085	10.0
0.0001508	3.54971192
0.00015049	17.60108103
0.00015047	7.1115479
0.00017954	818.83678809
0.00017861	762.727
0.0001786	499.44707193
0.0001785	90.0
0.00017811	841.399
0.00017801	382.27424373
0.000178	410.0
0.0001779	7.16428245
0.0001761	1765.6077
0.00017609	6102.711
0.00017603	2016.70169857
0.000176	17.00284091
0.00017576	3.25306724
0.00017561	414.37254099
0.0001756	20.0
0.00017523	3.99479562
0.00017502	622.28528786
0.000175	1312.5
0.00017495	628.74508198
0.0001749	817.31043654
0.00017489	50.0
0.00017486	59.31366481
0.00017485	20.70695566
0.0001746	40.0
0.00017453	532.2085264
0.00017437	1161.32362218
0.00017436	1000.0
0.00017392	25.0
0.00017377	30.0
0.00017373	1468.0903226
0.0001736	60.0
0.00017303	37.50291856
0.000173	288.29479769
0.00017291	99.84277285
0.00017267	75.0
0.0001726	80.0
0.00017187	576.8728815
0.00017186	25.0
0.00017182	25.0
0.0001716	80.0
0.00017111	1915.11260812
0.00017101	1388.80767206
0.000171	8592.43414167
0.00017088	32.83617119
0.00017085	100.35136084
0.0001706	100.0
0.00017051	1044.59807607
0.00017002	11.76332196
0.00017001	22.19188096
0.00017	1453.18294676
0.0001697	197.0
0.0001693	101.0
0.00016908	108.67980778
0.000169	97.0
0.0001689	118.11722913
0.00016815	116.48903314
0.0001674	4.5
0.00016724	52.91005291
0.00016712	25.0
0.00016702	15.45372485
0.000167	59.73053892
0.0001666	150.0
0.00016515	324.51674142
0.00016505	4.83489852
0.00016501	3022.54408824
0.000165	755.68181818
0.0001645	10.0
0.00016394	3.05050629
0.0001638	61.0
0.0001636	180.0
0.00016333	3855.79585055
0.00016332	3.4992
0.00016264	7.2120517
0.000162	9236.11111111
0.000161	4027.17806414
0.00016085	10.0
0.00016	2183.02170516
0.00015937	183.6218545
0.00015932	3.36317031
0.00015913	376.25
0.000158	3286.64556962
0.00015735	4.5
0.00015622	11.61626084
0.000156	319.71153846
0.00015551	160.35946241
0.000155	755.68181818
0.00015485	8.56912134
0.00015342	7.37737736
0.00015341	19.60058966
0.000153	150.0
0.00015262	2000.0
0.00015255	50.0
0.00015149	212.13635065
0.00015085	10.0
0.0001508	3.54971192
0.00015049	17.60108103
0.00015047	7.1115479
0.00015046	4.16988
0.00015005	600.0
0.00015003	100.0
0.00017954	818.83678809
0.0001786	499.44707193
0.0001785	90.0
0.00017811	841.399
0.00017801	382.27424373
0.000178	410.0
0.0001779	7.16428245
0.00017611	1738.2223
0.0001761	2101.136
0.00017609	4984.0
0.00017603	2016.70169857
0.000176	17.00284091
0.00017576	3.25306724
0.00017561	414.37254099
0.0001756	20.0
0.00017523	3.99479562
0.00017505	622.17864086
0.00017503	530.68819124
0.000175	1312.5
0.00017495	628.74508198
0.0001749	817.31043654
0.00017489	50.0
0.00017486	59.31366481
0.00017485	20.70695566
0.0001746	40.0
0.00017437	1161.32362218
0.00017436	1000.0
0.00017392	25.0
0.00017377	30.0
0.00017373	1468.0903226
0.0001736	60.0
0.00017303	37.50291856
0.000173	288.29479769
0.00017291	99.84277285
0.00017267	75.0
0.0001726	80.0
0.00017187	576.8728815
0.00017186	25.0
0.00017182	25.0
0.0001716	80.0
0.00017111	1915.11260812
0.00017101	1388.80767206
0.000171	8592.43414167
0.00017088	32.83617119
0.00017085	100.35136084
0.0001706	100.0
0.00017051	1044.59807607
0.00017002	11.76332196
0.00017001	22.19188096
0.00017	1453.18294676
0.0001697	197.0
0.0001693	101.0
0.00016908	108.67980778
0.000169	97.0
0.0001689	118.11722913
0.00016815	116.48903314
0.0001674	4.5
0.00016724	52.91005291
0.00016712	25.0
0.00016702	15.45372485
0.000167	59.73053892
0.0001666	150.0
0.00016515	324.51674142
0.00016505	4.83489852
0.00016501	3022.54408824
0.000165	755.68181818
0.0001645	10.0
0.00016394	3.05050629
0.0001638	61.0
0.0001636	180.0
0.00016333	3855.79585055
0.00016332	3.4992
0.00016264	7.2120517
0.000162	9236.11111111
0.000161	4027.17806414
0.00016085	10.0
0.00016002	78.0861821
0.00016001	104.807781
0.00016	2183.02170516
0.00015932	3.36317031
0.00015913	376.25
0.000158	3286.64556962
0.00015735	4.5
0.00015622	11.61626084
0.000156	319.71153846
0.00015551	160.35946241
0.000155	755.68181818
0.00015485	8.56912134
0.00015342	7.37737736
0.00015341	19.60058966
0.000153	150.0
0.00015262	2000.0
0.00015255	50.0
0.00015149	212.13635065
0.00015085	10.0
0.0001508	3.54971192
0.00015049	17.60108103
0.00015047	7.1115479
0.00015046	4.16988
0.00015005	600.0
0.00017954	818.83678809
0.0001785	90.0
0.00017813	1320.45
0.00017812	382.04608749
0.000178	410.0
0.0001779	7.16428245
0.0001761	1737.1627
0.00017609	4984.0
0.00017602	1578.348
0.000176	17.00284091
0.00017576	3.25306724
0.00017561	504.9841688
0.0001756	20.0
0.00017523	3.99479562
0.00017505	622.17864086
0.00017503	530.68819124
0.000175	1312.5
0.0001749	817.31043654
0.00017489	50.0
0.00017486	59.31366481
0.00017485	20.70695566
0.00017461	629.97537369
0.0001746	40.0
0.00017436	1000.0
0.00017392	25.0
0.00017377	30.0
0.00017373	1468.0903226
0.0001736	60.0
0.00017303	37.50291856
0.000173	288.29479769
0.00017291	99.84277285
0.00017267	75.0
0.0001726	80.0
0.00017187	576.8728815
0.00017186	25.0
0.00017182	25.0
0.0001716	80.0
0.00017111	1915.11260812
0.00017101	1388.80767206
0.000171	8592.43414167
0.00017088	32.83617119
0.00017085	100.35136084
0.0001706	100.0
0.00017051	1044.59807607
0.00017002	11.76332196
0.00017001	22.19188096
0.00017	1453.18294676
0.0001697	197.0
0.0001693	101.0
0.00016908	108.67980778
0.000169	97.0
0.0001689	118.11722913
0.00016815	116.48903314
0.0001674	4.5
0.00016724	52.91005291
0.00016712	25.0
0.00016702	15.45372485
0.000167	59.73053892
0.0001666	150.0
0.00016515	324.51674142
0.00016505	4.83489852
0.00016501	3022.54408824
0.000165	755.68181818
0.0001645	10.0
0.00016394	3.05050629
0.0001638	61.0
0.0001636	180.0
0.00016333	3855.79585055
0.00016332	3.4992
0.00016264	7.2120517
0.000162	9236.11111111
0.000161	4027.17806414
0.00016085	10.0
0.00016002	78.0861821
0.00016001	104.807781
0.00016	2183.02170516
0.00015932	3.36317031
0.00015913	376.25
0.000158	3286.64556962
0.00015735	4.5
0.00015622	11.61626084
0.000156	319.71153846
0.00015551	160.35946241
0.000155	755.68181818
0.00015485	8.56912134
0.00015342	7.37737736
0.00015341	19.60058966
0.000153	150.0
0.00015262	2000.0
0.00015255	50.0
0.00015149	212.13635065
0.00015085	10.0
0.0001508	3.54971192
0.00015049	17.60108103
0.00015047	7.1115479
0.00015046	4.16988
0.00015005	600.0
0.00015003	100.0
0.00015001	5000.0
0.00015	1308.7889335
0.00017954	818.83678809
0.00017859	1973.484
0.00017851	381.21141171
0.0001785	90.0
0.000178	410.0
0.0001779	7.16428245
0.0001761	1700.3197
0.00017609	4984.0
0.00017604	1902.249
0.000176	17.00284091
0.00017576	3.25306724
0.00017564	620.08865339
0.00017563	3468.226
0.00017561	100.0
0.0001756	20.0
0.00017523	3.99479562
0.00017503	530.68819124
0.000175	1312.5
0.0001749	817.31043654
0.00017489	50.0
0.00017486	59.31366481
0.00017485	20.70695566
0.0001746	40.0
0.00017436	1000.0
0.00017392	25.0
0.00017377	30.0
0.00017373	1468.0903226
0.0001736	60.0
0.00017303	37.50291856
0.000173	288.29479769
0.00017291	99.84277285
0.00017267	75.0
0.0001726	80.0
0.00017187	576.8728815
0.00017186	25.0
0.00017182	25.0
0.0001716	80.0
0.00017111	1915.11260812
0.00017101	1388.80767206
0.000171	8592.43414167
0.00017088	32.83617119
0.00017085	100.35136084
0.0001706	100.0
0.00017051	1044.59807607
0.00017002	11.76332196
0.00017001	22.19188096
0.00017	1453.18294676
0.0001697	197.0
0.0001693	101.0
0.00016908	108.67980778
0.000169	97.0
0.0001689	118.11722913
0.00016815	116.48903314
0.0001674	4.5
0.00016724	52.91005291
0.00016712	25.0
0.00016702	15.45372485
0.000167	59.73053892
0.0001666	150.0
0.00016515	324.51674142
0.00016505	4.83489852
0.00016501	3022.54408824
0.000165	755.68181818
0.0001645	10.0
0.00016394	3.05050629
0.0001638	61.0
0.0001636	180.0
0.00016333	3855.79585055
0.00016332	3.4992
0.00016264	7.2120517
0.000162	9236.11111111
0.000161	4027.17806414
0.00016085	10.0
0.00016002	78.0861821
0.00016001	104.807781
0.00016	2183.02170516
0.00015932	3.36317031
0.00015913	376.25
0.000158	3286.64556962
0.00015735	4.5
0.00015622	11.61626084
0.000156	319.71153846
0.00015551	160.35946241
0.000155	755.68181818
0.00015485	8.56912134
0.00015342	7.37737736
0.00015341	19.60058966
0.000153	150.0
0.00015262	2000.0
0.00015255	50.0
0.00015149	212.13635065
0.00015085	10.0
0.0001508	3.54971192
0.00015049	17.60108103
0.00015047	7.1115479
0.00015046	4.16988
0.00015005	600.0
0.00015003	100.0
0.00015001	5000.0
0.00015	1308.7889335
0.00017851	1000.927
0.0001785	90.0
0.00017812	6687.984
0.00017811	382.0675375
0.000178	410.0
0.0001779	7.16428245
0.00017609	4984.0
0.000176	17.00284091
0.00017576	3.25306724
0.00017561	100.0
0.0001756	20.0
0.00017523	3.99479562
0.00017505	622.17864086
0.00017503	530.68819124
0.000175	1312.5
0.0001749	817.31043654
0.00017489	50.0
0.00017486	59.31366481
0.00017485	20.70695566
0.0001746	40.0
0.00017446	630.53509501
0.00017436	1000.0
0.00017392	25.0
0.00017377	30.0
0.00017373	1468.0903226
0.0001736	60.0
0.00017303	37.50291856
0.000173	288.29479769
0.00017291	99.84277285
0.00017267	75.0
0.0001726	80.0
0.00017187	576.8728815
0.00017186	25.0
0.00017182	25.0
0.0001716	80.0
0.00017111	1915.11260812
0.00017101	1388.80767206
0.000171	8592.43414167
0.00017088	32.83617119
0.00017085	100.35136084
0.0001706	100.0
0.00017051	1044.59807607
0.00017002	11.76332196
0.00017001	22.19188096
0.00017	1453.18294676
0.0001697	197.0
0.0001693	101.0
0.00016908	108.67980778
0.000169	97.0
0.0001689	118.11722913
0.00016815	116.48903314
0.0001674	4.5
0.00016724	52.91005291
0.00016712	25.0
0.00016702	15.45372485
0.000167	59.73053892
0.0001666	150.0
0.00016515	324.51674142
0.00016505	4.83489852
0.00016501	3022.54408824
0.000165	755.68181818
0.0001645	10.0
0.00016394	3.05050629
0.0001638	61.0
0.0001636	180.0
0.00016333	3855.79585055
0.00016332	3.4992
0.00016264	7.2120517
0.000162	9236.11111111
0.000161	4027.17806414
0.00016085	10.0
0.00016002	78.0861821
0.00016	2183.02170516
0.00015933	105.255115
0.00015932	3.36317031
0.00015913	376.25
0.000158	3286.64556962
0.00015735	4.5
0.00015622	11.61626084
0.000156	319.71153846
0.00015551	160.35946241
0.000155	755.68181818
0.00015485	8.56912134
0.00015342	7.37737736
0.00015341	19.60058966
0.000153	150.0
0.00015262	2000.0
0.00015255	50.0
0.00015149	212.13635065
0.00015085	10.0
0.0001508	3.54971192
0.00015049	17.60108103
0.00015047	7.1115479
0.00015046	4.16988
0.00015005	600.0
0.00015003	100.0
0.00015001	5000.0
0.00015	1308.7889335
0.0001497	13.359231
0.00014912	50.0
0.00017853	33.54928437
0.00017851	424.1188
0.0001785	90.0
0.00017814	7745.892
0.00017813	4984.0
0.00017801	382.28217012
0.000178	410.0
0.0001779	7.16428245
0.000176	17.00284091
0.00017576	3.25306724
0.00017561	100.0
0.0001756	20.0
0.00017523	3.99479562
0.00017505	622.17864086
0.00017503	530.68819124
0.000175	1312.5
0.0001749	817.31043654
0.00017489	50.0
0.00017486	59.31366481
0.00017485	20.70695566
0.0001746	40.0
0.00017446	630.53509501
0.00017436	1000.0
0.00017392	25.0
0.00017377	30.0
0.00017373	1468.0903226
0.0001736	60.0
0.00017303	37.50291856
0.000173	288.29479769
0.00017291	99.84277285
0.00017267	75.0
0.00017261	574.3997575
0.0001726	80.0
0.00017186	25.0
0.00017182	25.0
0.0001716	80.0
0.00017111	1915.11260812
0.00017101	1388.80767206
0.000171	8592.43414167
0.00017088	32.83617119
0.00017085	100.35136084
0.0001706	100.0
0.00017051	1044.59807607
0.00017002	11.76332196
0.00017001	22.19188096
0.00017	1453.18294676
0.0001697	197.0
0.0001693	101.0
0.00016908	108.67980778
0.000169	97.0
0.0001689	118.11722913
0.00016815	116.48903314
0.0001674	4.5
0.00016724	52.91005291
0.00016712	25.0
0.00016702	15.45372485
0.000167	59.73053892
0.0001666	150.0
0.00016515	324.51674142
0.00016505	4.83489852
0.00016501	3022.54408824
0.000165	755.68181818
0.0001645	10.0
0.00016394	3.05050629
0.0001638	61.0
0.0001636	180.0
0.00016333	3855.79585055
0.00016332	3.4992
0.00016264	7.2120517
0.000162	9236.11111111
0.000161	4027.17806414
0.00016085	10.0
0.00016002	78.0861821
0.00016	2183.02170516
0.00015933	105.255115
0.00015932	3.36317031
0.00015913	376.25
0.000158	3286.64556962
0.00015735	4.5
0.00015622	11.61626084
0.000156	319.71153846
0.00015551	160.35946241
0.000155	755.68181818
0.00015485	8.56912134
0.00015342	7.37737736
0.00015341	19.60058966
0.000153	150.0
0.00015262	2000.0
0.00015255	50.0
0.00015149	212.13635065
0.00015085	10.0
0.0001508	3.54971192
0.00015049	17.60108103
0.00015047	7.1115479
0.00015046	4.16988
0.00015005	600.0
0.00015003	100.0
0.00015001	5000.0
0.00015	1308.7889335
0.0001497	13.359231
0.0001789	1115.14812745
0.0001785	90.0
0.00017817	1468.92
0.00017816	381.96031154
0.00017801	6336.36
0.000178	410.0
0.0001779	7.16428245
0.0001775	500.0
0.00017601	4984.0
0.000176	17.00284091
0.00017576	3.25306724
0.00017561	556.65150438
0.0001756	20.0
0.00017528	621.36222662
0.00017524	530.05223758
0.00017523	3.99479562
0.000175	1812.5
0.0001749	817.31043654
0.00017489	50.0
0.00017486	59.31366481
0.00017485	20.70695566
0.0001746	40.0
0.00017436	1000.0
0.00017392	25.0
0.00017377	30.0
0.00017373	1468.0903226
0.0001736	60.0
0.00017303	37.50291856
0.000173	288.29479769
0.00017291	99.84277285
0.00017267	75.0
0.00017261	574.3997575
0.0001726	80.0
0.0001725	500.0
0.00017186	25.0
0.00017182	25.0
0.0001716	80.0
0.00017111	1915.11260812
0.00017101	1388.80767206
0.000171	8592.43414167
0.00017088	32.83617119
0.00017085	100.35136084
0.0001706	100.0
0.00017051	1044.59807607
0.00017002	11.76332196
0.00017001	22.19188096
0.00017	1953.18294676
0.0001697	197.0
0.0001693	101.0
0.00016908	108.67980778
0.000169	97.0
0.0001689	118.11722913
0.00016815	116.48903314
0.0001674	4.5
0.00016724	52.91005291
0.00016712	25.0
0.00016702	15.45372485
0.000167	59.73053892
0.0001666	150.0
0.00016515	324.51674142
0.00016505	4.83489852
0.00016501	3022.54408824
0.000165	755.68181818
0.0001645	10.0
0.00016394	3.05050629
0.0001638	61.0
0.0001636	180.0
0.00016333	3855.79585055
0.00016332	3.4992
0.00016264	7.2120517
0.000162	9236.11111111
0.000161	4027.17806414
0.00016085	10.0
0.00016	2183.02170516
0.00015934	78.4194439
0.00015933	105.255115
0.00015932	3.36317031
0.00015913	376.25
0.000158	3286.64556962
0.00015735	4.5
0.00015622	11.61626084
0.000156	319.71153846
0.00015551	160.35946241
0.000155	755.68181818
0.00015485	8.56912134
0.00015342	7.37737736
0.00015341	19.60058966
0.000153	150.0
0.00015262	2000.0
0.00015255	50.0
0.00015149	212.13635065
0.00015085	10.0
0.0001508	3.54971192
0.00015049	17.60108103
0.00015047	7.1115479
0.00015046	4.16988
0.00015005	600.0
0.00015003	100.0
0.00015001	5000.0
0.00015	1308.7889335
