0.0599	0.27488909
0.0596	0.41841445
0.05950038	32.316
0.05950037	140.6005
0.05950035	3.25358691
0.05950022	0.5
0.0595	35.85895447
0.05945132	5.0
0.05933472	10.938
0.0593347	23.52711543
0.05930702	194.45778795
0.05930596	4.00686893
0.05930007	0.3027821
0.05920385	0.474453
0.059192	0.25
0.05919198	5.01808712
0.05916177	4.80184185
0.05914835	0.167
0.05912318	0.08584765
0.0591	8.60358822
0.05909456	1.0
0.05908155	0.00846287
0.05904946	202.5515
0.05904944	109.38
0.0590001	1.0
0.05900001	10.60695751
0.059	331.32849639
0.05896242	9.33907901
0.0589	20.021
0.05888	0.08491529
0.05887999	49.12307717
0.0588604	4.44678512
0.05885	2.5
0.05880936	0.03825921
0.05880013	6.01
0.0588	20.0
0.05871505	22.12487775
0.05871504	7.40873011
0.05862177	0.17057537
0.05862176	0.4
0.0586	5.10665529
0.05855835	0.00853849
0.0585075	2.5
0.0585	3.40467791
0.05848769	0.15387854
0.05844891	11.53309326
0.0584	0.058
0.05834858	10.0
0.0583282	15.1778516
0.05831169	0.03858573
0.0583	4.39785243
0.05820001	1.85485978
0.0582	0.01084001
0.05811875	0.2981961
0.0581	0.57335115
0.058091	3.3
0.05808828	1.0
0.05803515	0.00861546
0.058	14.22529448
0.05798763	0.45809019
0.05795689	109.38
0.05794732	2.27430611
0.05794731	1.0
0.05794724	22.01248121
0.0579	21.63622745
0.05781403	0.03891788
0.0578	1.67140306
0.05772277	0.01
0.05770002	3.75448826
0.0576	19.97644674
0.05756185	4.89089625
0.05756184	0.39319854
0.05751195	0.00869384
0.05751	0.07707842
0.0575	20.0
0.0574	0.08493216
0.05733001	1.7399373
0.05733	4.0
0.0573282	17.1778516
0.05731637	0.03925579
0.05731	1.43850605
0.0573	95.04490217
0.0572985	0.0218
0.05728	0.5
0.05724001	34.39585748
0.0572345	10.0
0.0571	301.28465403
0.057	25.74020333
0.05699314	0.446
0.05698875	0.00877366
0.0569132	104.76129161
0.05681871	0.03959962
0.05681411	0.24432424
0.0568	8.25204459
0.05671931	3.51732064
0.05670598	0.2
0.05666755	31.69214386
0.05664162	13.69809145
0.05663335	12.21627123
0.0566	0.52871025
0.0599	5.855464
0.0596	0.41841445
0.05950068	3.25356886
0.05950067	101.9494
0.05950045	193.78781033
0.05950022	0.5
0.0595	35.85895447
0.05945133	0.00841894
0.05945132	5.0
0.05933472	10.938
0.0593347	23.52711543
0.05930702	0.03793817
0.05930597	129.927
0.05930596	4.00686893
0.05930007	0.3027821
0.05920385	0.474453
0.05919201	196.6658
0.059192	0.25
0.05919198	5.01808712
0.05914835	0.167
0.05912318	0.08584765
0.0591	8.60358822
0.05909456	1.0
0.05908316	4.80184185
0.05908155	0.00846287
0.05904944	109.38
0.0590001	1.0
0.05900001	10.60695751
0.059	331.32849639
0.05896242	9.33907901
0.05890001	0.08487114
0.0589	20.021
0.05887999	49.12307717
0.0588604	4.44678512
0.05885	2.5
0.05880936	0.03825921
0.05880013	6.01
0.0588	20.0
0.05871505	22.12487775
0.05871504	7.40873011
0.05862177	0.17057537
0.05862176	0.4
0.0586	5.10665529
0.05855835	0.00853849
0.0585075	2.5
0.0585	3.40467791
0.05848769	0.15387854
0.05844891	11.53309326
0.0584	0.058
0.05834858	10.0
0.0583282	15.1778516
0.05831169	0.03858573
0.0583	4.39785243
0.05820001	1.85485978
0.0582	0.01084001
0.05811875	0.2981961
0.0581	0.57335115
0.058091	3.3
0.05808828	1.0
0.05803515	0.00861546
0.058	14.22529448
0.05798763	0.45809019
0.05795689	109.38
0.05794731	1.0
0.05794724	22.01248121
0.0579	21.63622745
0.05781403	0.03891788
0.0578	1.67140306
0.05772277	0.01
0.05770002	3.75448826
0.0576	19.97644674
0.05756185	4.89089625
0.05756184	0.39319854
0.05751195	0.00869384
0.05751	0.07707842
0.0575	20.0
0.0574	0.08493216
0.05733001	1.7399373
0.05733	4.0
0.0573282	17.1778516
0.05731637	0.03925579
0.05731	1.43850605
0.0573	95.04490217
0.0572985	0.0218
0.05728	0.5
0.05724001	34.39585748
0.0572345	10.0
0.0571	301.28465403
0.057	25.74020333
0.05699314	0.446
0.05698875	0.00877366
0.0569132	104.76129161
0.05681871	0.03959962
0.05681411	0.24432424
0.0568	8.25204459
0.05671931	3.51732064
0.05670598	0.2
0.05666755	31.69214386
0.05664162	13.69809145
0.05663335	12.21627123
0.05961031	170.19970303
0.0596103	104.29598502
0.05961012	2.94265092
0.0596	0.41841445
0.05950049	195.9261
0.05950047	10.9464033
0.05950045	193.78781033
0.05950022	0.5
0.0595	35.85895447
0.05945132	5.0
0.0593347	23.52711543
0.05930702	0.03793817
0.05930007	0.3027821
0.05928377	0.25
0.0592637	4.80184185
0.05920385	0.474453
0.0592	8.42483108
0.059192	0.25
0.05919198	5.01808712
0.05914836	22.12109935
0.05914835	0.167
0.05912318	0.08584765
0.0591	8.60358822
0.05909456	1.0
0.05908155	0.00846287
0.05904944	109.38
0.0590001	1.0
0.05900001	10.60695751
0.059	331.32849639
0.05896242	9.33907901
0.05890001	0.08487114
0.0589	20.021
0.05887999	49.12307717
0.0588604	4.44678512
0.05885	2.5
0.05880936	0.03825921
0.05880013	6.01
0.0588	20.0
0.05871504	7.40873011
0.05862177	0.17057537
0.05862176	0.4
0.0586	5.10665529
0.05855835	0.00853849
0.0585075	2.5
0.0585	3.40467791
0.05848769	0.15387854
0.05844891	11.53309326
0.0584	0.058
0.05834858	10.0
0.0583282	15.1778516
0.05831169	0.03858573
0.0583	4.39785243
0.05820001	1.85485978
0.0582	0.01084001
0.05811875	0.2981961
0.0581	0.57335115
0.058091	3.3
0.05808828	1.0
0.05803515	0.00861546
0.05800001	2.27224003
0.058	14.22529448
0.05798763	0.45809019
0.05795689	109.38
0.05794731	1.0
0.05794724	22.01248121
0.0579	21.63622745
0.05781403	0.03891788
0.0578	1.67140306
0.05772277	0.01
0.05770002	3.75448826
0.0576	19.97644674
0.05756185	4.89089625
0.05756184	0.39319854
0.05751195	0.00869384
0.05751	0.07707842
0.0575	20.0
0.05740001	1.73781543
0.0574	0.08493216
0.05733	4.0
0.0573282	17.1778516
0.05731637	0.03925579
0.05731	1.43850605
0.0573	95.04490217
0.0572985	0.0218
0.05728	0.5
0.05724001	34.39585748
0.0572345	10.0
0.0571	301.28465403
0.057	25.74020333
0.05699314	0.446
0.05698875	0.00877366
0.0569132	104.76129161
0.05681871	0.03959962
0.05681411	0.24432424
0.0568	8.25204459
0.05671931	3.51732064
0.05670598	0.2
0.05666755	31.69214386
0.05664162	13.69809145
0.05663335	12.21627123
0.05962129	184.7124292
0.05962123	2.06424199
0.05962122	106.5681
0.05962116	3.24699419
0.05962115	10.938
0.05962048	1.70313647
0.05961031	1.56270303
0.05961012	2.94265092
0.0596	0.41841445
0.05950022	0.5
0.0595	36.85895447
0.05947437	0.25
0.05945132	5.0
0.0593347	23.52711543
0.05930702	0.03793817
0.05930007	0.3027821
0.05920385	0.474453
0.0592	8.42483108
0.059192	0.25
0.05919198	5.01808712
0.05914835	0.167
0.05912318	0.08584765
0.05910001	210.0167
0.0591	8.60358822
0.05909456	1.0
0.05908155	0.00846287
0.05904944	109.38
0.0590001	1.0
0.05900001	10.60695751
0.059	331.32849639
0.05896243	22.11715901
0.05896242	9.33907901
0.05890001	0.08487114
0.0589	20.021
0.05887999	49.12307717
0.0588604	4.44678512
0.05885	2.5
0.05880936	0.03825921
0.05880013	6.01
0.0588	20.0
0.05871505	0.17030561
0.05871504	7.40873011
0.05862176	0.4
0.0586	5.10665529
0.05855835	0.00853849
0.0585075	2.5
0.0585	3.40467791
0.05848769	0.15387854
0.05844891	11.53309326
0.0584	0.058
0.05834858	10.0
0.0583282	15.1778516
0.05831169	0.03858573
0.0583	4.39785243
0.05820001	1.85485978
0.0582	0.01084001
0.05811875	0.2981961
0.0581	0.57335115
0.058091	3.3
0.05808828	1.0
0.05803515	0.00861546
0.05800001	2.27224003
0.058	14.22529448
0.05798763	0.45809019
0.05795689	109.38
0.05794731	1.0
0.05794724	22.01248121
0.0579	21.63622745
0.05781403	0.03891788
0.0578	1.67140306
0.05772277	0.01
0.05770002	3.75448826
0.0576	19.97644674
0.05756185	4.89089625
0.05756184	0.39319854
0.05751195	0.00869384
0.05751	0.07707842
0.0575	20.0
0.05740001	1.73781543
0.0574	0.08493216
0.05733	4.0
0.0573282	17.1778516
0.05731637	0.03925579
0.05731	1.43850605
0.0573	95.04490217
0.0572985	0.0218
0.05728	0.5
0.05724001	34.39585748
0.0572345	10.0
0.0571	301.28465403
0.057	25.74020333
0.05699314	0.446
0.05698875	0.00877366
0.0569132	104.76129161
0.05681871	0.03959962
0.05681411	0.24432424
0.0568	8.25204459
0.05671931	3.51732064
0.05670598	0.2
0.05666755	31.69214386
0.05962228	481.67283319
0.05962227	16.59475605
0.05962222	0.123233
0.05962221	120.318
0.05962048	1.70313647
0.05961031	1.56270303
0.05961012	2.94265092
0.0596	0.25104867
0.05950022	0.5
0.0595	35.85895447
0.05949323	0.25
0.05945132	5.0
0.0594266	0.00841374
0.05935297	25.0
0.0593347	23.52711543
0.05930702	0.03793817
0.05930007	0.3027821
0.05920385	0.474453
0.0592	8.42483108
0.05919201	22.11709595
0.059192	0.25
0.05919198	5.01808712
0.05914835	0.167
0.05912318	0.08584765
0.0591	8.60358822
0.05909456	1.0
0.05908155	0.00846287
0.0590001	1.0
0.05900001	10.60695751
0.059	331.32849639
0.05890001	0.08487114
0.0589	20.021
0.05887999	49.12307717
0.0588604	4.44678512
0.05885	2.5
0.05880936	0.03825921
0.05880013	6.01
0.0588	20.0
0.05871505	0.17030561
0.05871504	7.40873011
0.05862176	0.4
0.0586	5.10665529
0.05855835	0.00853849
0.0585075	2.5
0.0585	3.40467791
0.05848769	0.15387854
0.05844891	11.53309326
0.0584	0.058
0.05838104	109.38
0.05834858	10.0
0.0583282	15.1778516
0.05831169	0.03858573
0.0583	4.39785243
0.05820001	1.85485978
0.0582	0.01084001
0.05811875	0.2981961
0.0581	0.57335115
0.058091	3.3
0.05808828	1.0
0.05803515	0.00861546
0.05800001	2.27224003
0.058	14.22529448
0.05798763	0.45809019
0.05794731	1.0
0.05794724	22.01248121
0.0579	21.63622745
0.05781403	0.03891788
0.0578	1.67140306
0.05772277	0.01
0.05770002	3.75448826
0.0576	19.97644674
0.05756184	0.39319854
0.05751195	0.00869384
0.05751	0.07707842
0.0575	20.0
0.05740002	4.90468534
0.05740001	1.73781543
0.0574	0.08493216
0.05733	4.0
0.0573282	17.1778516
0.05731637	0.03925579
0.05731	1.43850605
0.0573	95.04490217
0.0572985	0.0218
0.05728	0.5
0.05724001	34.39585748
0.0572345	10.0
0.0571	301.28465403
0.057	25.74020333
0.05699314	0.446
0.05698875	0.00877366
0.0569132	104.76129161
0.05681871	0.03959962
0.05681411	0.24432424
0.0568	8.25204459
0.05671931	3.51732064
0.05670598	0.2
0.05666755	31.69214386
0.05664162	13.69809145
0.05663335	12.21627123
0.05980001	160.641
0.0598	16.72230351
0.05962334	463.71601746
0.05962048	1.70313647
0.05961031	1.56270303
0.05961012	2.94265092
0.05952003	0.25
0.05950022	0.5
0.0595	35.85895447
0.05945133	0.00845665
0.05945132	5.0
0.05935297	25.0
0.0593347	23.52711543
0.05930007	0.3027821
0.05920386	22.11630212
0.05920385	0.474453
0.0592	8.42483108
0.05919999	6.89017681
0.059192	0.25
0.05919198	5.01808712
0.05914835	0.167
0.05912506	1.11627798
0.05912318	0.08584765
0.0591	8.60358822
0.05909456	1.0
0.05908155	0.00846287
0.0590001	1.0
0.05900001	10.60695751
0.059	331.32849639
0.05890001	0.08487114
0.0589	20.021
0.05887999	49.12307717
0.0588604	4.44678512
0.05885	2.5
0.05880013	6.01
0.0588	20.0
0.05871505	0.17030561
0.05871504	7.40873011
0.05862176	0.4
0.0586	5.10665529
0.05855835	0.00853849
0.0585075	2.5
0.0585	3.40467791
0.05848769	0.15387854
0.05844891	11.53309326
0.0584	0.058
0.05838104	109.38
0.05834858	10.0
0.0583282	15.1778516
0.0583	4.39785243
0.05820001	1.85485978
0.0582	0.01084001
0.05811875	0.2981961
0.0581	0.57335115
0.058091	3.3
0.05808828	1.0
0.05803515	0.00861546
0.05800001	2.27224003
0.058	14.22529448
0.05798763	0.45809019
0.05794731	1.0
0.05794724	22.01248121
0.0579	21.63622745
0.0578	1.67140306
0.05772277	0.01
0.05770002	3.75448826
0.0576	19.97644674
0.05756184	0.39319854
0.05751195	0.00869384
0.05751	0.07707842
0.0575	20.0
0.05740002	4.90468534
0.05740001	1.73781543
0.0574	0.08493216
0.05733	4.0
0.0573282	17.1778516
0.05731	1.43850605
0.0573	95.04490217
0.0572985	0.0218
0.05728	0.5
0.05724001	34.39585748
0.0572345	10.0
0.0571	301.28465403
0.057	25.74020333
0.05699314	0.446
0.05698875	0.00877366
0.0569132	104.76129161
0.05681411	0.24432424
0.0568	8.25204459
0.05671931	3.51732064
0.05670598	0.2
0.05666755	31.69214386
0.05664162	13.69809145
0.05663335	12.21627123
0.0566	0.52871025
0.0565	3.09005727
0.05646555	0.00885495
0.05641373	0.5
0.0564	0.055
0.05634935	0.0359
0.06040997	0.8033399
0.05981047	106.16241691
0.05981046	171.658
0.05981045	195.9842
0.05981043	0.182
0.0598	16.72230351
0.05962335	10.938
0.05961031	1.56270303
0.05961012	2.94265092
0.05956919	1.52252467
0.05953736	0.00839809
0.05950022	0.5
0.0595	35.85895447
0.05945132	5.0
0.05935297	25.0
0.0593347	0.2687803
0.05930007	0.3027821
0.05920387	109.38
0.05920386	22.04714307
0.05920385	0.474453
0.0592	8.42483108
0.05919999	6.89017681
0.059192	0.25
0.05919198	5.01808712
0.05912318	0.08584765
0.0591	8.60358822
0.05909456	1.0
0.05908155	0.00846287
0.05900011	0.08473687
0.0590001	1.0
0.05900001	10.60695751
0.059	331.32849639
0.0589	20.021
0.05887999	49.12307717
0.0588604	4.44678512
0.05885	2.5
0.05880013	6.01
0.0588	20.0
0.05871505	0.17030561
0.05871504	7.40873011
0.05862176	0.4
0.0586	5.10665529
0.05855836	2.25057436
0.05855835	0.00853849
0.0585075	2.5
0.0585	3.40467791
0.05848769	0.15387854
0.05844891	11.53309326
0.0584	0.058
0.05838104	109.38
0.05834858	10.0
0.0583282	15.1778516
0.0583	4.39785243
0.05820001	1.85485978
0.0582	0.01084001
0.05811875	0.2981961
0.0581	0.57335115
0.058091	3.3
0.05808828	1.0
0.05803515	0.00861546
0.058	14.22529448
0.05798763	0.45809019
0.05794731	1.0
0.05794724	22.01248121
0.0579	21.63622745
0.0578	1.67140306
0.05772277	0.01
0.05770002	3.75448826
0.05769344	0.43
0.0576	19.97644674
0.05756184	0.39319854
0.05751195	0.00869384
0.05751	0.07707842
0.0575	20.0
0.05740002	4.90468534
0.0574	0.08493216
0.05733	4.0
0.0573282	17.1778516
0.05731	1.43850605
0.0573	95.04490217
0.0572985	0.0218
0.05728	0.5
0.05724001	34.39585748
0.0572345	10.0
0.0571	301.28465403
0.057	25.74020333
0.05698875	0.00877366
0.0569132	104.76129161
0.05681411	0.24432424
0.0568	8.25204459
0.05671931	3.51732064
0.05670598	0.2
0.05666755	31.69214386
0.05664162	13.69809145
0.05663335	12.21627123
0.0566	0.52871025
0.0565	3.09005727
0.05646555	0.00885495
0.05641373	0.5
0.0564	0.055
0.05982124	16.58374792
0.05982118	31.08223743
0.05982117	272.357
0.05982102	0.06445898
0.059821	11.66871701
0.05982078	0.02265359
0.05982074	1.69743398
0.05981043	0.182
0.0598	16.72230351
0.05966659	4.80184185
0.05962923	0.25
0.05962336	10.938
0.05961031	1.56270303
0.05961012	2.94265092
0.05955462	0.03778044
0.05950022	0.5
0.0595	35.85895447
0.05945132	5.0
0.05935298	211.902
0.05935297	25.0
0.0593347	0.2687803
0.05930008	21.82822991
0.05930007	0.3027821
0.05920387	109.38
0.05920385	0.474453
0.0592	8.42483108
0.05919999	6.89017681
0.059192	0.25
0.05919198	5.01808712
0.05912318	0.08584765
0.0591	8.60358822
0.05909456	1.0
0.05908155	0.00846287
0.05905703	0.03809876
0.05900011	0.08473687
0.0590001	1.0
0.05900001	10.60695751
0.059	331.32849639
0.0589	20.021
0.05887999	49.12307717
0.0588604	4.44678512
0.05885	2.5
0.05880013	6.01
0.0588	20.0
0.05871505	0.17030561
0.05871504	7.40873011
0.05862176	0.4
0.0586	5.10665529
0.05855945	0.03842249
0.05855836	2.25057436
0.05855835	0.00853849
0.0585075	2.5
0.0585	3.40467791
0.05848769	0.15387854
0.05844891	11.53309326
0.05840997	0.15298707
0.0584	0.058
0.05838104	109.38
0.05834858	10.0
0.0583282	15.1778516
0.0583	4.39785243
0.0582	0.01084001
0.05811875	0.2981961
0.0581	0.57335115
0.058091	3.3
0.05808828	1.0
0.05806186	0.03875177
0.05803515	0.00861546
0.058	14.22529448
0.05798763	0.45809019
0.05794732	1.72140183
0.05794731	1.0
0.05794724	22.01248121
0.0579	21.63622745
0.0578	1.67140306
0.05772277	0.01
0.05770002	3.75448826
0.05769344	0.43
0.0576	19.97644674
0.05756427	0.03908674
0.05756184	0.39319854
0.05751195	0.00869384
0.05751	0.07707842
0.0575	20.0
0.05740002	4.90468534
0.0574	0.08493216
0.05733	4.0
0.0573282	17.1778516
0.05731	1.43850605
0.0573	95.04490217
0.0572985	0.0218
0.05728	0.5
0.05724001	34.39585748
0.0572345	10.0
0.0571	301.28465403
0.05706668	0.03942755
0.057	25.74020333
0.05698875	0.00877366
0.0569132	104.76129161
0.05681411	0.24432424
0.06040986	1.0
0.05982227	277.5274
0.05982226	16.3150107
0.05982212	109.38
0.05982211	10.938
0.05982154	0.179
0.059821	11.66871701
0.05982078	0.02265359
0.05982074	1.69743398
0.0598	16.72230351
0.05966659	4.80184185
0.05962923	0.25
0.05961031	1.56270303
0.05961012	2.94265092
0.05955465	214.2895
0.05955462	0.03778044
0.05950022	0.5
0.0595	35.85895447
0.05945132	5.0
0.05935298	22.04282739
0.05935297	25.0
0.0593347	0.2687803
0.05930007	0.3027821
0.05920385	0.474453
0.0592	8.42483108
0.05919999	6.89017681
0.059192	0.25
0.05919198	5.01808712
0.05912318	0.08584765
0.0591	8.60358822
0.05909456	1.0
0.05908155	0.00846287
0.05905703	0.03809876
0.05900011	0.08473687
0.0590001	1.0
0.05900001	10.60695751
0.059	331.32849639
0.0589	20.021
0.05887999	49.12307717
0.0588604	4.44678512
0.05885	2.5
0.05880014	0.17005154
0.05880013	6.01
0.0588	20.0
0.05871504	7.40873011
0.05862176	0.4
0.0586	5.10665529
0.05855945	0.03842249
0.05855836	2.25057436
0.05855835	0.00853849
0.0585075	2.5
0.0585	3.40467791
0.05848769	0.15387854
0.05844891	11.53309326
0.05840997	0.15298707
0.0584	0.058
0.05838104	109.38
0.05834858	10.0
0.05832821	1.85078296
0.0583282	15.1778516
0.0583	4.39785243
0.0582	0.01084001
0.05811875	0.2981961
0.0581	0.57335115
0.058091	3.3
0.05808828	1.0
0.05806186	0.03875177
0.05803515	0.00861546
0.058	14.22529448
0.05798763	0.45809019
0.05794732	1.72140183
0.05794731	1.0
0.05794724	22.01248121
0.0579	21.63622745
0.0578	1.67140306
0.05772277	0.01
0.05770002	3.75448826
0.05769344	0.433
0.0576	19.97644674
0.05756427	0.03908674
0.05756184	0.39319854
0.05751195	0.00869384
0.05751	0.07707842
0.0575	20.0
0.05740002	4.90468534
0.0574	0.08493216
0.05733	4.0
0.0573282	17.1778516
0.05731	1.43850605
0.0573	95.04490217
0.0572985	0.0218
0.05728	0.5
0.05724001	34.39585748
0.0572345	10.0
0.0571	301.28465403
0.05706668	0.03942755
0.057	25.74020333
0.05698875	0.00877366
0.0569132	104.76129161
0.05681411	0.24432424
0.06040986	0.60088047
0.05982303	158.864
0.05982302	95.1107
0.059823	30.35083898
0.05982297	0.178
0.059821	11.66871701
0.05982078	0.02265359
0.0598	16.72230351
0.05966659	4.80184185
0.05961032	10.938
0.05961031	1.56270303
0.05961012	2.94265092
0.05956073	0.25
0.05955463	0.00841505
0.05955462	0.03778044
0.05950022	0.5
0.0595	35.85895447
0.05945132	5.0
0.05935301	192.3381
0.05935298	22.04259894
0.05935297	25.0
0.0593347	0.2687803
0.05930007	0.3027821
0.0592941	109.38
0.05920385	0.474453
0.0592	8.42483108
0.05919999	6.89017681
0.059192	0.25
0.05919198	5.01808712
0.05912318	0.08584765
0.0591	8.60358822
0.05909456	1.0
0.05908155	0.00846287
0.05905704	0.08465523
0.05905703	0.03809876
0.0590001	1.0
0.05900001	10.60695751
0.059	331.32849639
0.0589	20.021
0.05887999	49.12307717
0.0588604	4.44678512
0.05885	2.5
0.05880014	0.17005154
0.05880013	6.01
0.0588	20.0
0.05871504	7.40873011
0.05862176	0.4
0.0586	5.10665529
0.05855945	0.03842249
0.05855836	2.25057436
0.05855835	0.00853849
0.0585075	2.5
0.0585	3.40467791
0.05848769	0.15387854
0.05844891	11.53309326
0.05840997	0.15298707
0.0584	0.058
0.05838104	109.38
0.05834858	10.0
0.05832821	1.85078296
0.0583282	15.1778516
0.0583	4.39785243
0.0582	0.01084001
0.05811875	0.2981961
0.0581	0.57335115
0.058091	3.3
0.05808828	1.0
0.05806186	0.03875177
0.05803515	0.00861546
0.058	14.22529448
0.05798763	0.45809019
0.05794732	1.72140183
0.05794731	1.0
0.05794724	22.01248121
0.0579	21.63622745
0.0578	1.67140306
0.05772278	2.83478707
0.05772277	0.01
0.05770002	3.75448826
0.05769344	0.433
0.05760001	2.04682684
0.0576	19.97644674
0.05756427	0.03908674
0.05756184	0.39319854
0.05751195	0.00869384
0.05751	0.07707842
0.0575	20.0
0.0574	0.08493216
0.05733	4.0
0.0573282	17.1778516
0.05731	1.43850605
0.0573	95.04490217
0.0572985	0.0218
0.05728	0.5
0.05724001	34.39585748
0.0572345	10.0
0.0571	301.28465403
0.05706668	0.03942755
0.057	25.74020333
0.05698875	0.00877366
0.05983386	201.5853
0.05983385	260.2203
0.05983384	16.58672693
0.05983378	3.23545596
0.05983329	1.69707789
0.059821	11.66871701
0.05982078	0.02265359
0.05966659	4.80184185
0.05961032	10.938
0.05961031	1.56270303
0.05961012	2.94265092
0.05959052	0.25
0.05955462	0.03778044
0.05950022	0.5
0.0595	35.85895447
0.05948167	0.00840595
0.05945132	5.0
0.05935301	192.3381
0.05935298	22.04259894
0.05935297	25.0
0.0593347	0.2687803
0.05930007	0.3027821
0.0592941	109.38
0.05920385	0.474453
0.0592	8.42483108
0.05919999	6.89017681
0.059192	0.25
0.05919198	5.01808712
0.05912318	0.08584765
0.0591	8.60358822
0.05909457	0.08460981
0.05909456	1.0
0.05908155	0.00846287
0.05905703	0.03809876
0.0590001	1.0
0.05900001	10.60695751
0.059	331.32849639
0.0589	20.021
0.05887999	49.12307717
0.0588604	4.44678512
0.05885001	0.16990751
0.05885	2.5
0.05880013	6.01
0.0588	20.0
0.05871504	7.40873011
0.05862176	0.4
0.0586	5.10665529
0.05855945	0.03842249
0.05855836	2.25057436
0.05855835	0.00853849
0.0585075	2.5
0.0585	3.40467791
0.05848769	0.15387854
0.05844891	11.53309326
0.05840997	0.15298707
0.0584	0.058
0.05838104	109.38
0.05834858	10.0
0.05832821	1.85078296
0.0583282	15.1778516
0.0583	4.39785243
0.0582	0.01084001
0.05811875	0.2981961
0.0581	0.57335115
0.058091	3.3
0.05808828	1.0
0.05806186	0.03875177
0.05803515	0.00861546
0.058	14.22529448
0.05798763	0.45809019
0.05794732	1.72140183
0.05794731	1.0
0.05794724	22.01248121
0.0579	21.63622745
0.0578	1.67140306
0.05772278	2.83478707
0.05772277	0.01
0.05770002	3.75448826
0.05760001	2.04682684
0.0576	19.97644674
0.05756427	0.03908674
0.05756184	0.39319854
0.05751195	0.00869384
0.05751	0.07707842
0.0575	20.0
0.0574	0.08493216
0.05733	4.0
0.0573282	17.1778516
0.05731	1.43850605
0.0573	95.04490217
0.0572985	0.0218
0.05728	0.5
0.05724001	34.39585748
0.0572345	10.0
0.0571	357.18671674
0.05706668	0.03942755
0.057	25.74020333
0.05698875	0.00877366
0.0569132	104.76129161
0.05681411	0.24432424
0.05983488	166.327
0.05983487	16.59502043
0.05983482	92.3307
0.05983481	3.23540026
0.05983393	0.176
0.05983329	1.69707789
0.059821	11.66871701
0.05982078	0.02265359
0.05966659	4.80184185
0.05961032	10.938
0.05961031	1.56270303
0.05961012	2.94265092
0.05959052	0.25
0.05955462	0.03778044
0.05950029	191.3101
0.05950022	0.5
0.0595	35.85895447
0.05945132	5.0
0.05935298	22.04259894
0.05935297	25.0
0.0593347	0.2687803
0.05930007	0.3027821
0.0592941	109.38
0.05920385	0.474453
0.0592	8.42483108
0.05919999	6.89017681
0.059192	0.25
0.05919198	5.01808712
0.05912318	0.08584765
0.05910001	0.08458918
0.0591	8.60358822
0.05909456	1.0
0.05908155	0.00846287
0.05905703	0.03809876
0.0590001	1.0
0.05900001	10.60695751
0.059	331.32849639
0.0589	20.021
0.05887999	49.12307717
0.05886041	0.16986609
0.0588604	4.44678512
0.05885	2.5
0.05880013	6.01
0.0588	20.0
0.05871504	7.40873011
0.05862176	0.4
0.0586	5.10665529
0.05855945	0.03842249
0.05855835	0.00853849
0.0585075	2.5
0.0585	3.40467791
0.05848769	0.15387854
0.05844892	2.25478835
0.05844891	11.53309326
0.05840997	0.15298707
0.0584	0.058
0.05838104	109.38
0.05834858	10.0
0.05832821	1.85078296
0.0583282	15.1778516
0.0583	4.39785243
0.0582	0.01084001
0.05811875	0.2981961
0.0581	0.57335115
0.058091	3.3
0.05808828	1.0
0.05806186	0.03875177
0.05803515	0.00861546
0.058	14.22529448
0.05798763	0.45809019
0.05794731	1.0
0.05794724	22.01248121
0.0579	21.63622745
0.0578	1.67140306
0.05772278	2.83478707
0.05772277	0.01
0.05770002	3.75448826
0.05769344	0.435
0.05760001	2.04682684
0.0576	19.97644674
0.05756427	0.03908674
0.05756184	0.39319854
0.05751195	0.00869384
0.05751	0.07707842
0.0575	20.0
0.0574	0.08493216
0.05733	4.0
0.0573282	17.1778516
0.05731	1.43850605
0.0573	95.04490217
0.0572985	0.0218
0.05728	0.5
0.05724001	34.39585748
0.0572345	10.0
0.0571	357.18671674
0.05706668	0.03942755
0.057	25.74020333
0.05698875	0.00877366
0.0569132	104.76129161
0.05681411	0.24432424
0.059836	16.58671868
0.05983594	284.756
0.05983588	3.2353424
0.05983538	0.0314227
0.05983529	0.176
0.05983482	6.18631727
0.05983329	1.69707789
0.059821	11.66871701
0.0596666	0.00839426
0.05966659	4.80184185
0.05961032	10.938
0.05961031	1.56270303
0.05961012	2.94265092
0.05960342	0.25
0.05955462	0.03778044
0.05950038	194.2879
0.05950022	0.5
0.0595	35.85895447
0.05945132	5.0
0.05935297	25.0
0.0593347	0.2687803
0.05930008	22.03811193
0.05930007	0.3027821
0.0592941	109.38
0.05920385	0.474453
0.0592	8.42483108
0.05919999	6.89017681
0.059192	0.25
0.05919198	5.01808712
0.05912319	0.08455389
0.05912318	0.08584765
0.0591	8.60358822
0.05909456	1.0
0.05908155	0.00846287
0.05905703	0.03809876
0.0590001	1.0
0.05900001	10.60695751
0.059	331.32849639
0.0589	20.021
0.05888	0.16979522
0.05887999	49.12307717
0.0588604	4.44678512
0.05885	2.5
0.05880013	6.01
0.0588	20.0
0.05871504	7.40873011
0.05862176	0.4
0.0586	5.10665529
0.05855945	0.03842249
0.05855835	0.00853849
0.0585075	2.5
0.0585	3.40467791
0.05848769	0.15387854
0.05844892	2.25478835
0.05844891	11.53309326
0.05840997	0.15298707
0.0584	0.058
0.05838104	109.38
0.05834858	10.0
0.0583282	15.1778516
0.0583	4.39785243
0.05820001	1.85485978
0.0582	0.01084001
0.05811875	0.2981961
0.0581	0.57335115
0.058091	3.3
0.05808828	1.0
0.05806186	0.03875177
0.05803515	0.00861546
0.058	14.22529448
0.05798763	0.45809019
0.05794731	1.0
0.05794724	22.01248121
0.0579	21.63622745
0.05780001	1.72578902
0.0578	1.67140306
0.05772278	2.83478707
0.05772277	0.01
0.05770002	3.75448826
0.05769344	0.436
0.05760001	2.04682684
0.0576	19.97644674
0.05756427	0.03908674
0.05756184	0.39319854
0.05751195	0.00869384
0.05751	0.07707842
0.0575	20.0
0.0574	0.08493216
0.05733	4.0
0.0573282	17.1778516
0.05731	1.43850605
0.0573	95.04490217
0.0572985	0.0218
0.05728	0.5
0.0572345	10.0
0.0571	357.18671674
0.05706668	0.03942755
0.057	25.74020333
0.05698875	0.00877366
0.0569132	104.76129161
0.05983705	176.634
0.05983704	16.59501216
0.05983697	103.67488347
0.05983677	0.176
0.05983538	0.0314227
0.05983482	6.18631727
0.05983329	1.69707789
0.059821	11.66871701
0.05963519	1.52252467
0.05961735	198.0976
0.05961732	0.25
0.05961032	10.938
0.05961031	1.56270303
0.05961012	2.94265092
0.05955462	0.03778044
0.05950022	0.5
0.0595	35.85895447
0.05945132	5.0
0.05935297	25.0
0.0593347	0.2687803
0.05930008	22.03731639
0.05930007	0.3027821
0.0592941	109.38
0.05920385	0.474453
0.0592	8.42483108
0.05919999	6.89017681
0.059192	0.25
0.05919198	5.01808712
0.05912319	0.08455389
0.05912318	0.08584765
0.0591	8.60358822
0.05909456	1.0
0.05908155	0.00846287
0.05905703	0.03809876
0.0590001	1.0
0.05900001	10.60695751
0.059	331.32849639
0.05890001	0.16976804
0.0589	20.021
0.05887999	49.12307717
0.0588604	4.44678512
0.05885	2.5
0.05880013	6.01
0.0588	20.0
0.05871504	7.40873011
0.05862176	0.4
0.0586	5.10665529
0.05855945	0.03842249
0.05855835	0.00853849
0.0585075	2.5
0.0585	3.40467791
0.05848769	0.15387854
0.05844892	2.25478835
0.05844891	11.53309326
0.05840997	0.15298707
0.0584	0.058
0.05838104	109.38
0.05834858	10.0
0.0583282	15.1778516
0.0583	4.39785243
0.05820001	1.85485978
0.0582	0.01084001
0.05811875	0.2981961
0.0581	0.57335115
0.058091	3.3
0.05808828	1.0
0.05806186	0.03875177
0.05803515	0.00861546
0.058	14.22529448
0.05798763	0.45809019
0.05794731	1.0
0.05794724	22.01248121
0.0579	21.63622745
0.05780001	1.72578902
0.0578	1.67140306
0.05772278	2.83478707
0.05772277	0.01
0.05770002	3.75448826
0.05769344	0.436
0.05760001	2.04682684
0.0576	19.97644674
0.05756427	0.03908674
0.05756184	0.39319854
0.05751195	0.00869384
0.05751	0.07707842
0.0575	20.0
0.0574	0.08493216
0.05733	4.0
0.0573282	17.1778516
0.05731	1.43850605
0.0573	95.04490217
0.0572985	0.0218
0.05728	0.5
0.0572345	10.0
0.0571	357.18671674
0.05706668	0.03942755
0.057	25.74020333
0.05698875	0.00877366
0.0569132	104.76129161
0.05681411	0.24432424
0.05983801	259.8621
0.059838	16.59474779
0.05983794	44.1644
0.05983793	3.23523156
0.05983771	1.95323227
0.05983677	0.176
0.05983538	0.0314227
0.05983482	6.18631727
0.05983329	1.69707789
0.059821	11.66871701
0.05966092	10.938
0.05966091	4.80184185
0.05961236	0.25
0.05961031	1.56270303
0.05961012	2.94265092
0.05955462	0.03778044
0.05950026	193.9074
0.05950022	0.5
0.0595	35.85895447
0.05945132	5.0
0.05935297	25.0
0.0593347	0.2687803
0.05930008	22.03731639
0.05930007	0.3027821
0.0592941	109.38
0.05920385	0.474453
0.0592	8.42483108
0.05919999	6.89017681
0.059192	0.25
0.05919198	5.01808712
0.05912319	0.08455389
0.05912318	0.08584765
0.0591	8.60358822
0.05909456	1.0
0.05908155	0.00846287
0.05905703	0.03809876
0.0590001	1.0
0.05900001	10.60695751
0.059	331.32849639
0.05890001	0.16976804
0.0589	20.021
0.05887999	49.12307717
0.0588604	4.44678512
0.05885	2.5
0.05880013	6.01
0.0588	20.0
0.05871504	7.40873011
0.05862176	0.4
0.0586	5.10665529
0.05855945	0.03842249
0.05855835	0.00853849
0.0585075	2.5
0.0585	3.40467791
0.05848769	0.15387854
0.05844892	2.25478835
0.05844891	11.53309326
0.05840997	0.15298707
0.0584	0.058
0.05838104	109.38
0.05834858	10.0
0.0583282	15.1778516
0.0583	4.39785243
0.05820001	1.85485978
0.0582	0.01084001
0.05811875	0.2981961
0.0581	0.57335115
0.058091	3.3
0.05808828	1.0
0.05806186	0.03875177
0.05803515	0.00861546
0.058	14.22529448
0.05798763	0.45809019
0.05794731	1.0
0.05794724	22.01248121
0.0579	21.63622745
0.05780001	1.72578902
0.0578	1.67140306
0.05772277	0.01
0.05770002	3.75448826
0.05769344	0.436
0.05760001	4.88765603
0.0576	19.97644674
0.05756427	0.03908674
0.05756184	0.39319854
0.05751195	0.00869384
0.05751	0.07707842
0.0575	20.0
0.0574	0.08493216
0.05733	4.0
0.0573282	17.1778516
0.05731	1.43850605
0.0573	95.04490217
0.0572985	0.0218
0.05728	0.5
0.0572345	10.0
0.0571	357.18671674
0.05706668	0.03942755
0.057	25.74020333
0.05698875	0.00877366
0.0569132	104.76129161
0.05984897	271.5498
0.05984896	16.55777172
0.0598489	46.54553856
0.05984863	1.69664283
0.05983824	0.175
0.05983771	1.95323227
0.05983538	0.0314227
0.05983482	6.18631727
0.05983329	1.69707789
0.059821	11.66871701
0.05966092	10.938
0.05961236	0.25
0.05961031	1.56270303
0.05961012	2.94265092
0.05955462	0.03778044
0.05950031	185.3673
0.05950022	0.5
0.0595	35.85895447
0.05945132	5.0
0.05935297	25.0
0.0593347	0.2687803
0.05930008	22.03731639
0.05930007	0.3027821
0.0592941	109.38
0.05920385	0.474453
0.05920001	0.08445941
0.0592	8.42483108
0.05919999	6.89017681
0.059192	0.25
0.05919198	5.01808712
0.05912318	0.08584765
0.0591	8.60358822
0.05909456	1.0
0.05908155	0.00846287
0.05905703	0.03809876
0.0590001	1.0
0.05900001	10.60695751
0.059	331.32849639
0.05890001	0.16976804
0.0589	20.021
0.05887999	49.12307717
0.0588604	4.44678512
0.05885	2.5
0.05880013	6.01
0.0588	20.0
0.05871504	7.40873011
0.05862176	0.4
0.0586	5.10665529
0.05855945	0.03842249
0.05855835	0.00853849
0.0585075	2.5
0.0585	3.40467791
0.05848769	0.15387854
0.05844892	2.25478835
0.05844891	11.53309326
0.05840997	0.15298707
0.0584	0.058
0.05838104	109.38
0.05834858	10.0
0.0583282	15.1778516
0.0583	4.39785243
0.05820001	1.85485978
0.0582	0.01084001
0.05811875	0.2981961
0.0581	0.57335115
0.058091	3.3
0.05808828	1.0
0.05806186	0.03875177
0.05803515	0.00861546
0.058	14.22529448
0.05798763	0.45809019
0.05794731	1.0
0.05794724	22.01248121
0.0579	21.63622745
0.05780001	1.72578902
0.0578	1.67140306
0.05772277	0.01
0.05770002	3.75448826
0.05769344	0.436
0.05760001	4.88765603
0.0576	19.97644674
0.05756427	0.03908674
0.05756184	0.39319854
0.05751195	0.00869384
0.05751	0.07707842
0.0575	20.0
0.0574	0.08493216
0.05733	4.0
0.0573282	17.1778516
0.05731	1.43850605
0.0573	95.04490217
0.0572985	0.0218
0.05728	0.5
0.0572345	10.0
0.0571	357.18671674
0.05706668	0.03942755
0.057	25.74020333
0.05698875	0.00877366
0.0569132	104.76129161
0.05681411	0.24432424
0.05991607	16.5577443
0.05991602	91.7414
0.05991601	174.857
0.05991598	3.23101717
0.05991513	0.25
0.05984884	2.51476887
0.05983824	0.175
0.05983771	1.95323227
0.05983538	0.0314227
0.05983482	6.18631727
0.05982101	10.938
0.059821	11.66871701
0.05961031	1.56270303
0.05955462	0.03778044
0.05950025	197.5459
0.05950022	0.5
0.0595	35.85895447
0.05945132	5.0
0.0593347	0.2687803
0.05930008	22.03731639
0.05930007	0.3027821
0.0592941	109.38
0.05920386	0.08445082
0.05920385	0.474453
0.0592	8.42483108
0.05919999	6.89017681
0.059192	0.25
0.05919198	5.01808712
0.0591555	1.5665361
0.05912318	0.08584765
0.0591	9.02033726
0.05909456	1.0
0.05908155	0.00846287
0.05905703	0.03809876
0.0590001	1.0
0.05900001	10.60695751
0.059	331.32849639
0.05890001	0.16976804
0.0589	20.021
0.05887999	49.12307717
0.0588604	4.44678512
0.05885	2.5
0.05880013	6.01
0.0588	20.0
0.05871504	7.40873011
0.05862176	0.4
0.0586	5.10665529
0.05855946	2.25053209
0.05855945	0.03842249
0.05855835	0.00853849
0.0585075	2.5
0.0585	3.40467791
0.05848769	0.15387854
0.05844891	11.53309326
0.05840997	0.15298707
0.0584	0.058
0.05838104	109.38
0.05834858	10.0
0.0583282	15.1778516
0.0583	4.39785243
0.05820001	1.85485978
0.0582	0.01084001
0.05811875	0.2981961
0.0581	0.57335115
0.058091	3.3
0.05808828	1.0
0.05806186	0.03875177
0.05803515	0.00861546
0.058	14.22529448
0.05798763	0.45809019
0.05794732	1.72140183
0.05794731	1.0
0.05794724	22.01248121
0.0579	21.63622745
0.0578	1.67140306
0.05772277	0.01
0.05770002	3.75448826
0.05769344	0.436
0.05760001	4.88765603
0.0576	19.97644674
0.05756427	0.03908674
0.05756184	0.39319854
0.05751195	0.00869384
0.05751	0.07707842
0.0575	20.0
0.0574	0.08493216
0.05733	4.0
0.0573282	17.1778516
0.05731	1.43850605
0.0573	95.04490217
0.0572985	0.0218
0.05728	0.5
0.0572345	10.0
0.0571	357.18671674
0.05706668	0.03942755
0.057	25.74020333
0.05698875	0.00877366
0.0569132	104.76129161
0.05681411	0.24432424
0.0568	8.25204459
0.05991703	158.508
0.05991702	16.54931273
0.05991697	94.733
0.05991696	28.5391
0.05991674	2.66596678
0.0599164	0.02791611
0.05984884	2.51476887
0.05983824	0.175
0.05983771	1.95323227
0.05983482	6.18631727
0.05982101	10.938
0.059821	11.66871701
0.05977235	4.80184185
0.05955462	0.03778044
0.05951574	3.26637026
0.05950029	183.1359
0.05950022	0.5
0.0595	35.85895447
0.05945132	5.0
0.05933471	22.0079623
0.0593347	0.2687803
0.05930007	0.3027821
0.0592941	109.38
0.05920386	0.08445082
0.05920385	0.474453
0.0592	8.42483108
0.05919999	6.89017681
0.059192	0.25
0.05919198	5.01808712
0.05912318	0.08584765
0.0591	9.02033726
0.05909456	1.0
0.05908155	0.00846287
0.05905703	0.03809876
0.0590001	1.0
0.05900001	10.60695751
0.059	331.32849639
0.05890001	0.16976804
0.0589	20.021
0.05887999	49.12307717
0.0588604	4.44678512
0.05885	2.5
0.05880013	6.01
0.0588	20.0
0.05871504	7.40873011
0.05862176	0.4
0.0586	5.10665529
0.05855946	2.25053209
0.05855945	0.03842249
0.05855835	0.00853849
0.0585075	2.5
0.0585	3.40467791
0.05848769	0.15387854
0.05844891	11.53309326
0.05840997	0.15298707
0.0584	0.058
0.05838104	109.38
0.05834858	10.0
0.0583282	15.1778516
0.0583	4.39785243
0.0582	0.01084001
0.05811876	1.85745286
0.05811875	0.2981961
0.0581	0.57335115
0.058091	3.3
0.05808828	1.0
0.05806186	0.03875177
0.05803515	0.00861546
0.058	14.22529448
0.05798763	0.45809019
0.05794732	1.72140183
0.05794731	1.0
0.05794724	22.01248121
0.0579	21.63622745
0.0578	1.67140306
0.05772277	0.01
0.05770002	3.75448826
0.05769344	0.436
0.05760001	4.88765603
0.0576	19.97644674
0.05756427	0.03908674
0.05756184	0.39319854
0.05751195	0.00869384
0.05751	0.07707842
0.0575	20.0
0.0574	0.08493216
0.05733	4.0
0.0573282	17.1778516
0.05731	1.43850605
0.0573	95.04490217
0.0572985	0.0218
0.05728	0.5
0.0572345	10.0
0.0571	357.18671674
0.05706668	0.03942755
0.057	25.74020333
0.05698875	0.00877366
0.0569132	104.76129161
0.05681411	0.24432424
0.0568	8.25204459
0.05991796	90.9327
0.05991795	162.062
0.05991794	16.53874498
0.05991789	42.8223
0.05991787	3.23091525
0.05991767	1.55909867
0.0599173	0.0259416
0.05991674	2.66596678
0.05983824	0.175
0.05983771	1.95323227
0.05983482	6.18631727
0.05982101	10.938
0.059821	11.66871701
0.05977235	4.80184185
0.05955462	0.03778044
0.05951576	184.7446
0.05951574	3.26637026
0.05950022	0.5
0.0595	35.85895447
0.05945132	5.0
0.05933471	22.00765376
0.0593347	0.2687803
0.05930007	0.3027821
0.0592941	109.38
0.05920386	0.08445082
0.05920385	0.474453
0.0592	8.42483108
0.05919999	6.89017681
0.059192	0.25
0.05919198	5.01808712
0.05912318	0.08584765
0.0591	9.02033726
0.05909456	1.0
0.05908155	0.00846287
0.05905703	0.03809876
0.05900011	0.16946363
0.0590001	1.0
0.05900001	10.60695751
0.059	331.32849639
0.0589	20.021
0.05887999	49.12307717
0.0588604	4.44678512
0.05885	2.5
0.05880013	6.01
0.0588	20.0
0.05871504	7.40873011
0.05862176	0.4
0.0586	5.10665529
0.05855946	2.25053209
0.05855945	0.03842249
0.05855835	0.00853849
0.0585075	2.5
0.0585	3.40467791
0.05848769	0.15387854
0.05844891	11.53309326
0.05840997	0.15298707
0.0584	0.058
0.05838104	109.38
0.05834858	10.0
0.0583282	15.1778516
0.0583	4.39785243
0.0582	0.01084001
0.05811876	1.85745286
0.05811875	0.2981961
0.0581	0.57335115
0.058091	3.3
0.05808828	1.0
0.05806186	0.03875177
0.05803515	0.00861546
0.058	14.22529448
0.05798763	0.45809019
0.05794732	1.72140183
0.05794731	1.0
0.05794724	22.01248121
0.0579	21.63622745
0.0578	1.67140306
0.05772277	0.01
0.05770002	3.75448826
0.05769344	0.436
0.05760001	4.88765603
0.0576	19.97644674
0.05756427	0.03908674
0.05756184	0.39319854
0.05751195	0.00869384
0.05751	0.07707842
0.0575	20.0
0.0574	0.08493216
0.05733	4.0
0.0573282	17.1778516
0.05731	1.43850605
0.0573	95.04490217
0.0572985	0.0218
0.05728	0.5
0.0572345	10.0
0.0571	357.18671674
0.05706668	0.03942755
0.057	25.74020333
0.05698875	0.00877366
0.0569132	104.76129161
0.05681411	0.24432424
0.05991898	175.034
0.05991897	125.6649
0.05991767	1.55909867
0.0599173	0.0259416
0.05991674	2.66596678
0.05983824	0.175
0.05983771	1.95323227
0.05983482	6.18631727
0.05982101	10.938
0.05979122	4.80184185
0.0596332	0.25
0.05959208	1.8458828
0.05955462	0.03778044
0.05951577	186.0884
0.05951574	3.26637026
0.05950022	0.5
0.0595	35.85895447
0.05945132	5.0
0.05933471	22.00765376
0.0593347	0.2687803
0.05930007	0.3027821
0.0592941	109.38
0.05920386	0.08445082
0.05920385	0.474453
0.0592	8.42483108
0.05919999	6.89017681
0.059192	0.25
0.05919198	5.01808712
0.05912318	0.08584765
0.0591	9.02033726
0.05909456	1.0
0.05908155	0.00846287
0.05905703	0.03809876
0.05900011	0.16946363
0.0590001	1.0
0.05900001	10.60695751
0.059	331.32849639
0.0589	20.021
0.05887999	49.12307717
0.0588604	4.44678512
0.05885	2.5
0.05880013	6.01
0.0588	20.0
0.05871504	7.40873011
0.05862176	0.4
0.0586	5.10665529
0.05855946	2.25053209
0.05855945	0.03842249
0.05855835	0.00853849
0.0585075	2.5
0.0585	3.40467791
0.05848769	0.15387854
0.05844891	11.53309326
0.05840997	0.15298707
0.0584	0.058
0.05838104	109.38
0.05834858	10.0
0.0583282	15.1778516
0.0583	4.39785243
0.0582	0.01084001
0.05811876	1.85745286
0.05811875	0.2981961
0.0581	0.57335115
0.058091	3.3
0.05808828	1.0
0.05806186	0.03875177
0.05803515	0.00861546
0.058	14.22529448
0.05798763	0.45809019
0.05794732	1.72140183
0.05794731	1.0
0.05794724	22.01248121
0.0579	21.63622745
0.0578	1.67140306
0.05772277	0.01
0.05770002	3.75448826
0.05769344	0.436
0.05760001	4.88765603
0.0576	19.97644674
0.05756427	0.03908674
0.05756184	0.39319854
0.05751195	0.00869384
0.05751	0.07707842
0.0575	20.0
0.0574	0.08493216
0.05733	4.0
0.0573282	17.1778516
0.05731	1.43850605
0.0573	95.04490217
0.0572985	0.0218
0.05728	0.5
0.0572345	10.0
0.0571	357.18671674
0.05706668	0.03942755
0.057	25.74020333
0.05698875	0.00877366
0.0569132	104.76129161
0.05681411	0.24432424
0.0568	8.25204459
0.05671931	3.51732064
0.0599201	262.5325
0.05992009	29.6277
0.05992008	16.54682901
0.05992003	3.23079878
0.05991948	2.54706236
0.05991767	1.55909867
0.0599173	0.0259416
0.05991674	2.66596678
0.05983772	0.176
0.05983771	1.95323227
0.05983482	6.18631727
0.05982101	10.938
0.05979123	0.00838679
0.05979122	4.80184185
0.05961754	1.84509458
0.05955462	0.03778044
0.05951582	192.039
0.05951574	3.26637026
0.05950022	0.5
0.0595	35.85895447
0.05945132	5.0
0.05933471	22.00765376
0.0593347	0.2687803
0.05930007	0.3027821
0.05929411	0.08431784
0.0592941	109.38
0.05920385	0.474453
0.0592	8.42483108
0.05919999	6.89017681
0.059192	0.25
0.05919198	5.01808712
0.05912318	0.08584765
0.0591	9.02033726
0.05909456	1.0
0.05908155	0.00846287
0.05905703	0.03809876
0.05900011	0.16946363
0.0590001	1.0
0.05900001	10.60695751
0.059	331.32849639
0.0589	20.021
0.05887999	49.12307717
0.0588604	4.44678512
0.05885	2.5
0.05880013	6.01
0.0588	20.0
0.05871504	7.40873011
0.05862176	0.4
0.0586	5.10665529
0.05855946	2.25053209
0.05855945	0.03842249
0.05855835	0.00853849
0.0585075	2.5
0.0585	3.40467791
0.05848769	0.15387854
0.05844891	11.53309326
0.05840997	0.15298707
0.0584	0.058
0.05838104	109.38
0.05834858	10.0
0.0583282	15.1778516
0.0583	4.39785243
0.0582	0.01084001
0.05811876	1.85745286
0.05811875	0.2981961
0.0581	0.57335115
0.058091	3.3
0.05808828	1.0
0.05806186	0.03875177
0.05803515	0.00861546
0.058	14.22529448
0.05798763	0.45809019
0.05794732	1.72140183
0.05794731	1.0
0.05794724	22.01248121
0.0579	21.63622745
0.0578	1.67140306
0.05772277	0.01
0.05770002	3.75448826
0.05769344	0.436
0.05760001	4.88765603
0.0576	19.97644674
0.05756427	0.03908674
0.05756184	0.39319854
0.05751195	0.00869384
0.05751	0.07707842
0.0575	20.0
0.0574	0.08493216
0.05733	4.0
0.0573282	17.1778516
0.05731	1.43850605
0.0573	95.04490217
0.0572985	0.0218
0.05728	0.5
0.0572345	10.0
0.0571	357.18671674
0.05706668	0.03942755
0.057	25.74020333
0.05698875	0.00877366
0.0569132	104.76129161
0.06000103	16.5577443
0.060001	29.4805
0.06000099	169.526
0.06000062	3.22645932
0.06000061	1.82847038
0.06000047	3.38730042
0.0600001	9.83307425
0.06	15.0
0.05983772	0.176
0.05983771	1.95323227
0.05983482	6.18631727
0.05982102	0.00839204
0.05982101	10.938
0.05972514	4.80184185
0.05958025	1.10774963
0.05955462	0.03778044
0.05951588	196.5658
0.05951575	91.5275
0.05951574	3.26637026
0.05950022	0.5
0.0595	35.85895447
0.05945132	5.0
0.05933471	22.00765376
0.0593347	0.2687803
0.05930008	0.08430275
0.05930007	0.3027821
0.0592941	109.38
0.05920385	0.474453
0.0592	8.42483108
0.05919999	6.89017681
0.059192	0.25
0.05919198	5.01808712
0.05912318	0.08584765
0.0591	9.02033726
0.05909456	1.0
0.05908155	0.00846287
0.05905703	0.03809876
0.05900011	0.16946363
0.0590001	1.0
0.05900001	10.60695751
0.059	346.32849639
0.0589	20.021
0.05887999	49.12307717
0.0588604	4.44678512
0.05885	2.5
0.05880013	6.01
0.0588	20.0
0.05871504	7.40873011
0.05862176	0.4
0.0586	5.10665529
0.05855946	2.25053209
0.05855945	0.03842249
0.05855835	0.00853849
0.0585075	2.5
0.0585	3.40467791
0.05848769	0.15387854
0.05844891	11.53309326
0.05840997	0.15298707
0.0584	0.058
0.05838104	109.38
0.05834858	10.0
0.0583282	15.1778516
0.0583	4.39785243
0.0582	0.01084001
0.05811876	1.85745286
0.05811875	0.2981961
0.0581	0.57335115
0.058091	3.3
0.05808828	1.0
0.05806186	0.03875177
0.05803515	0.00861546
0.058	14.22529448
0.05798763	0.45809019
0.05794732	1.72140183
0.05794731	1.0
0.05794724	22.01248121
0.0579	21.63622745
0.0578	1.67140306
0.05772277	0.01
0.05770002	3.75448826
0.05769344	0.436
0.05760001	4.88765603
0.0576	19.97644674
0.05756427	0.03908674
0.05756184	0.39319854
0.05751195	0.00869384
0.05751	0.07707842
0.0575	20.0
0.0574	0.08493216
0.05733	4.0
0.0573282	17.1778516
0.05731	1.43850605
0.0573	95.04490217
0.0572985	0.0218
0.05728	0.5
0.0572345	10.0
0.0571	357.18671674
0.05706668	0.03942755
0.057	25.74020333
0.05698875	0.00877366
0.06000219	14.07888033
0.06000215	30.7393
0.06000214	162.773
0.06000011	3.22648675
0.0600001	9.83307425
0.06	15.0
0.05983772	0.176
0.05983771	1.95323227
0.05983482	6.18631727
0.05982101	10.938
0.05972514	4.80184185
0.05955463	193.2509
0.05955462	0.03778044
0.05952884	0.00839929
0.05951574	3.26637026
0.05950022	0.5
0.0595	35.85895447
0.05945132	5.0
0.05933475	21.97666066
0.05933474	0.08425203
0.0593347	0.2687803
0.05930007	0.3027821
0.0592941	109.38
0.05921	15.0
0.05920385	0.474453
0.0592	8.42483108
0.05919999	6.89017681
0.059192	0.25
0.05919198	5.01808712
0.05912318	0.08584765
0.05910001	0.16918904
0.0591	9.02033726
0.05909456	1.0
0.05908155	0.00846287
0.05905703	0.03809876
0.0590001	1.0
0.05900001	10.60695751
0.059	331.32849639
0.0589	20.021
0.05887999	49.12307717
0.0588604	4.44678512
0.05885	2.5
0.05880013	6.01
0.0588	20.0
0.05871504	7.40873011
0.05862176	0.4
0.0586	5.10665529
0.05855946	2.25053209
0.05855945	0.03842249
0.05855835	0.00853849
0.0585075	2.5
0.0585	3.40467791
0.05848769	0.15387854
0.05844891	11.53309326
0.05840997	0.15298707
0.0584	0.058
0.05838104	109.38
0.05834858	10.0
0.0583282	15.1778516
0.05830001	1.8516782
0.0583	4.39785243
0.0582	0.01084001
0.05811875	0.2981961
0.0581	0.57335115
0.058091	3.3
0.05808828	1.0
0.05806186	0.03875177
0.05803515	0.00861546
0.058	14.22529448
0.05798763	0.45809019
0.05794732	1.72140183
0.05794731	1.0
0.05794724	22.01248121
0.0579	21.63622745
0.0578	1.67140306
0.05772277	0.01
0.05770002	3.75448826
0.05769344	0.436
0.05760001	4.88765603
0.0576	19.97644674
0.05756427	0.03908674
0.05756184	0.39319854
0.05751195	0.00869384
0.05751	0.07707842
0.0575	20.0
0.0574	0.08493216
0.05733	4.0
0.0573282	17.1778516
0.05731	1.43850605
0.0573	95.04490217
0.0572985	0.0218
0.05728	0.5
0.0572345	10.0
0.0571	357.18671674
0.05706668	0.03942755
0.057	25.74020333
0.05698875	0.00877366
0.0569132	104.76129161
0.05681411	0.24432424
0.0568	8.25204459
0.06000265	164.372
0.06000264	30.7002
0.06000263	173.258
0.06000011	3.22648675
0.0600001	9.83307425
0.06	15.0
0.05983772	0.176
0.05983771	1.95323227
0.05983482	6.18631727
0.05972515	10.938
0.05972514	4.80184185
0.0595561	0.00839545
0.05955469	275.9868
0.05955462	0.03778044
0.05951574	3.26637026
0.05950022	0.5
0.0595	35.85895447
0.05945132	5.0
0.05933471	0.0842177
0.0593347	0.2687803
0.05930008	21.97651049
0.05930007	0.3027821
0.0592941	109.38
0.05921	15.0
0.05920385	0.474453
0.0592	8.42483108
0.05919999	6.89017681
0.059192	0.25
0.05919198	5.01808712
0.05912318	0.08584765
0.0591	9.02033726
0.05909456	1.0
0.05908155	0.00846287
0.05905703	0.03809876
0.0590001	1.0
0.05900001	10.60695751
0.059	331.32849639
0.0589	20.021
0.05887999	49.12307717
0.0588604	4.44678512
0.05885	2.5
0.05880013	6.01
0.0588	20.0
0.05871504	7.40873011
0.05862176	0.4
0.0586	5.10665529
0.05855946	2.25053209
0.05855945	0.03842249
0.05855835	0.00853849
0.0585075	2.5
0.0585	3.40467791
0.05848769	0.15387854
0.05844891	11.53309326
0.05840997	0.15298707
0.0584	0.058
0.05838104	109.38
0.05834858	10.0
0.0583282	15.1778516
0.05830001	1.8516782
0.0583	4.39785243
0.0582	0.01084001
0.05811875	0.2981961
0.0581	0.11832221
0.058091	3.3
0.05808828	1.0
0.05806186	0.03875177
0.05803515	0.00861546
0.058	14.22529448
0.05798763	0.45809019
0.05794732	1.72140183
0.05794731	1.0
0.05794724	22.01248121
0.0579	21.63622745
0.0578	1.67140306
0.05772278	4.87726053
0.05772277	0.01
0.05770002	3.75448826
0.05769344	0.436
0.0576	19.97644674
0.05756427	0.03908674
0.05756184	0.39319854
0.05751195	0.00869384
0.05751	0.07707842
0.0575	20.0
0.0574	0.08493216
0.05733	4.0
0.0573282	17.1778516
0.05731	1.43850605
0.0573	95.04490217
0.0572985	0.0218
0.05728	0.5
0.0572345	10.0
0.0571	357.18671674
0.05706668	0.03942755
0.057	25.74020333
0.05698875	0.00877366
0.0569132	104.76129161
0.05681411	0.24432424
0.0568	8.25204459
0.05671931	3.51732064
0.06000299	158.331
0.06000298	30.7029
0.0600001	9.81669965
0.06	15.0
0.05983773	3.23524238
0.05983772	0.176
0.05972515	10.938
0.05972514	4.80184185
0.05955686	0.00839534
0.05955472	192.3605
0.05955462	0.03778044
0.05951576	91.9993
0.05951574	3.26637026
0.05950022	0.5
0.0595	35.85895447
0.05945133	21.97637864
0.05945132	5.0
0.05933471	0.0842177
0.0593347	0.2687803
0.05930007	0.3027821
0.0592941	109.38
0.05921	15.0
0.05920385	0.474453
0.0592	8.42483108
0.05919999	6.89017681
0.059192	0.25
0.05919198	5.01808712
0.05912319	0.16912009
0.05912318	0.08584765
0.0591	9.02033726
0.05909456	1.0
0.05908155	0.00846287
0.05905703	0.03809876
0.0590001	1.0
0.05900001	10.60695751
0.059	331.32849639
0.0589	20.021
0.05887999	49.12307717
0.0588604	4.44678512
0.05885	2.5
0.05880013	6.01
0.0588	20.0
0.05871504	7.40873011
0.05862176	0.4
0.0586	5.10665529
0.05855946	2.25053209
0.05855945	0.03842249
0.05855835	0.00853849
0.0585075	2.5
0.0585	3.40467791
0.05848769	0.15387854
0.05844891	11.53309326
0.05840997	0.15298707
0.0584	0.058
0.05838104	109.38
0.05834858	10.0
0.0583282	15.1778516
0.05830001	1.8516782
0.0583	4.39785243
0.0582	0.01084001
0.05811875	0.2981961
0.0581	0.11832221
0.058091	3.3
0.05808828	1.0
0.05806186	0.03875177
0.05803515	0.00861546
0.058	14.22529448
0.05798763	0.45809019
0.05794732	1.72140183
0.05794731	1.0
0.05794724	22.01248121
0.0579	21.63622745
0.0578	1.67140306
0.05772278	4.87726053
0.05772277	0.01
0.05770002	3.75448826
0.05769344	0.436
0.0576	19.97644674
0.05756427	0.03908674
0.05756184	0.39319854
0.05751195	0.00869384
0.05751	0.07707842
0.0575	20.0
0.0574	0.08493216
0.05733	4.0
0.0573282	17.1778516
0.05731	1.43850605
0.0573	95.04490217
0.0572985	0.0218
0.05728	0.5
0.0572345	10.0
0.0571	357.18671674
0.05706668	0.03942755
0.057	25.74020333
0.05698875	0.00877366
0.0569132	104.76129161
0.05681411	0.24432424
0.0568	8.25204459
0.05671931	3.51732064
0.05666755	31.69214386
0.0604	55.14538694
0.06000335	163.306
0.06000334	31.5791
0.06000011	3.22648675
0.0600001	10.53794747
0.06	15.0
0.05983772	0.176
0.05981543	60.69876268
0.05973683	4.80184185
0.05972515	10.938
0.05955473	196.0585
0.05955462	0.03778044
0.05951574	3.26637026
0.05950022	0.5
0.0595	35.85895447
0.05946393	2.82777766
0.05945133	21.97637864
0.05945132	5.0
0.05933471	0.0842177
0.0593347	0.2687803
0.05930007	0.3027821
0.0592941	109.38
0.05921	15.0
0.05920385	0.474453
0.0592	8.42483108
0.05919999	6.89017681
0.059192	0.25
0.05919198	5.01808712
0.05912319	0.16912009
0.05912318	0.08584765
0.0591	9.02033726
0.05909456	1.0
0.05908155	0.00846287
0.05905703	0.03809876
0.0590001	1.0
0.05900001	10.60695751
0.059	330.19152543
0.0589	20.021
0.05887999	49.12307717
0.0588604	4.44678512
0.05885	2.5
0.05880013	6.01
0.0588	20.0
0.05871504	7.40873011
0.05862176	0.4
0.0586	5.10665529
0.05855946	2.25053209
0.05855945	0.03842249
0.05855835	0.00853849
0.0585075	2.5
0.0585	3.40467791
0.05848769	0.15387854
0.05844891	11.53309326
0.05840997	0.15298707
0.0584	0.058
0.05838104	109.38
0.05834858	10.0
0.0583282	15.1778516
0.05830001	1.8516782
0.0583	4.39785243
0.0582	0.01084001
0.05811875	0.2981961
0.0581	0.11832221
0.058091	3.3
0.05808828	1.0
0.05806186	0.03875177
0.05803515	0.00861546
0.058	14.22529448
0.05798763	0.45809019
0.05794732	1.72140183
0.05794731	1.0
0.05794724	22.01248121
0.0579	21.63622745
0.0578	1.67140306
0.05772278	4.87726053
0.05772277	0.01
0.05770002	3.75448826
0.05769344	0.436
0.0576	19.97644674
0.05756427	0.03908674
0.05756184	0.39319854
0.05751195	0.00869384
0.05751	0.07707842
0.0575	20.0
0.0574	0.08493216
0.05733	4.0
0.0573282	17.1778516
0.05731	1.43850605
0.0573	95.04490217
0.0572985	0.0218
0.05728	0.5
0.0572345	10.0
0.0571	357.18671674
0.05706668	0.03942755
0.057	25.74020333
0.05698875	0.00877366
0.0569132	104.76129161
0.05681411	0.24432424
0.0568	8.25204459
0.05671931	3.51732064
0.0604	45.38659827
0.06000362	172.547
0.06000361	50.76899855
0.0600001	9.81669965
0.06	15.0
0.05983773	0.00838979
0.05983772	0.176
0.05981543	60.69876268
0.05974439	0.25
0.05973683	4.80184185
0.05972515	10.938
0.05955462	0.03778044
0.05951576	182.538
0.05951574	3.26637026
0.05950022	0.5
0.0595	35.85895447
0.05946393	2.82777766
0.05945132	5.0
0.05933471	0.0842177
0.0593347	0.2687803
0.05930007	0.3027821
0.0592941	109.38
0.05921	15.0
0.05920385	0.474453
0.0592	8.42483108
0.05919999	6.89017681
0.059192	0.25
0.05919198	5.01808712
0.05912319	0.16912009
0.05912318	0.08584765
0.0591	9.02033726
0.05909456	1.0
0.05908155	0.00846287
0.05905703	0.03809876
0.0590001	1.0
0.05900001	10.60695751
0.059	330.19152543
0.0589	20.021
0.05887999	49.12307717
0.0588604	4.44678512
0.05885	2.5
0.05880013	6.01
0.0588	20.0
0.05871504	7.40873011
0.05862176	0.4
0.0586	5.10665529
0.05855946	2.25053209
0.05855945	0.03842249
0.05855835	0.00853849
0.0585075	2.5
0.0585	25.23651092
0.05848769	0.15387854
0.05844891	11.53309326
0.05840997	0.15298707
0.0584	0.058
0.05838104	109.38
0.05834858	10.0
0.0583282	15.1778516
0.0583	4.39785243
0.0582	0.01084001
0.05811875	0.2981961
0.0581	0.11832221
0.058091	3.3
0.05808828	1.0
0.05806186	0.03875177
0.05803515	0.00861546
0.058	14.22529448
0.05798763	0.45809019
0.05794732	1.72140183
0.05794731	1.0
0.05794724	22.01248121
0.0579	21.63622745
0.0578	1.67140306
0.05772278	4.87726053
0.05772277	0.01
0.05770002	3.75448826
0.05769344	0.436
0.0576	19.97644674
0.05756427	0.03908674
0.05756184	0.39319854
0.05751195	0.00869384
0.05751	0.07707842
0.0575	20.0
0.0574	0.08493216
0.05733	4.0
0.0573282	17.1778516
0.05731	1.43850605
0.0573	95.04490217
0.0572985	0.0218
0.05728	0.5
0.0572345	10.0
0.0571	357.18671674
0.05706668	0.03942755
0.057	25.74020333
0.05698875	0.00877366
0.0569132	104.76129161
0.05681411	0.24432424
0.0568	8.25204459
0.05671931	3.51732064
0.05666755	31.69214386
0.0604	45.11659827
0.06000409	158.864
0.06000408	142.7992
0.06000407	3.22627382
0.0600001	9.81669965
0.06	15.0
0.05985922	4.80184185
0.05983772	0.176
0.05981543	60.69876268
0.05975233	0.25
0.05972515	10.938
0.05955462	0.03778044
0.05951576	182.538
0.05951574	3.26637026
0.05950022	0.5
0.0595	35.85895447
0.05945132	5.0
0.05933474	21.83183301
0.05933473	0.08411086
0.0593347	0.2687803
0.05930007	0.3027821
0.0592941	109.38
0.05921	15.0
0.05920386	0.16890556
0.05920385	0.474453
0.0592	8.42483108
0.05919999	6.89017681
0.059192	0.25
0.05919198	5.01808712
0.05912318	0.08584765
0.0591	9.02033726
0.05909456	1.0
0.05908155	0.00846287
0.05905703	0.03809876
0.0590001	1.0
0.05900001	10.60695751
0.059	330.19152543
0.0589	20.021
0.05887999	49.12307717
0.0588604	4.44678512
0.05885	2.5
0.05880013	6.01
0.0588	20.0
0.05871504	7.40873011
0.05862176	0.4
0.0586	5.10665529
0.05855946	2.25053209
0.05855945	0.03842249
0.05855835	0.00853849
0.0585075	2.5
0.0585	3.40467791
0.05848769	0.15387854
0.05844891	11.53309326
0.05840997	0.15298707
0.0584	0.058
0.05838105	1.84910784
0.05838104	109.38
0.05834858	10.0
0.0583282	15.1778516
0.0583	4.39785243
0.0582	0.01084001
0.05811875	0.2981961
0.0581	0.11832221
0.058091	3.3
0.05808828	1.0
0.05806186	0.03875177
0.05803515	0.00861546
0.058	14.22529448
0.05798763	0.45809019
0.05794732	1.72140183
0.05794731	1.0
0.05794724	22.01248121
0.0579	21.63622745
0.0578	1.67140306
0.05772278	4.87726053
0.05772277	0.01
0.05770002	3.75448826
0.05769344	0.436
0.0576	19.97644674
0.05756427	0.03908674
0.05756184	0.39319854
0.05751195	0.00869384
0.05751	0.07707842
0.0575	20.0
0.0574	0.08493216
0.05733	4.0
0.0573282	17.1778516
0.05731	1.43850605
0.0573	95.04490217
0.0572985	0.0218
0.05728	0.5
0.0572345	10.0
0.0571	357.18671674
0.05706668	0.03942755
0.057	25.74020333
0.05698875	0.00877366
0.0569132	104.76129161
0.05681411	0.24432424
0.0568	8.25204459
0.05671931	3.51732064
0.06040001	3.20512463
0.0604	45.11659827
0.06000451	172.547
0.0600001	9.81669965
0.06	15.0
0.05985922	4.80184185
0.05983772	0.176
0.05981544	0.00838237
0.05981543	60.69876268
0.05978012	0.25
0.05972515	10.938
0.059649	1.84412134
0.05955462	0.03778044
0.05951574	3.26637026
0.05950022	0.5
0.0595	35.85895447
0.05945133	0.08408984
0.05945132	5.0
0.0593347	0.2687803
0.05930007	0.3027821
0.0592941	109.38
0.05921002	21.8318294
0.05921001	0.16886335
0.05921	15.0
0.05920385	0.474453
0.0592	8.42483108
0.05919999	6.89017681
0.059192	0.25
0.05919198	5.01808712
0.05912318	0.08584765
0.0591	9.02033726
0.05909456	1.0
0.05908155	0.00846287
0.05905703	0.03809876
0.0590001	1.0
0.05900001	10.60695751
0.059	330.19152543
0.0589	20.021
0.05887999	49.12307717
0.0588604	4.44678512
0.05885	2.5
0.05880013	6.01
0.0588	20.0
0.05871504	7.40873011
0.05862176	0.4
0.0586	5.10665529
0.05855946	2.25053209
0.05855945	0.03842249
0.05855835	0.00853849
0.0585075	2.5
0.0585	3.40467791
0.05848769	0.15387854
0.05844891	11.53309326
0.05840997	0.15298707
0.0584	0.058
0.05838105	1.84910784
0.05838104	109.38
0.05834858	10.0
0.0583282	15.1778516
0.0583	4.39785243
0.0582	0.01084001
0.05811875	0.2981961
0.0581	0.11832221
0.058091	3.3
0.05808828	1.0
0.05806186	0.03875177
0.05803515	0.00861546
0.058	14.22529448
0.05798763	0.45809019
0.05794732	1.72140183
0.05794731	1.0
0.05794724	22.01248121
0.0579	21.63622745
0.0578	1.67140306
0.05772278	4.87726053
0.05772277	0.01
0.05770002	3.75448826
0.05769344	0.436
0.0576	19.97644674
0.05756427	0.03908674
0.05756184	0.39319854
0.05751195	0.00869384
0.05751	0.07707842
0.0575	20.0
0.0574	0.08493216
0.05733	4.0
0.0573282	17.1778516
0.05731	1.43850605
0.0573	95.04490217
0.0572985	0.0218
0.05728	0.5
0.0572345	10.0
0.0571	357.18671674
0.05706668	0.03942755
0.057	25.74020333
0.05698875	0.00877366
0.0569132	104.76129161
0.05681411	0.24432424
0.0568	8.25204459
0.05671931	3.51732064
0.0604	36.34299827
0.06000496	138.4571
0.06000495	161.885
0.0600001	9.81669965
0.06	15.0
0.05985922	4.80184185
0.05983772	0.176
0.05981543	60.69876268
0.05980991	0.25
0.05972515	10.938
0.05955462	0.03778044
0.05950022	0.5
0.0595	35.85895447
0.05945132	5.0
0.05933471	0.08412339
0.0593347	0.2687803
0.0593001	21.83183301
0.05930009	194.8876
0.05930007	0.3027821
0.0592941	109.38
0.05921	15.0
0.05920385	0.474453
0.0592	8.42483108
0.05919999	6.89017681
0.05919201	0.1689307
0.059192	0.25
0.05919198	5.01808712
0.05912318	0.08584765
0.0591	9.02033726
0.05909456	1.0
0.05908155	0.00846287
0.05905703	0.03809876
0.0590001	1.0
0.05900001	10.60695751
0.059	330.19152543
0.0589	20.021
0.05887999	49.12307717
0.0588604	4.44678512
0.05885	2.5
0.05880013	6.01
0.0588	20.0
0.05871504	7.40873011
0.05862176	0.4
0.0586	5.10665529
0.05855946	2.25053209
0.05855945	0.03842249
0.05855835	0.00853849
0.0585075	2.5
0.0585	3.40467791
0.05848769	0.15387854
0.05844891	11.53309326
0.05840997	0.15298707
0.0584	0.058
0.05838105	1.84910784
0.05838104	109.38
0.05834858	10.0
0.0583282	15.1778516
0.0583	4.39785243
0.0582	0.01084001
0.05811875	0.2981961
0.0581	0.11832221
0.058091	3.3
0.05808828	1.0
0.05806186	0.03875177
0.05803515	0.00861546
0.058	14.22529448
0.05798763	0.45809019
0.05794732	1.72140183
0.05794731	1.0
0.05794724	22.01248121
0.0579	21.63622745
0.0578	1.67140306
0.05772278	4.87726053
0.05772277	0.01
0.05770002	3.75448826
0.05769344	0.436
0.0576	19.97644674
0.05756427	0.03908674
0.05756184	0.39319854
0.05751195	0.00869384
0.05751	0.07707842
0.0575	20.0
0.0574	0.08493216
0.05733	4.0
0.0573282	17.1778516
0.05731	1.43850605
0.0573	95.04490217
0.0572985	0.0218
0.05728	0.5
0.0572345	10.0
0.0571	357.18671674
0.05706668	0.03942755
0.057	25.74020333
0.05698875	0.00877366
0.0569132	104.76129161
0.05681411	0.24432424
0.0568	8.25204459
0.05671931	3.51732064
0.05666755	31.69214386
0.05664162	13.69809145
0.0604	12.0
0.06000529	170.059
0.06000528	3.22620876
0.0600001	9.81669965
0.06	15.0
0.05985922	4.80184185
0.05984068	0.25
0.05983772	0.176
0.05981544	94.9489
0.05981543	60.69876268
0.05973929	0.0083697
0.05972515	10.938
0.05964085	196.8298
0.05964081	25.0
0.05955462	0.03778044
0.05950022	0.5
0.0595	35.85895447
0.05945134	0.08408017
0.05945133	21.83183301
0.05945132	5.0
0.0593347	0.2687803
0.05930007	0.3027821
0.0592941	109.38
0.05921001	0.16888944
0.05921	15.0
0.05920385	0.474453
0.0592	8.42483108
0.05919999	6.89017681
0.059192	0.25
0.05919198	5.01808712
0.05912318	0.08584765
0.0591	9.02033726
0.05909456	1.0
0.05908155	0.00846287
0.05905703	0.03809876
0.0590001	1.0
0.05900001	10.60695751
0.059	330.19152543
0.0589	20.021
0.05887999	49.12307717
0.0588604	4.44678512
0.05885	2.5
0.05880013	6.01
0.0588	20.0
0.05871505	2.24456837
0.05871504	7.40873011
0.05862176	0.4
0.0586	5.10665529
0.05855945	0.03842249
0.05855835	0.00853849
0.0585075	2.5
0.0585	3.40467791
0.05848769	0.15387854
0.05844891	11.53309326
0.05840997	0.15298707
0.0584	0.058
0.05838105	1.84910784
0.05838104	109.38
0.05834858	10.0
0.0583282	15.1778516
0.0583	4.39785243
0.0582	0.01084001
0.05811875	0.2981961
0.05810001	1.71687789
0.0581	0.11832221
0.058091	3.3
0.05808828	1.0
0.05806186	0.03875177
0.05803515	0.00861546
0.058	14.22529448
0.05798763	0.45809019
0.05794731	1.0
0.05794724	22.01248121
0.0579	21.63622745
0.0578	1.67140306
0.05772278	4.87726053
0.05772277	0.01
0.05770002	3.75448826
0.05769344	0.436
0.0576	19.97644674
0.05756427	0.03908674
0.05756184	0.39319854
0.05751195	0.00869384
0.05751	0.07707842
0.0575	20.0
0.0574	0.08493216
0.05733	4.0
0.0573282	17.1778516
0.05731	1.43850605
0.0573	95.04490217
0.0572985	0.0218
0.05728	0.5
0.0572345	10.0
0.0571	357.18671674
0.05706668	0.03942755
0.057	25.74020333
0.05698875	0.00877366
0.0569132	104.76129161
0.05681411	0.24432424
0.0568	8.25204459
0.0600056	165.972
0.06000559	16.55629139
0.06000554	31.7605
0.0600001	9.81669965
0.06	15.0
0.05985923	0.17
0.05985922	4.80184185
0.05984068	0.25
0.05981545	97.8681
0.05981543	60.69876268
0.05972515	10.938
0.05964087	186.4864
0.05964081	25.0
0.05955462	0.03778044
0.05950022	0.5
0.0595	35.85895447
0.05945138	0.08404566
0.05945137	21.83183301
0.05945132	5.0
0.0593347	0.2687803
0.05930007	0.3027821
0.0592941	109.38
0.05921001	0.16888944
0.05921	15.0
0.05920385	0.474453
0.0592	8.42483108
0.05919999	6.89017681
0.059192	0.25
0.05919198	5.01808712
0.05912318	0.08584765
0.0591	9.02033726
0.05909456	1.0
0.05905703	0.03809876
0.0590001	1.0
0.05900001	10.60695751
0.059	330.19152543
0.0589	20.021
0.05887999	49.12307717
0.0588604	4.44678512
0.05885	2.5
0.05880013	6.01
0.0588	20.0
0.05871505	2.24456837
0.05871504	7.40873011
0.05862176	0.4
0.0586	5.10665529
0.05855945	0.03842249
0.0585075	2.5
0.0585	3.40467791
0.05848769	0.15387854
0.05844891	11.53309326
0.05840998	1.848192
0.05840997	0.15298707
0.0584	0.058
0.05838104	109.38
0.05834858	10.0
0.0583282	15.1778516
0.0583	4.39785243
0.0582	0.01084001
0.05811875	0.2981961
0.05810001	1.71687789
0.0581	0.11832221
0.058091	3.3
0.05808828	1.0
0.05806186	0.03875177
0.058	14.22529448
0.05798763	0.45809019
0.05794731	1.0
0.05794724	22.01248121
0.0579	21.63622745
0.0578	1.67140306
0.05772278	4.87726053
0.05772277	0.01
0.05770002	3.75448826
0.05769344	0.44
0.0576	19.97644674
0.05756427	0.03908674
0.05756184	0.39319854
0.05751	0.07707842
0.0575	20.0
0.0574	0.08493216
0.05733	4.0
0.0573282	17.1778516
0.05731	1.43850605
0.0573	95.04490217
0.0572985	0.0218
0.05728	0.5
0.0572345	10.0
0.0571	357.18671674
0.05706668	0.03942755
0.057	25.74020333
0.0569132	104.76129161
0.05681411	0.24432424
0.0568	8.25204459
0.05671931	3.51732064
0.05666755	31.69214386
0.05664162	13.69809145
0.05663335	12.21627123
0.0566	0.52871025
0.05656909	0.03977436
0.06020056	0.70550829
0.06000648	174.857
0.06000647	16.5562859
0.06000643	31.8877
0.0600001	9.81669965
0.06	15.0
0.05985924	3.23407982
0.05985923	0.17
0.05985922	4.80184185
0.05984068	0.25
0.05981545	100.0343
0.05981544	0.00836359
0.05981543	60.69876268
0.05972515	10.938
0.05964081	25.0
0.05955462	0.03778044
0.05950025	199.5403
0.05950022	0.5
0.0595	35.85895447
0.05949218	0.00840446
0.05945133	21.97515907
0.05945132	5.0
0.05933471	0.0841234
0.0593347	0.2687803
0.05930007	0.3027821
0.0592941	109.38
0.05921	15.0
0.05920385	0.474453
0.0592	8.42483108
0.05919999	6.89017681
0.05919201	0.16893073
0.059192	0.25
0.05919198	5.01808712
0.05912318	0.08584765
0.0591	9.02033726
0.05909456	1.0
0.05905703	0.03809876
0.0590001	1.0
0.05900001	10.60695751
0.059	330.19152543
0.05897838	0.00847768
0.0589	20.021
0.05887999	49.12307717
0.0588604	4.44678512
0.05885	2.5
0.05880013	6.01
0.0588	20.0
0.05871505	2.24456837
0.05871504	7.40873011
0.05862176	0.4
0.0586	5.10665529
0.05855945	0.03842249
0.0585075	2.5
0.0585	3.40467791
0.05848769	0.15387854
0.05846458	0.00855218
0.05844891	11.53309326
0.05840998	1.848192
0.05840997	0.15298707
0.0584	0.058
0.05838104	109.38
0.05834858	10.0
0.0583282	15.1778516
0.0583	4.39785243
0.0582	0.01084001
0.05811875	0.2981961
0.05810001	1.71687789
0.0581	0.11832221
0.058091	3.3
0.05808828	1.0
0.05806186	0.03875177
0.058	14.22529448
0.05798763	0.45809019
0.05795078	0.00862801
0.05794731	1.0
0.05794724	22.01248121
0.0579	21.63622745
0.05780001	4.87074373
0.0578	1.67140306
0.05772277	0.01
0.05770002	3.75448826
0.05769344	0.44
0.0576	19.97644674
0.05756427	0.03908674
0.05756184	0.39319854
0.05751	0.07707842
0.0575	20.0
0.05743698	0.00870519
0.0574	0.08493216
0.05733	4.0
0.0573282	17.1778516
0.05731	1.43850605
0.0573	95.04490217
0.0572985	0.0218
0.05728	0.5
0.0572345	10.0
0.0571	357.18671674
0.05706668	0.03942755
0.057	25.74020333
0.05692318	0.00878376
0.06000722	31.6662
0.06000721	177.167
0.0600072	16.55628864
0.0600001	9.81669965
0.06	15.0
0.05985924	3.23407982
0.05985923	0.17
0.05985922	4.80184185
0.05984068	0.25
0.05981543	60.69876268
0.05972515	10.938
0.05964082	0.94547153
0.05964081	25.0
0.05955462	0.03778044
0.05950025	199.5403
0.05950022	0.5
0.0595	35.85895447
0.05949218	0.00840446
0.05945133	21.97515907
0.05945132	5.0
0.05933471	0.0841234
0.0593347	0.2687803
0.05930007	0.3027821
0.0592941	109.38
0.05921	15.0
0.05920385	0.474453
0.0592	8.42483108
0.05919999	6.89017681
0.05919201	0.16893073
0.059192	0.25
0.05919198	5.01808712
0.05912318	0.08584765
0.0591	9.02033726
0.05909456	1.0
0.05905703	0.03809876
0.0590001	1.0
0.05900001	10.60695751
0.059	330.19152543
0.05897838	0.00847768
0.0589	20.021
0.05887999	49.12307717
0.0588604	4.44678512
0.05885	2.5
0.05880013	6.01
0.0588	20.0
0.05871505	2.24456837
0.05871504	7.40873011
0.05862176	0.4
0.0586	5.10665529
0.05855945	0.03842249
0.0585075	2.5
0.0585	3.40467791
0.05848769	0.15387854
0.05846458	0.00855218
0.05844891	11.53309326
0.05840998	1.848192
0.05840997	0.15298707
0.0584	0.058
0.05838104	109.38
0.05834858	10.0
0.0583282	15.1778516
0.0583	4.39785243
0.0582	0.01084001
0.05811875	0.2981961
0.05810001	1.71687789
0.0581	0.11832221
0.058091	3.3
0.05808828	1.0
0.05806186	0.03875177
0.058	14.22529448
0.05798763	0.45809019
0.05795078	0.00862801
0.05794731	1.0
0.05794724	22.01248121
0.0579	21.63622745
0.05780001	4.87074373
0.0578	1.67140306
0.05772277	0.01
0.05770002	3.75448826
0.05769344	0.44
0.0576	19.97644674
0.05756427	0.03908674
0.05756184	0.39319854
0.05751	0.07707842
0.0575	20.0
0.05743698	0.00870519
0.0574	0.08493216
0.05733	4.0
0.0573282	17.1778516
0.05731	1.43850605
0.0573	95.04490217
0.0572985	0.0218
0.05728	0.5
0.0572345	10.0
0.0571	357.18671674
0.05706668	0.03942755
0.057	25.74020333
0.05692318	0.00878376
0.0569132	104.76129161
0.05681411	0.24432424
0.06000846	165.261
0.06000845	16.55615159
0.06000839	31.7926
0.06000838	175.923
0.0600001	9.81669965
0.06	15.0
0.05985924	3.23407982
0.05985923	0.17
0.05985922	4.80184185
0.05984068	0.25
0.05981544	98.054
0.05981543	60.69876268
0.05972515	10.938
0.05964081	25.0
0.05955462	0.03778044
0.05950027	189.8551
0.05950022	0.5
0.0595	35.85895447
0.05949218	0.00840446
0.05945133	21.97515907
0.05945132	5.0
0.05933471	0.0841234
0.0593347	0.2687803
0.05930007	0.3027821
0.0592941	109.38
0.05921	15.0
0.05920385	0.474453
0.0592	8.42483108
0.05919999	6.89017681
0.05919201	0.16893073
0.059192	0.25
0.05919198	5.01808712
0.05912318	0.08584765
0.0591	9.02033726
0.05909456	1.0
0.05905703	0.03809876
0.0590001	1.0
0.05900001	10.60695751
0.059	330.19152543
0.05897838	0.00847768
0.0589	20.021
0.05887999	49.12307717
0.0588604	4.44678512
0.05885	2.5
0.05880013	6.01
0.0588	20.0
0.05871504	7.40873011
0.05862176	0.4
0.0586	5.10665529
0.05855945	0.03842249
0.0585075	2.5
0.0585	3.40467791
0.05848769	0.15387854
0.05846458	0.00855218
0.05844891	11.53309326
0.05840998	1.848192
0.05840997	0.15298707
0.0584	0.058
0.05838104	109.38
0.05834858	10.0
0.0583282	15.1778516
0.0583	4.39785243
0.0582	0.01084001
0.05811875	0.2981961
0.05810001	1.71687789
0.0581	0.11832221
0.058091	3.3
0.05808828	1.0
0.05806186	0.03875177
0.058	14.22529448
0.05798763	0.45809019
0.05795078	0.00862801
0.05794731	1.0
0.05794724	22.01248121
0.0579	21.63622745
0.05780001	4.87074373
0.0578	1.67140306
0.05772277	0.01
0.05770002	3.75448826
0.05769344	0.44
0.0576	19.97644674
0.05756427	0.03908674
0.05756184	0.39319854
0.05751	0.07707842
0.0575	20.0
0.05743698	0.00870519
0.0574	0.08493216
0.05733	4.0
0.0573282	17.1778516
0.05731	1.43850605
0.0573	95.04490217
0.0572985	0.0218
0.05728	0.5
0.0572345	10.0
0.0571	357.18671674
0.05706668	0.03942755
0.057	25.74020333
0.05692318	0.00878376
0.0569132	104.76129161
0.05681411	0.24432424
0.06000944	175.034
0.06000943	32.06
0.0600001	9.81669965
0.06	15.0
0.05985924	3.23407982
0.05985923	0.17
0.05985922	4.80184185
0.05984068	0.25
0.05981543	60.69876268
0.05978292	0.00836359
0.05972515	10.938
0.05964081	25.0
0.05955462	0.03778044
0.05950028	191.7424
0.05950022	0.5
0.0595	35.85895447
0.05949218	0.00840446
0.05945133	21.97515907
0.05945132	5.0
0.05933471	0.0841234
0.0593347	0.2687803
0.05930007	0.3027821
0.0592941	109.38
0.05921	15.0
0.05920385	0.474453
0.0592	8.42483108
0.05919999	6.89017681
0.05919201	0.16893073
0.059192	0.25
0.05919198	5.01808712
0.05912318	0.08584765
0.0591	9.02033726
0.05909456	1.0
0.05905703	0.03809876
0.0590001	1.0
0.05900001	10.60695751
0.059	330.19152543
0.05897838	0.00847768
0.0589	20.021
0.05887999	49.12307717
0.0588604	4.44678512
0.05885	2.5
0.05880013	6.01
0.0588	20.0
0.05871504	7.40873011
0.05862176	0.4
0.0586	5.10665529
0.05855946	2.25053209
0.05855945	0.03842249
0.0585075	2.5
0.0585	3.40467791
0.05848769	0.15387854
0.05846458	0.00855218
0.05844891	11.53309326
0.05840997	0.15298707
0.0584	0.058
0.05838104	109.38
0.05834858	10.0
0.0583282	15.1778516
0.0583	4.39785243
0.0582	0.01084001
0.05811875	0.2981961
0.0581	0.11832221
0.058091	3.3
0.05808828	1.0
0.05806186	0.03875177
0.058	14.22529448
0.05798763	0.45809019
0.05795079	1.72129876
0.05795078	0.00862801
0.05794731	1.0
0.05794724	22.01248121
0.0579	21.63622745
0.05780001	4.87074373
0.0578	1.67140306
0.05772277	0.01
0.05770002	3.75448826
0.05769344	0.44
0.0576	19.97644674
0.05756427	0.03908674
0.05756184	0.39319854
0.05751	0.07707842
0.0575	20.0
0.05743698	0.00870519
0.0574	0.08493216
0.05733	4.0
0.0573282	17.1778516
0.05731	1.43850605
0.0573	95.04490217
0.0572985	0.0218
0.05728	0.5
0.0572345	10.0
0.0571	357.18671674
0.05706668	0.03942755
0.057	25.74020333
0.05692318	0.00878376
0.0569132	104.76129161
0.05681411	0.24432424
0.0568	8.25204459
0.05671931	3.51732064
0.0600105	16.55327398
0.06001045	175.11695045
0.06001044	31.6598
0.0600092	6.13605885
0.0600001	9.81669965
0.06	15.0
0.05985924	3.23407982
0.05985923	0.17
0.05985922	4.80184185
0.05984068	0.25
0.05981544	90.7166
0.05981543	60.69876268
0.05972515	10.938
0.05964081	25.0
0.05955462	0.03778044
0.05950022	0.5
0.0595	35.85895447
0.05949218	0.00840446
0.05945133	21.97515907
0.05945132	5.0
0.05933471	0.0841234
0.0593347	0.2687803
0.05930008	191.7522
0.05930007	0.3027821
0.0592941	109.38
0.05921	15.0
0.05920385	0.474453
0.0592	8.42483108
0.05919999	6.89017681
0.05919201	0.16893073
0.059192	0.25
0.05919198	5.01808712
0.05912318	0.08584765
0.0591	9.02033726
0.05909456	1.0
0.05905703	0.03809876
0.0590001	1.0
0.05900001	10.60695751
0.059	330.19152543
0.05897838	0.00847768
0.0589	20.021
0.05887999	49.12307717
0.0588604	4.44678512
0.05885	2.5
0.05880013	6.01
0.0588	20.0
0.05871504	7.40873011
0.05862176	0.4
0.0586	5.10665529
0.05855946	2.25053209
0.05855945	0.03842249
0.0585075	2.5
0.0585	3.40467791
0.05848769	0.15387854
0.05846458	0.00855218
0.05844891	11.53309326
0.05840997	0.15298707
0.0584	0.058
0.05838104	109.38
0.05834859	1.85013652
0.05834858	10.0
0.0583282	15.1778516
0.0583	4.39785243
0.0582	0.01084001
0.05811875	0.2981961
0.0581	0.11832221
0.058091	3.3
0.05808828	1.0
0.05806186	0.03875177
0.058	14.22529448
0.05798763	0.45809019
0.05795079	1.72129876
0.05795078	0.00862801
0.05794731	1.0
0.05794724	22.01248121
0.0579	21.63622745
0.05780001	4.87074373
0.0578	1.67140306
0.05772277	0.01
0.05770002	3.75448826
0.05769344	0.44
0.0576	19.97644674
0.05756427	0.03908674
0.05756184	0.39319854
0.05751	0.07707842
0.0575	20.0
0.05743698	0.00870519
0.0574	0.08493216
0.05733	4.0
0.0573282	17.1778516
0.05731	1.43850605
0.0573	95.04490217
0.0572985	0.0218
0.05728	0.5
0.0572345	10.0
0.0571	357.18671674
0.05706668	0.03942755
0.057	25.74020333
0.05692318	0.00878376
0.0569132	104.76129161
0.06001161	176.278
0.0600116	287.6549
0.06001159	16.51691877
0.06001155	47.5804
0.06001124	1.56825997
0.0600092	6.13605885
0.0600001	9.81669965
0.06	15.0
0.05985924	3.23407982
0.05985923	0.17
0.05985922	4.80184185
0.05984068	0.25
0.05981543	60.69876268
0.05972515	10.938
0.05964081	25.0
0.05955462	0.03778044
0.05950024	187.981
0.05950022	0.5
0.0595	35.85895447
0.05949218	0.00840446
0.05945133	21.97515907
0.05945132	5.0
0.05933471	0.0841234
0.0593347	0.2687803
0.05930007	0.3027821
0.0592941	109.38
0.05921	15.0
0.05920385	0.474453
0.0592	8.42483108
0.05919999	6.89017681
0.05919201	0.16893073
0.059192	0.25
0.05919198	5.01808712
0.05912318	0.08584765
0.0591	9.02033726
0.05909456	1.0
0.05905703	0.03809876
0.0590001	1.0
0.05900001	10.60695751
0.059	330.19152543
0.05897838	0.00847768
0.0589	20.021
0.05887999	49.12307717
0.0588604	4.44678512
0.05885	2.5
0.05880013	6.01
0.0588	20.0
0.05871504	7.40873011
0.05862176	0.4
0.0586	5.10665529
0.05855946	2.25053209
0.05855945	0.03842249
0.0585075	2.5
0.0585	3.40467791
0.05848769	0.15387854
0.05846458	0.00855218
0.05844891	11.53309326
0.05840997	0.15298707
0.0584	0.058
0.05838104	109.38
0.05834859	1.85013652
0.05834858	10.0
0.0583282	15.1778516
0.0583	4.39785243
0.0582	0.01084001
0.05811875	0.2981961
0.0581	0.11832221
0.058091	3.3
0.05808828	1.0
0.05806186	0.03875177
0.058	14.22529448
0.05798763	0.45809019
0.05795079	1.72129876
0.05795078	0.00862801
0.05794731	1.0
0.05794724	22.01248121
0.0579	21.63622745
0.05780001	4.87074373
0.0578	1.67140306
0.05772277	0.01
0.05770002	3.75448826
0.05769344	0.44
0.0576	19.97644674
0.05756427	0.03908674
0.05756184	0.39319854
0.05751	0.07707842
0.0575	20.0
0.05743698	0.00870519
0.0574	0.08493216
0.05733	4.0
0.0573282	17.1778516
0.05731	1.43850605
0.0573	95.04490217
0.0572985	0.0218
0.05728	0.5
0.0572345	10.0
0.0571	357.18671674
0.05706668	0.03942755
0.057	25.74020333
0.05692318	0.00878376
0.06001266	168.282
0.06001265	16.50192247
0.0600126	166.86
0.06001259	93.4402
0.06001257	10.938
0.06001198	1.0
0.06001194	1.49045961
0.06001124	1.56825997
0.0600092	6.13605885
0.0600001	9.81669965
0.06	15.0
0.05985924	3.23407982
0.05985923	0.17
0.05985922	4.80184185
0.05984068	0.25
0.05982045	0.00835835
0.05981543	60.69876268
0.0596409	194.0905
0.05964089	21.97283385
0.05964081	25.0
0.05961992	109.38
0.05955462	0.03778044
0.05950022	0.5
0.0595	35.85895447
0.05949218	0.00840446
0.05945132	5.0
0.05933471	0.0841234
0.0593347	0.2687803
0.05930007	0.3027821
0.05921	15.0
0.05920385	0.474453
0.0592	8.42483108
0.05919999	6.89017681
0.05919201	0.16893073
0.059192	0.25
0.05919198	5.01808712
0.05912318	0.08584765
0.0591	9.02033726
0.05909456	1.0
0.05905703	0.03809876
0.0590001	1.0
0.05900001	10.60695751
0.059	330.19152543
0.05897838	0.00847768
0.0589	20.021
0.05887999	49.12307717
0.0588604	4.44678512
0.05885	2.5
0.05880013	6.01
0.0588	20.0
0.05871504	7.40873011
0.05862176	0.4
0.0586	5.10665529
0.05855946	2.25053209
0.05855945	0.03842249
0.0585075	2.5
0.0585	3.40467791
0.05848769	0.15387854
0.05846458	0.00855218
0.05844891	11.53309326
0.05840997	0.15298707
0.0584	0.058
0.05838104	109.38
0.05834859	1.85013652
0.05834858	10.0
0.0583282	15.1778516
0.0583	4.39785243
0.0582	0.01084001
0.05811875	0.2981961
0.0581	0.11832221
0.058091	3.3
0.05808828	1.0
0.05806186	0.03875177
0.058	14.22529448
0.05798763	0.45809019
0.05795079	1.72129876
0.05795078	0.00862801
0.05794731	1.0
0.05794724	22.01248121
0.0579	21.63622745
0.05780001	4.87074373
0.0578	1.67140306
0.05772277	0.01
0.05770002	3.75448826
0.05769344	0.44
0.0576	19.97644674
0.05756427	0.03908674
0.05756184	0.39319854
0.05751	0.07707842
0.0575	20.0
0.05743698	0.00870519
0.0574	0.08493216
0.05733	4.0
0.0573282	17.1778516
0.05731	1.43850605
0.0573	95.04490217
0.0572985	0.0218
0.05728	0.5
0.0572345	10.0
0.0571	357.18671674
0.06010022	167.216
0.06010021	16.50165016
0.06010016	3.22111555
0.06002059	10.938
0.06001198	1.0
0.06001194	1.49045961
0.06001124	1.56825997
0.0600092	6.13605885
0.0600001	9.81669965
0.06	24.80508851
0.05985923	0.17
0.05985922	4.80184185
0.05984266	0.25
0.05981544	93.2257
0.05981543	60.69876268
0.0597607	0.0083667
0.05971053	23.50951743
0.05961996	184.1701
0.05961992	109.38
0.05955462	0.03778044
0.05950023	21.97005521
0.05950022	0.5
0.0595	35.85895447
0.05949218	0.00840446
0.05945132	5.0
0.05933471	0.0841234
0.0593347	0.2687803
0.05930007	0.3027821
0.05921	15.0
0.05920385	0.474453
0.05920001	0.16891332
0.0592	8.42483108
0.05919999	6.89017681
0.059192	0.25
0.05919198	5.01808712
0.05912318	0.08584765
0.0591	9.02033726
0.05909456	1.0
0.05905703	0.03809876
0.0590001	1.0
0.05900001	10.60695751
0.059	330.19152543
0.05897838	0.00847768
0.0589	20.021
0.05887999	49.12307717
0.0588604	4.44678512
0.05885	2.5
0.05880013	6.01
0.0588	20.0
0.05871504	7.40873011
0.05862176	0.4
0.0586	5.10665529
0.05855946	2.25053209
0.05855945	0.03842249
0.0585075	2.5
0.0585	3.40467791
0.05848769	0.15387854
0.05846458	0.00855218
0.05844891	11.53309326
0.05840997	0.15298707
0.0584	0.058
0.05838104	109.38
0.05834859	1.85013652
0.05834858	10.0
0.0583282	15.1778516
0.0583	4.39785243
0.0582	0.01084001
0.05811876	1.716324
0.05811875	0.2981961
0.0581	0.11832221
0.058091	3.3
0.05808828	1.0
0.05806186	0.03875177
0.058	14.22529448
0.05798763	0.45809019
0.05795078	0.00862801
0.05794731	1.0
0.05794724	22.01248121
0.0579	21.63622745
0.05780001	4.87074373
0.0578	1.67140306
0.05772277	0.01
0.05770002	3.75448826
0.05769344	0.44
0.0576	19.97644674
0.05756427	0.03908674
0.05756184	0.39319854
0.05751	0.07707842
0.0575	20.0
0.05743698	0.00870519
0.0574	0.08493216
0.05733	4.0
0.0573282	17.1778516
0.05731	1.43850605
0.0573	95.04490217
0.0572985	0.0218
0.05728	0.5
0.0572345	10.0
0.0571	357.18671674
0.05706668	0.03942755
0.06020091	3.4878241
0.06020085	101.614
0.06020084	3.21572855
0.06020045	0.03313928
0.06001199	91.1762
0.06001198	1.0
0.06001194	1.49045961
0.06001124	1.56825997
0.0600092	6.13605885
0.06000011	68.173
0.0600001	9.81669965
0.06	15.0
0.05985926	10.938
0.05985923	0.17
0.05985922	4.80184185
0.05981543	60.69876268
0.05971055	197.9737
0.05971053	23.50951743
0.05961992	109.38
0.05955462	0.03778044
0.05950023	21.97005521
0.05950022	0.5
0.0595	35.85895447
0.05949218	0.00840446
0.05945133	0.0840914
0.05945132	5.0
0.0593347	0.2687803
0.05930007	0.3027821
0.05921001	0.16886649
0.05921	15.0
0.05920385	0.474453
0.0592	8.42483108
0.05919999	6.89017681
0.059192	0.25
0.05919198	5.01808712
0.05912318	0.08584765
0.0591	9.02033726
0.05909456	1.0
0.05905703	0.03809876
0.0590001	1.0
0.05900001	10.60695751
0.059	330.19152543
0.05897838	0.00847768
0.0589	20.021
0.05887999	49.12307717
0.0588604	4.44678512
0.05885	2.5
0.05880013	6.01
0.0588	20.0
0.05871504	7.40873011
0.05862176	0.4
0.0586	5.10665529
0.05855946	2.25053209
0.05855945	0.03842249
0.0585075	2.5
0.0585	3.40467791
0.05848769	0.15387854
0.05846458	0.00855218
0.05844891	11.53309326
0.05840997	0.15298707
0.0584	0.058
0.05838104	109.38
0.05834858	10.0
0.0583282	15.1778516
0.05830001	1.8516782
0.0583	4.39785243
0.0582	0.01084001
0.05811876	1.716324
0.05811875	0.2981961
0.0581	0.11832221
0.058091	3.3
0.05808828	1.0
0.05806186	0.03875177
0.058	14.22529448
0.05798763	0.45809019
0.05795078	0.00862801
0.05794731	1.0
0.05794724	22.01248121
0.0579	21.63622745
0.05780001	4.87074373
0.0578	1.67140306
0.05772277	0.01
0.05770002	3.75448826
0.05769344	0.44
0.0576	19.97644674
0.05756427	0.03908674
0.05756184	0.39319854
0.05751	0.07707842
0.0575	20.0
0.05743698	0.00870519
0.0574	0.08493216
0.05733	4.0
0.0573282	17.1778516
0.05731	1.43850605
0.0573	95.04490217
0.0572985	0.0218
0.05728	0.5
0.0572345	10.0
0.0571	357.18671674
0.05706668	0.03942755
0.06020181	0.15877307
0.06020175	3.21567994
0.06001198	1.0
0.06001194	1.49045961
0.06001124	1.56825997
0.0600092	6.13605885
0.06000012	60.904
0.0600001	9.81669965
0.06	15.0
0.05985927	97.7833
0.05985926	10.938
0.05985923	0.17
0.05985922	4.80184185
0.0598327	2.41434284
0.05981543	60.69876268
0.05971056	180.9504
0.05971053	23.50951743
0.05961992	109.38
0.05955462	0.03778044
0.05950022	0.5
0.0595	35.85895447
0.05949218	0.00840446
0.05945133	21.98814614
0.05945132	5.0
0.0593347	0.2687803
0.05930007	0.3027821
0.05921001	0.16886649
0.05921	15.0
0.05920385	0.474453
0.0592	8.42483108
0.05919999	6.89017681
0.059192	0.25
0.05919198	5.01808712
0.05912318	0.08584765
0.0591	9.02033726
0.05909456	1.0
0.05905703	0.03809876
0.0590001	1.0
0.05900001	10.60695751
0.059	340.16280188
0.05897838	0.00847768
0.0589	20.021
0.05887999	49.12307717
0.0588604	4.44678512
0.05885	2.5
0.05880013	6.01
0.0588	20.0
0.05871504	7.40873011
0.05862176	0.4
0.0586	5.10665529
0.05855946	2.25053209
0.05855945	0.03842249
0.0585075	2.5
0.0585	3.40467791
0.05848769	0.15387854
0.05846458	0.00855218
0.05844891	11.53309326
0.05840997	0.15298707
0.0584	0.058
0.05838104	109.38
0.05834858	10.0
0.0583282	15.1778516
0.05830001	1.8516782
0.0583	4.39785243
0.0582	0.01084001
0.05811876	1.716324
0.05811875	0.2981961
0.0581	0.11832221
0.058091	3.3
0.05808828	1.0
0.05806186	0.03875177
0.058	14.22529448
0.05798763	0.45809019
0.05795078	0.00862801
0.05794731	1.0
0.05794724	22.01248121
0.0579	21.63622745
0.05780001	4.87074373
0.0578	1.67140306
0.05772277	0.01
0.05770002	3.75448826
0.05769344	0.44
0.0576	19.97644674
0.05756427	0.03908674
0.05756184	0.39319854
0.05751	0.07707842
0.0575	20.0
0.05743698	0.00870519
0.0574	0.08493216
0.05733	4.0
0.0573282	17.1778516
0.05731	1.43850605
0.0573	95.04490217
0.0572985	0.0218
0.05728	0.5
0.0572345	10.0
0.0571	357.18671674
0.05706668	0.03942755
0.057	25.74020333
0.05692318	0.00878376
0.06020219	32.862
0.06020218	29.9735
0.06020216	3.21565804
0.06020165	45.19912786
0.060012	98.9603
0.06001198	1.0
0.06001194	1.49045961
0.06001124	1.56825997
0.0600092	6.13605885
0.0600001	9.81669965
0.06	15.0
0.05985926	10.938
0.05985923	0.17
0.05985922	4.80184185
0.0598327	2.41434284
0.05981543	60.69876268
0.05980999	0.00835981
0.05971053	23.50951743
0.05961997	184.6651
0.05961992	109.38
0.05955462	0.03778044
0.05950023	0.08403148
0.05950022	0.5
0.0595	35.85895447
0.05949219	21.90360358
0.05949218	0.00840446
0.05945132	5.0
0.0593347	0.2687803
0.05930007	0.3027821
0.05921001	0.16886649
0.05921	15.0
0.05920385	0.474453
0.0592	8.42483108
0.05919999	6.89017681
0.059192	0.25
0.05919198	5.01808712
0.05912318	0.08584765
0.0591	9.02033726
0.05909456	1.0
0.05905703	0.03809876
0.0590001	1.0
0.05900001	10.60695751
0.059	340.16280188
0.05897838	0.00847768
0.0589	20.021
0.05887999	49.12307717
0.0588604	4.44678512
0.05885	2.5
0.05880013	6.01
0.0588	20.0
0.05871504	7.40873011
0.05862176	0.4
0.0586	5.10665529
0.05855946	2.25053209
0.05855945	0.03842249
0.0585075	2.5
0.0585	3.40467791
0.05848769	0.15387854
0.05846458	0.00855218
0.05844891	11.53309326
0.05840997	0.15298707
0.0584	0.058
0.05838104	109.38
0.05834858	10.0
0.0583282	15.1778516
0.05830001	1.8516782
0.0583	4.39785243
0.0582	0.01084001
0.05811876	1.716324
0.05811875	0.2981961
0.0581	0.11832221
0.058091	3.3
0.05808828	1.0
0.05806186	0.03875177
0.058	14.22529448
0.05798763	0.45809019
0.05795078	0.00862801
0.05794731	1.0
0.05794724	22.01248121
0.0579	21.63622745
0.05780001	4.87074373
0.0578	1.67140306
0.05772277	0.01
0.05770002	3.75448826
0.05769344	0.44
0.0576	19.97644674
0.05756427	0.03908674
0.05756184	0.39319854
0.05751	0.07707842
0.0575	20.0
0.05743698	0.00870519
0.0574	0.08493216
0.05733	4.0
0.0573282	17.1778516
0.05731	1.43850605
0.0573	95.04490217
0.0572985	0.0218
0.05728	0.5
0.0572345	10.0
0.0571	357.18671674
0.0604	80.95858281
0.06020244	67.336
0.06020165	45.19912786
0.06001198	1.0
0.06001194	1.49045961
0.06001124	1.56825997
0.06000923	81.796
0.0600092	6.13605885
0.06000011	27.482
0.06	15.0
0.05990772	0.00834617
0.05985926	10.938
0.05985923	0.17
0.05985922	4.80184185
0.05984266	0.25
0.0598327	2.41434284
0.05981544	189.6346
0.05981543	60.69876268
0.05971053	23.50951743
0.05961992	109.38
0.05955462	0.03778044
0.05950023	0.08403148
0.05950022	0.5
0.0595	35.85895447
0.05949218	0.00840446
0.05945132	5.0
0.0593347	0.2687803
0.05930007	0.3027821
0.05921001	0.16886649
0.05921	15.0
0.05920385	22.16694051
0.0592	8.42483108
0.05919999	6.89017681
0.059192	0.25
0.05919198	5.01808712
0.05912318	0.08584765
0.0591	9.02033726
0.05909456	1.0
0.05905703	0.03809876
0.0590001	1.0
0.05900001	10.60695751
0.059	340.16280188
0.05897838	0.00847768
0.0589	20.021
0.05887999	49.12307717
0.0588604	4.44678512
0.05885	2.5
0.05880013	6.01
0.0588	20.0
0.05871504	7.40873011
0.05862176	0.4
0.0586	5.10665529
0.05855946	2.25053209
0.05855945	0.03842249
0.0585075	2.5
0.0585	3.40467791
0.05848769	0.15387854
0.05846458	0.00855218
0.05844891	11.53309326
0.05840997	0.15298707
0.0584	0.058
0.05838104	109.38
0.05834858	10.0
0.0583282	15.1778516
0.05830001	1.8516782
0.0583	4.39785243
0.0582	0.01084001
0.05811876	1.716324
0.05811875	0.2981961
0.0581	0.11832221
0.058091	3.3
0.05808828	1.0
0.05806186	0.03875177
0.058	14.22529448
0.05798763	0.45809019
0.05795078	0.00862801
0.05794731	1.0
0.05794724	22.01248121
0.0579	21.63622745
0.05780001	4.87074373
0.0578	1.67140306
0.05772277	0.01
0.05770002	3.75448826
0.05769344	0.44
0.0576	19.97644674
0.05756427	0.03908674
0.05756184	0.39319854
0.05751	0.07707842
0.0575	20.0
0.05743698	0.00870519
0.0574	0.08493216
0.05733	4.0
0.0573282	17.1778516
0.05731	1.43850605
0.0573	95.04490217
0.0572985	0.0218
0.05728	0.5
0.0572345	10.0
0.0571	357.18671674
0.05706668	0.03942755
