0.01738352	10.0
0.01738353	2.15836481
0.01738356	2.13963047
0.01739998	9.91986312
0.0174	0.3201
0.01744639	74.437
0.0174464	15.0
0.01744696	34.232
0.01744697	0.314
0.01744698	0.19916841
0.01748407	0.14245319
0.0174999	0.25
0.0175	0.28496278
0.01752663	0.04516168
0.01755216	0.09876808
0.01756472	138.69
0.01756474	94.981
0.01756475	342.32
0.01759406	0.70817888
0.01759408	8.91813322
0.01759423	5.0
0.01759612	0.06534
0.01765406	0.36487236
0.01766562	1.31257936
0.01767998	233.779
0.01767999	2.93384579
0.01768005	3.07179557
0.01772102	0.62210033
0.0177461	0.18786944
0.01779386	0.04448291
0.0178	10.27964569
0.0178138	0.0659047
0.01787264	83.71543883
0.01787265	0.57666047
0.01791115	2.07
0.01795946	75.06464
0.0179834	0.0659047
0.01799559	1.00034144
0.0179999	0.25
0.01799999	1.0
0.018	16.62888861
0.01800025	2.0
0.0180437	0.1
0.01804589	16.66584469
0.01804698	10.0
0.01806159	0.888
0.01812996	0.2
0.01815998	6.18196072
0.01816073	0.03036475
0.01817155	1.04559049
0.0182	0.37
0.01820312	0.08783188
0.0182379	0.0659047
0.01826677	40.82453371
0.01826678	274.40523179
0.0182778	0.81389084
0.0183	0.22280103
0.01831791	0.25
0.0183513	0.28410397
0.018367	0.71641613
0.01837062	0.08577569
0.0184	0.3503
0.01842997	16.89842155
0.01843	49.72807336
0.01846731	0.11881
0.0184991	0.38639457
0.0184999	0.25
0.01849999	4.6807492
0.0185	37.39846868
0.01850001	0.26422841
0.01851204	0.04275718
0.01851927	2.75398447
0.01854342	1.94795776
0.01854471	0.95
0.01856138	0.693
0.0185772	0.0659047
0.0186	1.00005
0.01860019	10.0
0.01861617	0.05975945
0.01869988	13.5
0.0187	6.10838651
0.01870255	25.3689
0.01874425	1.19113772
0.0188032	29.0
0.01889753	2.78360221
0.0189	20.2
0.01890274	0.21287916
0.018924	1.16501858
0.01894	2.96037557
0.01894374	0.14340543
0.01895458	100.0
0.01896	0.13283917
0.0189999	0.25
0.019	65.45398673
0.01903225	41.90889511
0.01907107	10.0
0.01909811	4.98408753
0.0191268	15.0
0.01912876	0.85917886
0.01916251	0.64256827
0.01738352	10.0
0.01738353	2.15836481
0.01738356	2.13963047
0.01739997	34.232
0.0174	0.3201
0.01744595	15.0
0.01744596	9.89368459
0.01744697	0.314
0.01744698	0.19916841
0.01748407	0.14245319
0.0174999	0.25
0.0175	0.28496278
0.01752663	0.04516168
0.01755216	0.09876808
0.01756474	89.567
0.01756475	342.32
0.01759406	0.70817888
0.01759408	8.91813322
0.01759423	5.0
0.01759612	0.06534
0.01765406	0.36487236
0.01766562	1.31257936
0.01767999	2.93384579
0.017721	3.07179557
0.01772102	0.62210033
0.01774608	239.739
0.0177461	0.18786944
0.01779386	0.04448291
0.0178	10.27964569
0.0178138	0.0659047
0.01787262	142.43
0.01787264	83.71543883
0.01787265	0.57666047
0.01791115	2.07
0.01795946	75.06464
0.0179834	0.0659047
0.01799559	1.00034144
0.0179999	0.25
0.01799999	1.0
0.018	16.62888861
0.01800025	2.0
0.0180437	0.1
0.01804589	16.66584469
0.01804698	10.0
0.01806159	0.888
0.01812996	0.2
0.01815998	6.18196072
0.01816073	0.03036475
0.01817155	1.04559049
0.0182	0.37
0.01820312	0.08783188
0.0182379	0.0659047
0.01826677	40.82453371
0.01826678	274.40523179
0.0182778	0.81389084
0.0183	0.22280103
0.01831791	0.25
0.0183513	0.28410397
0.018367	0.71641613
0.01837062	0.08577569
0.0184	0.3503
0.01842997	16.89842155
0.01843	49.72807336
0.01846731	0.11881
0.0184991	0.38639457
0.0184999	0.25
0.01849999	4.6807492
0.0185	37.39846868
0.01850001	0.26422841
0.01851204	0.04275718
0.01851927	2.75398447
0.01854342	1.94795776
0.01854471	0.95
0.01856138	0.693
0.0185772	0.0659047
0.0186	1.00005
0.01860019	10.0
0.01861617	0.05975945
0.01869988	13.5
0.0187	6.10838651
0.01870255	25.3689
0.01874425	1.19113772
0.0188032	29.0
0.01889753	2.78360221
0.0189	20.2
0.01890274	0.21287916
0.018924	1.16501858
0.01894	2.96037557
0.01894374	0.14340543
0.01895458	100.0
0.01896	0.13283917
0.0189999	0.25
0.019	65.45398673
0.01903225	41.90889511
0.01907107	10.0
0.01909811	4.98408753
0.0191268	15.0
0.01912876	0.85917886
0.01916251	0.64256827
0.019177	0.05775
0.01738355	10.0
0.01738356	2.13963047
0.0174	0.3201
0.01744696	34.232
0.01744697	0.314
0.01744698	0.19916841
0.01748407	0.14245319
0.0174999	0.25
0.01749994	15.0
0.01749995	69.308
0.0175	0.28496278
0.01752663	0.04516168
0.01755216	0.09876808
0.01756475	342.32
0.01759406	0.70817888
0.01759408	8.91813322
0.01759423	5.0
0.01759612	0.06534
0.01765406	0.36487236
0.01766562	1.31257936
0.01767999	2.93384579
0.01772098	3.07179557
0.01774607	10.0
0.01774608	239.739
0.0177461	0.18786944
0.01779384	149.586
0.01779386	0.04448291
0.0178	10.27964569
0.0178138	0.0659047
0.01787264	83.71543883
0.01787265	0.57666047
0.01791115	2.07
0.01795946	75.06464
0.0179834	0.0659047
0.01799559	1.00034144
0.0179999	0.25
0.01799999	1.0
0.018	16.62888861
0.01800025	2.0
0.0180437	0.1
0.01804589	16.66584469
0.01804698	10.0
0.01806159	0.888
0.01812996	0.2
0.01815998	6.18196072
0.01816073	0.03036475
0.01817155	1.04559049
0.0182	0.37
0.01820312	0.08783188
0.0182379	0.0659047
0.01826677	40.82453371
0.01826678	274.40523179
0.0182778	0.81389084
0.0183	0.22280103
0.01831791	0.25
0.0183513	0.28410397
0.018367	0.71641613
0.01837062	0.08577569
0.0184	0.3503
0.01842997	16.89842155
0.01843	49.72807336
0.01846731	0.11881
0.0184991	0.38639457
0.0184999	0.25
0.01849999	4.6807492
0.0185	37.39846868
0.01850001	0.26422841
0.01851204	0.04275718
0.01851927	2.75398447
0.01854342	1.94795776
0.01854471	0.95
0.01856138	0.693
0.0185772	0.0659047
0.0186	1.00005
0.01860019	10.0
0.01861617	0.05975945
0.01869988	13.5
0.0187	6.10838651
0.01870255	25.3689
0.01874425	1.19113772
0.0188032	29.0
0.01889753	2.78360221
0.0189	20.2
0.01890274	0.21287916
0.018924	1.16501858
0.01894	2.96037557
0.01894374	0.14340543
0.01895458	100.0
0.01896	0.13283917
0.0189999	0.25
0.019	65.45398673
0.01903225	41.90889511
0.01907107	10.0
0.01909811	4.98408753
0.0191268	15.0
0.01912876	0.85917886
0.01916251	0.64256827
0.019177	0.05775
0.0192	0.1779991
0.01922257	0.2
0.01738355	10.0
0.01738356	2.13963047
0.0174	0.3201
0.01744695	9.89228541
0.01744696	34.232
0.01744697	0.314
0.01744698	0.19916841
0.01748407	0.14245319
0.0174995	107.599
0.01749951	76.69
0.0174999	0.25
0.0175	0.28496278
0.01752663	0.04516168
0.01755216	0.09876808
0.01756475	342.32
0.01759406	0.70817888
0.01759408	8.91813322
0.01759423	5.0
0.01759612	0.06534
0.01765406	0.36487236
0.01766562	1.31257936
0.01767999	2.93384579
0.01774598	227.408
0.01774599	3.07179557
0.0177461	0.18786944
0.01779386	0.04448291
0.0178	10.27964569
0.0178138	0.0659047
0.01787264	83.71543883
0.01787265	0.57666047
0.01791115	2.07
0.01795946	75.06464
0.0179834	0.0659047
0.01799559	1.00034144
0.0179999	0.25
0.01799999	1.0
0.018	16.62888861
0.01800025	2.0
0.0180437	0.1
0.01804589	16.66584469
0.01804698	10.0
0.01806159	0.888
0.01812996	0.2
0.01815998	6.18196072
0.01816073	0.03036475
0.01817155	1.04559049
0.0182	0.37
0.01820312	0.08783188
0.0182379	0.0659047
0.01826677	40.82453371
0.01826678	274.40523179
0.0182778	0.81389084
0.0183	0.22280103
0.01831791	0.25
0.0183513	0.28410397
0.01837062	0.08577569
0.0184	0.3503
0.01842997	16.89842155
0.01843	49.72807336
0.01846731	0.11881
0.0184991	0.38639457
0.0184999	0.25
0.01849999	4.6807492
0.0185	37.39846868
0.01850001	0.26422841
0.01851204	0.04275718
0.01851927	2.75398447
0.01854342	1.94795776
0.01854471	0.95
0.01856138	0.693
0.0185772	0.0659047
0.0186	1.00005
0.01860019	10.0
0.01861617	0.05975945
0.01869988	13.5
0.0187	6.10838651
0.01870255	25.3689
0.01874425	1.19113772
0.0188032	29.0
0.01889753	2.78360221
0.0189	20.2
0.01890274	0.21287916
0.018924	1.16501858
0.01894	2.96037557
0.01894374	0.14340543
0.01895458	100.0
0.01896	0.13283917
0.0189999	0.25
0.019	65.45398673
0.01903225	41.90889511
0.01907107	10.0
0.01909811	4.98408753
0.0191268	15.0
0.01912876	0.85917886
0.01916251	0.64256827
0.019177	0.05775
0.0192	0.1779991
0.01922257	0.2
0.01925723	0.58091594
0.01925789	0.8415855
0.01738349	10.0
0.0173835	2.15836481
0.01738356	2.13963047
0.0174	0.3201
0.01744695	9.89228541
0.01744696	34.232
0.01744697	0.314
0.01744698	0.19916841
0.01748407	0.14245319
0.01749912	35.601
0.01749913	15.0
0.01749914	38.471
0.0174999	0.25
0.0175	0.28496278
0.01752663	0.04516168
0.01755212	20.0
0.01755213	86.566
0.01755216	0.09876808
0.01756474	37.66
0.01756475	342.32
0.01759406	0.70817888
0.01759408	8.91813322
0.01759612	0.06534
0.01765406	0.36487236
0.01766562	1.31257936
0.01766628	5.0
0.01767999	2.93384579
0.01774596	3.07179557
0.01774597	10.0
0.01774598	227.408
0.0177461	0.18786944
0.01779386	0.04448291
0.01779999	138.42
0.0178	10.27964569
0.0178138	0.0659047
0.01787264	83.71543883
0.01787265	0.57666047
0.01791115	2.07
0.01795946	75.06464
0.0179834	0.0659047
0.01799559	1.00034144
0.0179999	0.25
0.01799999	1.0
0.018	16.62888861
0.01800025	2.0
0.0180437	0.1
0.01804589	16.66584469
0.01804698	10.0
0.01806159	0.888
0.01812996	0.2
0.01815998	6.18196072
0.01816073	0.03036475
0.01817155	1.04559049
0.0182	0.37
0.01820312	0.08783188
0.0182379	0.0659047
0.01826677	40.82453371
0.01826678	274.40523179
0.0182778	0.81389084
0.0183	0.22280103
0.01831791	0.25
0.0183513	0.28410397
0.01837062	0.08577569
0.0184	0.3503
0.01842997	16.89842155
0.01843	49.72807336
0.01846731	0.11881
0.0184991	0.38639457
0.0184999	0.25
0.01849999	4.6807492
0.0185	37.39846868
0.01850001	0.26422841
0.01851204	0.04275718
0.01851927	2.75398447
0.01854342	1.94795776
0.01854471	0.95
0.01856138	0.693
0.0185772	0.0659047
0.0186	1.00005
0.01860019	10.0
0.01861617	0.05975945
0.01869988	13.5
0.0187	6.10838651
0.01870255	25.3689
0.01874425	1.19113772
0.0188032	29.0
0.01889753	2.78360221
0.0189	20.2
0.01890274	0.21287916
0.018924	1.16501858
0.01894	2.96037557
0.01894374	0.14340543
0.01895458	100.0
0.01896	0.13283917
0.0189999	0.25
0.019	65.45398673
0.01903225	41.90889511
0.01907107	10.0
0.01909811	4.98408753
0.0191268	15.0
0.01738353	0.01873481
0.01738355	10.0
0.01738356	2.13963047
0.0174	0.3201
0.01744695	9.89867796
0.01744696	34.232
0.01744697	0.314
0.01744698	0.19916841
0.01748407	0.14245319
0.01749876	15.0
0.01749877	10.136
0.0174999	0.25
0.0175	0.28496278
0.01752663	0.04516168
0.01755216	0.09876808
0.01756471	158.136
0.01756472	20.0
0.01756475	342.32
0.01759408	8.91813322
0.01759612	0.06534
0.01765406	0.36487236
0.01766562	1.31257936
0.01766628	5.0
0.01767999	2.93384579
0.01768005	3.07179557
0.01772102	0.62210033
0.01774595	393.175
0.0177461	0.18786944
0.01779386	0.04448291
0.0178	10.27964569
0.0178138	0.0659047
0.01787264	83.71543883
0.01787265	0.57666047
0.01791115	2.07
0.01795946	75.06464
0.0179834	0.0659047
0.0179999	0.25
0.01799999	1.0
0.018	16.62888861
0.01800025	2.0
0.0180437	0.1
0.01804589	16.66584469
0.01804698	10.0
0.01806159	0.888
0.01812996	0.2
0.01815998	6.18196072
0.01816073	0.03036475
0.01817155	1.04559049
0.01819888	819.29110733
0.0182	0.37
0.01820312	0.08783188
0.0182379	0.0659047
0.01826677	40.82453371
0.01826678	274.40523179
0.0182778	0.81389084
0.0183	0.22280103
0.01831791	0.25
0.0183513	0.28410397
0.01837062	0.08577569
0.0184	0.3503
0.01842997	16.89842155
0.01843	49.72807336
0.01846731	0.11881
0.0184991	0.38639457
0.0184999	0.25
0.01849999	4.6807492
0.0185	37.39846868
0.01850001	0.26422841
0.01851204	0.04275718
0.01851927	2.75398447
0.01854342	1.94795776
0.01854471	0.95
0.01856138	0.693
0.0185772	0.0659047
0.0186	1.00005
0.01860019	10.0
0.01861617	0.05975945
0.01869988	13.5
0.0187	6.10838651
0.01870255	25.3689
0.01874425	1.19113772
0.0188032	29.0
0.01889753	2.78360221
0.0189	20.2
0.01890274	0.21287916
0.018924	1.16501858
0.01894	2.96037557
0.01894374	0.14340543
0.01895458	100.0
0.01896	0.13283917
0.0189999	0.25
0.019	65.45398673
0.01903225	41.90889511
0.01907107	10.0
0.01909811	4.98408753
0.0191268	15.0
0.01912876	0.85917886
0.01916251	0.64256827
0.019177	0.05775
0.0192	0.1779991
0.01738353	0.01873481
0.01738355	10.0
0.01738356	2.13963047
0.0174	0.3201
0.01744695	9.89867796
0.01744696	34.232
0.01744697	0.314
0.01744698	0.19916841
0.01748407	0.14245319
0.0174999	0.25
0.0175	1.00137891
0.01752663	0.04516168
0.0175518	76.69
0.01755181	101.562
0.01755185	20.0
0.01755216	0.09876808
0.01756475	342.32
0.01759406	0.70817888
0.01759408	8.91813322
0.01759612	0.06534
0.01765406	0.36487236
0.01766562	1.31257936
0.01766628	5.0
0.01767999	2.93384579
0.01768005	3.07179557
0.01772102	0.62210033
0.01774595	246.324
0.0177461	0.18786944
0.01779384	142.721
0.01779386	0.04448291
0.0178	10.27964569
0.01787264	83.71543883
0.01787265	0.57666047
0.0179106	0.0659047
0.01791115	2.07
0.01795946	75.06464
0.0179999	0.25
0.01799999	1.0
0.018	16.62888861
0.01800025	2.0
0.0180437	0.1
0.01804589	16.66584469
0.01804698	10.0
0.01806159	0.888
0.0180812	0.0659047
0.01812996	0.2
0.01815998	6.18196072
0.01816073	0.03036475
0.01817155	1.04559049
0.01819888	819.29110733
0.0182	0.37
0.01820312	0.08783188
0.01826677	40.82453371
0.01826678	274.40523179
0.0182778	0.81389084
0.0183	0.22280103
0.01831791	0.25
0.0183371	0.0659047
0.0183513	0.28410397
0.01837062	0.08577569
0.0184	0.3503
0.01842997	16.89842155
0.01843	49.72807336
0.01846731	0.11881
0.0184991	0.38639457
0.0184999	0.25
0.01849999	4.6807492
0.0185	37.39846868
0.01850001	0.26422841
0.01851204	0.04275718
0.01851927	2.75398447
0.01854342	1.94795776
0.01854471	0.95
0.01856138	0.693
0.0186	1.00005
0.01860019	10.0
0.01861617	0.05975945
0.0186782	0.0659047
0.01869988	13.5
0.0187	6.10838651
0.01870255	25.3689
0.01874425	1.19113772
0.0188032	29.0
0.01889753	2.78360221
0.0189	20.2
0.01890274	0.21287916
0.018924	1.16501858
0.01894	2.96037557
0.01894374	0.14340543
0.01895458	100.0
0.01896	0.13283917
0.0189999	0.25
0.019	65.45398673
0.01903225	41.90889511
0.01907107	10.0
0.01909811	4.98408753
0.0191268	15.0
0.01912876	0.85917886
0.01916251	0.64256827
0.019177	0.05775
0.01738353	0.01873481
0.01738355	10.0
0.01738356	2.13963047
0.0174	0.3201
0.01744696	34.232
0.01744697	0.314
0.01744698	0.19916841
0.01748407	0.14245319
0.0174999	0.25
0.0175	1.00137891
0.01752624	24.85413521
0.01752625	76.379
0.01752663	0.04516168
0.01755216	0.09876808
0.01756475	342.32
0.01759406	0.70817888
0.01759408	8.91813322
0.01759612	0.06534
0.01765406	0.36487236
0.01766562	1.31257936
0.01766628	5.0
0.01767999	2.93384579
0.017721	3.07179557
0.01772102	0.62210033
0.01774594	10.0
0.01774595	246.324
0.0177461	0.18786944
0.01779384	142.721
0.01779386	0.04448291
0.0178	10.27964569
0.01787264	83.71543883
0.01787265	0.57666047
0.0179106	0.0659047
0.01791115	2.07
0.01795946	75.06464
0.0179999	0.25
0.01799999	1.0
0.018	16.62888861
0.01800025	2.0
0.0180437	0.1
0.01804589	16.66584469
0.01804698	10.0
0.01806159	0.888
0.0180812	0.0659047
0.01812996	0.2
0.01815998	6.18196072
0.01816073	0.03036475
0.01817155	1.04559049
0.01819888	819.29110733
0.0182	0.37
0.01820312	0.08783188
0.01826677	40.82453371
0.01826678	274.40523179
0.0182778	0.81389084
0.0183	0.22280103
0.01831791	0.25
0.0183371	0.0659047
0.0183513	0.28410397
0.01837062	0.08577569
0.0184	0.3503
0.01842997	16.89842155
0.01843	49.72807336
0.01846731	0.11881
0.0184991	0.38639457
0.0184999	0.25
0.01849999	4.6807492
0.0185	37.39846868
0.01850001	0.26422841
0.01851204	0.04275718
0.01851927	2.75398447
0.01854342	1.94795776
0.01854471	0.95
0.01856138	0.693
0.0186	1.00005
0.01860019	10.0
0.01861617	0.05975945
0.0186782	0.0659047
0.01869988	13.5
0.0187	6.10838651
0.01870255	25.3689
0.01874425	1.19113772
0.0188032	29.0
0.01889753	2.78360221
0.0189	20.2
0.01890274	0.21287916
0.018924	1.16501858
0.01894	2.96037557
0.01894374	0.14340543
0.01895458	100.0
0.01896	0.13283917
0.0189999	0.25
0.019	65.45398673
0.01903225	41.90889511
0.01907107	10.0
0.01909811	4.98408753
0.0191268	15.0
0.01912876	0.85917886
0.01916251	0.64256827
0.019177	0.05775
0.0192	0.1779991
0.01738356	4.7e-07
0.0174	0.3201
0.01744695	10.314
0.01744696	34.232
0.01744698	0.19916841
0.01748407	0.14245319
0.01749988	9.87012096
0.0174999	0.25
0.0175	1.00137891
0.01752582	75.136
0.01752583	15.0
0.01752663	0.04516168
0.01755216	0.09876808
0.01756475	342.32
0.01759406	0.70817888
0.01759408	8.91813322
0.01759612	0.06534
0.01765406	0.36487236
0.01766562	1.31257936
0.01766628	5.0
0.01767999	2.93384579
0.017721	3.07179557
0.01772102	0.62210033
0.01774595	246.324
0.0177461	0.18786944
0.01779384	142.721
0.01779386	0.04448291
0.0178	10.27964569
0.01787264	83.71543883
0.01787265	0.57666047
0.0179106	0.0659047
0.01791115	2.07
0.01795946	75.06464
0.0179999	0.25
0.01799999	1.0
0.018	16.62888861
0.01800025	2.0
0.0180437	0.1
0.01804589	16.66584469
0.01804698	10.0
0.01806159	0.888
0.0180812	0.0659047
0.01812996	0.2
0.01815998	6.18196072
0.01816073	0.03036475
0.01817155	1.04559049
0.01819888	819.29110733
0.0182	0.37
0.01820312	0.08783188
0.01826677	40.82453371
0.01826678	274.40523179
0.0182778	0.81389084
0.0183	0.22280103
0.01831791	0.25
0.0183371	0.0659047
0.0183513	0.28410397
0.01837062	0.08577569
0.0184	0.3503
0.01842997	16.89842155
0.01843	49.72807336
0.01846731	0.11881
0.0184991	0.38639457
0.0184999	0.25
0.01849999	4.6807492
0.0185	37.39846868
0.01850001	0.26422841
0.01851204	0.04275718
0.01851927	2.75398447
0.01854342	1.94795776
0.01854471	0.95
0.01856138	0.693
0.0186	1.00005
0.01860019	10.0
0.01861617	0.05975945
0.0186782	0.0659047
0.01869988	13.5
0.0187	6.10838651
0.01870255	25.3689
0.01874425	1.19113772
0.0188032	29.0
0.01889753	2.78360221
0.0189	20.2
0.01890274	0.21287916
0.018924	1.16501858
0.01894	2.96037557
0.01894374	0.14340543
0.01895458	100.0
0.01896	0.13283917
0.0189999	0.25
0.019	65.45398673
0.01903225	41.90889511
0.01907107	10.0
0.01909811	4.98408753
0.0191268	15.0
0.01912876	0.85917886
0.01916251	0.64256827
0.019177	0.05775
0.0192	0.1779991
0.01922257	0.2
0.01925723	0.58091594
0.01738356	4.7e-07
0.0174	0.3201
0.01744695	10.314
0.01744696	34.232
0.01744698	0.19916841
0.01748407	0.14245319
0.01749988	9.87012096
0.0174999	0.25
0.0175	1.00137891
0.01752544	73.349
0.01752545	15.0
0.01752663	0.04516168
0.01755216	0.09876808
0.01756475	342.32
0.01759406	0.70817888
0.01759408	8.91813322
0.01759612	0.06534
0.01765406	0.36487236
0.01766562	1.31257936
0.01767999	2.93384579
0.01771175	5.0
0.01774591	3.6938959
0.01774594	10.0
0.01774595	246.324
0.0177461	0.18786944
0.01779384	142.721
0.01779386	0.04448291
0.0178	10.27964569
0.01787264	83.71543883
0.01787265	0.57666047
0.0179106	0.0659047
0.01791115	2.07
0.01795946	75.06464
0.0179999	0.25
0.01799999	1.0
0.018	16.62888861
0.01800025	2.0
0.0180437	0.1
0.01804589	16.66584469
0.01804698	10.0
0.01806159	0.888
0.0180812	0.0659047
0.01812996	0.2
0.01815998	6.18196072
0.01816073	0.03036475
0.01817155	1.04559049
0.01819888	819.29110733
0.0182	0.37
0.01820312	0.08783188
0.01826677	40.82453371
0.01826678	274.40523179
0.0182778	0.81389084
0.0183	0.22280103
0.01831791	0.25
0.0183371	0.0659047
0.0183513	0.28410397
0.01837062	0.08577569
0.0184	0.3503
0.01842997	16.89842155
0.01843	49.72807336
0.01846731	0.11881
0.0184991	0.38639457
0.0184999	0.25
0.01849999	4.6807492
0.0185	37.39846868
0.01850001	0.26422841
0.01851204	0.04275718
0.01851927	2.75398447
0.01854342	1.94795776
0.01854471	0.95
0.01856138	0.693
0.0186	1.00005
0.01860019	10.0
0.01861617	0.05975945
0.0186782	0.0659047
0.01869988	13.5
0.0187	6.10838651
0.01870255	25.3689
0.01874425	1.19113772
0.0188032	29.0
0.01889753	2.78360221
0.0189	20.2
0.01890274	0.21287916
0.018924	1.16501858
0.01894	2.96037557
0.01894374	0.14340543
0.01895458	100.0
0.01896	0.13283917
0.0189999	0.25
0.019	65.45398673
0.01903225	41.90889511
0.01907107	10.0
0.01909811	4.98408753
0.0191268	15.0
0.01912876	0.85917886
0.01916251	0.64256827
0.019177	0.05775
0.0192	0.1779991
0.01922257	0.2
0.01925723	0.58091594
0.01738356	4.7e-07
0.0174	0.3201
0.01744695	10.314
0.01744696	55.08850367
0.01744698	0.19916841
0.01748407	0.14245319
0.0174999	0.25
0.01749995	72.028
0.0175	1.00137891
0.01752662	9.85707105
0.01752663	0.04516168
0.01755216	0.09876808
0.01756474	86.357
0.01756475	342.32
0.01759406	0.70817888
0.01759408	8.91813322
0.01759612	0.06534
0.01765406	0.36487236
0.01766562	1.31257936
0.01767999	2.93384579
0.01771173	3.07179557
0.01771175	5.0
0.01774592	0.62210033
0.01774595	246.324
0.0177461	0.18786944
0.01779384	142.721
0.01779386	0.04448291
0.0178	10.27964569
0.01787264	83.71543883
0.01787265	0.57666047
0.0179106	0.0659047
0.01791115	2.07
0.01795946	75.06464
0.0179999	0.25
0.01799999	1.0
0.018	16.62888861
0.01800025	2.0
0.0180437	0.1
0.01804589	16.66584469
0.01804698	10.0
0.01806159	0.888
0.0180812	0.0659047
0.01812996	0.2
0.01815998	6.18196072
0.01816073	0.03036475
0.01817155	1.04559049
0.01819888	819.29110733
0.0182	0.37
0.01820312	0.08783188
0.01826677	40.82453371
0.01826678	274.40523179
0.0182778	0.81389084
0.0183	0.22280103
0.01831791	0.25
0.0183371	0.0659047
0.0183513	0.28410397
0.01837062	0.08577569
0.0184	0.3503
0.01842997	16.89842155
0.01843	49.72807336
0.01846731	0.11881
0.0184991	0.38639457
0.0184999	0.25
0.01849999	4.6807492
0.0185	37.39846868
0.01850001	0.26422841
0.01851204	0.04275718
0.01851927	2.75398447
0.01854342	1.94795776
0.01854471	0.95
0.01856138	0.693
0.0186	1.00005
0.01860019	10.0
0.01861617	0.05975945
0.0186782	0.0659047
0.01869988	13.5
0.0187	6.10838651
0.01870255	25.3689
0.01874425	1.19113772
0.0188032	29.0
0.01889753	2.78360221
0.0189	20.2
0.01890274	0.21287916
0.018924	1.16501858
0.01894	2.96037557
0.01894374	0.14340543
0.01895458	100.0
0.01896	0.13283917
0.0189999	0.25
0.019	65.45398673
0.01903225	41.90889511
0.01907107	10.0
0.01909811	4.98408753
0.0191268	15.0
0.01912876	0.85917886
0.01916251	0.64256827
0.019177	0.05775
0.0192	0.1779991
0.01922257	0.2
0.01925723	0.58091594
0.01738356	4.7e-07
0.0174	0.3201
0.01744695	10.314
0.01744696	55.08850367
0.01744698	0.19916841
0.01748407	0.14245319
0.0174999	0.25
0.01749995	72.028
0.0175	1.00137891
0.01752662	9.85707105
0.01752663	0.04516168
0.01755216	0.09876808
0.01756475	342.32
0.01759406	0.70817888
0.01759408	8.91813322
0.01759612	0.06534
0.01765406	0.36487236
0.01766562	1.31257936
0.01767999	2.93384579
0.01771173	3.07179557
0.01771175	5.0
0.01774595	246.324
0.0177461	0.18786944
0.01779384	142.721
0.01779386	0.04448291
0.0178	10.27964569
0.01787264	83.71543883
0.01787265	0.57666047
0.0179106	0.0659047
0.01791115	2.07
0.01795946	75.06464
0.0179999	0.25
0.01799999	1.0
0.018	16.62888861
0.01800025	2.0
0.0180437	0.1
0.01804589	16.66584469
0.01804698	10.0
0.01806159	0.888
0.0180812	0.0659047
0.01812996	0.2
0.01815998	6.18196072
0.01816073	0.03036475
0.01817155	1.04559049
0.01819888	819.29110733
0.0182	0.37
0.01820312	0.08783188
0.01826677	40.82453371
0.01826678	274.40523179
0.0182778	0.81389084
0.0183	0.22280103
0.01831791	0.25
0.0183371	0.0659047
0.0183513	0.28410397
0.01837062	0.08577569
0.0184	0.3503
0.01842997	16.89842155
0.01843	49.72807336
0.01846731	0.11881
0.0184991	0.38639457
0.0184999	0.25
0.01849999	4.6807492
0.0185	37.39846868
0.01850001	0.26422841
0.01851204	0.04275718
0.01851927	2.75398447
0.01854342	1.94795776
0.01854471	0.95
0.01856138	0.693
0.0186	1.00005
0.01860019	10.0
0.01861617	0.05975945
0.0186782	0.0659047
0.01869988	13.5
0.0187	6.10838651
0.01870255	25.3689
0.01874425	1.19113772
0.0188032	29.0
0.01889753	2.78360221
0.0189	20.2
0.01890274	0.21287916
0.018924	1.16501858
0.01894	2.96037557
0.01894374	0.14340543
0.01895458	100.0
0.01896	0.13283917
0.0189999	0.25
0.019	65.45398673
0.01903225	41.90889511
0.01907107	10.0
0.01909811	4.98408753
0.0191268	15.0
0.01912876	0.85917886
0.01916251	0.64256827
0.019177	0.05775
0.0192	0.1779991
0.01922257	0.2
0.01925723	0.58091594
0.01925789	0.8415855
0.0192814	0.2
0.01738356	4.7e-07
0.0174	0.3201
0.01744687	9.90854436
0.01744689	10.0
0.01744695	15.314
0.01744696	55.08850367
0.01744698	0.19916841
0.01748407	0.14245319
0.01749988	67.022
0.0174999	0.25
0.0175	1.00137891
0.01752663	0.04516168
0.01755216	0.09876808
0.01756472	88.803
0.01756475	342.32
0.01759405	0.70817888
0.01759408	8.91813322
0.01759612	0.06534
0.01765406	0.36487236
0.01766562	1.31257936
0.01767999	2.93384579
0.01771173	3.07179557
0.01771175	5.0
0.01774593	0.62210033
0.01774595	246.324
0.0177461	0.18786944
0.0177938	136.883
0.01779386	0.04448291
0.0178	10.27964569
0.01787264	83.71543883
0.01787265	0.57666047
0.0179106	0.0659047
0.01791115	2.07
0.01795946	75.06464
0.0179999	0.25
0.01799999	1.0
0.018	16.62888861
0.01800025	2.0
0.0180437	0.1
0.01804589	16.66584469
0.01804698	10.0
0.01806159	0.888
0.0180812	0.0659047
0.01812996	0.2
0.01815998	6.18196072
0.01816073	0.03036475
0.01817155	1.04559049
0.01819888	819.29110733
0.0182	0.37
0.01820312	0.08783188
0.01826677	40.82453371
0.01826678	274.40523179
0.0182778	0.81389084
0.0183	0.22280103
0.01831791	0.25
0.0183371	0.0659047
0.0183513	0.28410397
0.01837062	0.08577569
0.0184	0.3503
0.01842997	16.89842155
0.01843	49.72807336
0.01846731	0.11881
0.0184991	0.38639457
0.0184999	0.25
0.01849999	4.6807492
0.0185	37.39846868
0.01850001	0.26422841
0.01851204	0.04275718
0.01851927	2.75398447
0.01854342	1.94795776
0.01854471	0.95
0.01856138	0.693
0.0186	1.00005
0.01860019	10.0
0.01861617	0.05975945
0.0186782	0.0659047
0.01869988	13.5
0.0187	6.10838651
0.01870255	25.3689
0.01874425	1.19113772
0.0188032	29.0
0.01889753	2.78360221
0.0189	20.2
0.01890274	0.21287916
0.018924	1.16501858
0.01894	2.96037557
0.01894374	0.14340543
0.01895458	100.0
0.01896	0.13283917
0.0189999	0.25
0.019	65.45398673
0.01903225	41.90889511
0.01907107	10.0
0.01909811	4.98408753
0.0191268	15.0
0.01912876	0.85917886
0.01916251	0.64256827
0.019177	0.05775
0.0192	0.1779991
0.01922257	0.2
0.01738356	4.7e-07
0.01739958	8.77447299
0.01739962	75.447
0.01739963	25.0
0.01739969	34.232
0.0174	0.3201
0.01744666	87.226
0.01744694	9.91994312
0.01744695	0.314
0.01744696	20.85650367
0.01744698	0.19916841
0.01748407	0.14245319
0.0174999	0.25
0.0175	1.00137891
0.01752663	0.04516168
0.01755216	0.09876808
0.01756471	15.0
0.01756472	148.341
0.01756475	342.32
0.01759406	0.70817888
0.01759408	8.91813322
0.01759612	0.06534
0.01765406	0.36487236
0.01766562	1.31257936
0.01767999	2.93384579
0.01768005	3.07179557
0.01772102	0.62210033
0.0177461	0.18786944
0.01779386	0.04448291
0.0178	10.27964569
0.0178726	83.71543883
0.01787261	244.708
0.01787265	0.57666047
0.0179106	0.0659047
0.01791115	2.07
0.01795946	75.06464
0.0179999	0.25
0.01799999	1.0
0.018	16.62888861
0.01800025	2.0
0.0180437	0.1
0.01804589	16.66584469
0.01804698	10.0
0.01806159	0.888
0.0180812	0.0659047
0.01812996	0.2
0.01815998	6.18196072
0.01816073	0.03036475
0.01817155	1.04559049
0.01819888	819.29110733
0.0182	0.37
0.01820312	0.08783188
0.01826677	40.82453371
0.01826678	274.40523179
0.0182778	0.81389084
0.0183	0.22280103
0.01831791	0.25
0.0183371	0.0659047
0.0183513	0.28410397
0.01837062	0.08577569
0.0184	0.3503
0.01842997	16.89842155
0.01843	49.72807336
0.01846731	0.11881
0.0184991	0.38639457
0.0184999	0.25
0.01849999	4.6807492
0.0185	37.39846868
0.01850001	0.26422841
0.01851204	0.04275718
0.01851927	2.75398447
0.01854342	1.94795776
0.01854471	0.95
0.01856138	0.693
0.0186	1.00005
0.01860019	10.0
0.01861617	0.05975945
0.0186782	0.0659047
0.01869988	13.5
0.0187	6.10838651
0.01870255	25.3689
0.01874425	1.19113772
0.0188032	29.0
0.01889753	2.78360221
0.0189	20.2
0.01890274	0.21287916
0.018924	1.16501858
0.01894	2.96037557
0.01894374	0.14340543
0.01895458	100.0
0.01896	0.13283917
0.0189999	0.25
0.019	65.45398673
0.01903225	41.90889511
0.01907107	10.0
0.01909811	4.98408753
0.0191268	15.0
0.01912876	0.85917886
0.01916251	0.64256827
0.019177	0.05775
0.01738345	75.913
0.01738346	79.93
0.01738347	8.77447299
0.0173835	15.0
0.01738351	20.0
0.01738353	34.232
0.01738356	4.7e-07
0.0174	0.3201
0.01744694	9.91994312
0.01744695	0.314
0.01744698	0.19916841
0.01748407	0.14245319
0.0174999	0.25
0.0175	1.00137891
0.01752249	5.0
0.01752663	0.04516168
0.01755216	0.09876808
0.0175647	94.782
0.01756471	15.0
0.01756472	148.341
0.01756474	10.0
0.01756475	342.32
0.01759406	0.70817888
0.01759408	8.91813322
0.01759612	0.06534
0.01765406	0.36487236
0.01766562	1.31257936
0.01767998	83.71543883
0.01767999	2.93384579
0.01768005	3.07179557
0.01772102	0.62210033
0.0177461	0.18786944
0.01779384	232.091
0.01779386	0.04448291
0.0178	10.27964569
0.01787265	0.57666047
0.0179106	0.0659047
0.01791115	2.07
0.01795946	75.06464
0.0179999	0.25
0.01799999	1.0
0.018	16.62888861
0.01800025	2.0
0.0180437	0.1
0.01804589	16.66584469
0.01804698	10.0
0.01806159	0.888
0.0180812	0.0659047
0.01812996	0.2
0.01815998	6.18196072
0.01816073	0.03036475
0.01817155	1.04559049
0.01819888	819.29110733
0.0182	0.37
0.01820312	0.08783188
0.01826677	40.82453371
0.01826678	274.40523179
0.0182778	0.81389084
0.0183	0.22280103
0.01831791	0.25
0.0183371	0.0659047
0.0183513	0.28410397
0.01837062	0.08577569
0.0184	0.3503
0.01842997	16.89842155
0.01843	49.72807336
0.01846731	0.11881
0.0184991	0.38639457
0.0184999	0.25
0.01849999	4.6807492
0.0185	37.39846868
0.01850001	0.26422841
0.01851204	0.04275718
0.01851927	2.75398447
0.01854342	1.94795776
0.01854471	0.95
0.01856138	0.693
0.0186	1.00005
0.01860019	10.0
0.01861617	0.05975945
0.0186782	0.0659047
0.01869988	13.5
0.0187	6.10838651
0.01870255	25.3689
0.01874425	1.19113772
0.0188032	29.0
0.01889753	2.78360221
0.0189	20.2
0.01890274	0.21287916
0.018924	1.16501858
0.01894	2.96037557
0.01894374	0.14340543
0.01895458	100.0
0.01896	0.13283917
0.0189999	0.25
0.019	65.45398673
0.01903225	41.90889511
0.01907107	10.0
0.01909811	4.98408753
0.0191268	15.0
0.0173824	76.379
0.01738241	8.77447299
0.01738247	119.356
0.01738248	34.232
0.01738254	20.0
0.01738272	31.92987097
0.01738356	4.7e-07
0.0174	0.3201
0.01744694	9.91994312
0.01744695	0.314
0.01744698	0.19916841
0.01748407	0.14245319
0.0174999	0.25
0.0175	1.00137891
0.01752249	5.0
0.01752663	0.04516168
0.01755216	0.09876808
0.01756472	148.341
0.01756474	10.0
0.01756475	342.32
0.01759406	0.70817888
0.01759408	8.91813322
0.01759612	0.06534
0.01765406	0.36487236
0.01766561	229.299
0.01766562	1.31257936
0.01767999	2.93384579
0.01768005	3.07179557
0.01772102	0.62210033
0.0177461	0.18786944
0.01779386	0.04448291
0.0178	10.27964569
0.01787264	83.71543883
0.01787265	0.57666047
0.0179106	0.0659047
0.01791115	2.07
0.01795946	75.06464
0.0179999	0.25
0.01799999	1.0
0.018	16.62888861
0.01800025	2.0
0.0180437	0.1
0.01804589	16.66584469
0.01804698	10.0
0.01806159	0.888
0.0180812	0.0659047
0.01812996	0.2
0.01815998	6.18196072
0.01816073	0.03036475
0.01817155	1.04559049
0.01819888	819.29110733
0.0182	0.37
0.01820312	0.08783188
0.01826677	40.82453371
0.01826678	274.40523179
0.0182778	0.81389084
0.0183	0.22280103
0.01831791	0.25
0.0183371	0.0659047
0.0183513	0.28410397
0.01837062	0.08577569
0.0184	0.3503
0.01842997	16.89842155
0.01843	49.72807336
0.01846731	0.11881
0.0184991	0.38639457
0.0184999	0.25
0.01849999	4.6807492
0.0185	37.39846868
0.01850001	0.26422841
0.01851204	0.04275718
0.01851927	2.75398447
0.01854342	1.94795776
0.01854471	0.95
0.01856138	0.693
0.0186	1.00005
0.01860019	10.0
0.01861617	0.05975945
0.0186782	0.0659047
0.01869988	13.5
0.0187	6.10838651
0.01870255	25.3689
0.01874425	1.19113772
0.0188032	29.0
0.01889753	2.78360221
0.0189	20.2
0.01890274	0.21287916
0.018924	1.16501858
0.01894	2.96037557
0.01894374	0.14340543
0.01895458	100.0
0.01896	0.13283917
0.0189999	0.25
0.019	65.45398673
0.01903225	41.90889511
0.01907107	10.0
0.01909811	4.98408753
0.0191268	15.0
0.01912876	0.85917886
0.01916251	0.64256827
0.01738151	0.4902789
0.01738157	72.65
0.01738158	90.458
0.01738164	34.232
0.01738168	20.0
0.01738272	31.92987097
0.01738356	4.7e-07
0.0174	0.3201
0.01744694	9.91994312
0.01744695	0.314
0.01744698	0.19916841
0.01748407	0.14245319
0.0174999	0.25
0.0175	1.00137891
0.01752663	0.04516168
0.01755216	0.09876808
0.01756471	15.0
0.01756472	148.341
0.01756474	10.0
0.01756475	342.32
0.01759406	0.70817888
0.01759408	8.91813322
0.01759612	0.06534
0.01765406	0.36487236
0.01766561	229.299
0.01766562	1.31257936
0.01767999	2.93384579
0.01768005	3.07179557
0.01772102	0.62210033
0.0177461	0.18786944
0.01779385	83.71543883
0.01779386	0.04448291
0.0178	10.27964569
0.01787265	0.57666047
0.0179106	0.0659047
0.01791115	2.07
0.01795946	75.06464
0.0179999	0.25
0.01799999	1.0
0.018	16.62888861
0.01800025	2.0
0.0180437	0.1
0.01804589	16.66584469
0.01804698	10.0
0.01806159	0.888
0.0180812	0.0659047
0.01812996	0.2
0.01815998	6.18196072
0.01816073	0.03036475
0.01817155	1.04559049
0.0182	0.37
0.01820312	0.08783188
0.01826677	40.82453371
0.01826678	274.40523179
0.0182778	0.81389084
0.0183	0.22280103
0.01831791	0.25
0.0183371	0.0659047
0.0183513	0.28410397
0.01837062	0.08577569
0.0184	0.3503
0.01842997	16.89842155
0.01843	49.72807336
0.01846731	0.11881
0.0184991	0.38639457
0.0184999	0.25
0.01849999	4.6807492
0.0185	37.39846868
0.01850001	0.26422841
0.01851204	0.04275718
0.01851927	2.75398447
0.01854342	1.94795776
0.01854471	0.95
0.01856138	0.693
0.0186	1.00005
0.01860019	10.0
0.01861617	0.05975945
0.0186782	0.0659047
0.01869988	13.5
0.0187	6.10838651
0.01870255	25.3689
0.01874425	1.19113772
0.0188032	29.0
0.01889753	2.78360221
0.0189	20.2
0.01890274	0.21287916
0.018924	1.16501858
0.01894	2.96037557
0.01894374	0.14340543
0.01895458	100.0
0.01896	0.13283917
0.0189999	0.25
0.019	65.45398673
0.01903225	41.90889511
0.01907107	10.0
0.01909811	4.98408753
0.0191268	15.0
0.01912876	0.85917886
0.01916251	0.64256827
0.019177	0.05775
0.01738271	10.0
0.01738272	31.92987097
0.01738356	4.7e-07
0.0174	0.3201
0.01744662	30.514
0.01744663	101.471
0.01744666	34.232
0.01744695	0.314
0.01744698	0.19916841
0.01748407	0.14245319
0.0174999	0.25
0.0175	1.00137891
0.01752663	0.04516168
0.01755216	0.09876808
0.01755569	0.2885062
0.01756467	20.0
0.01756468	45.331
0.01756469	15.0
0.0175647	144.286
0.01756475	342.32
0.01759406	0.70817888
0.01759408	8.91813322
0.01759423	5.0
0.01759612	0.06534
0.01765406	0.36487236
0.01766553	227.255
0.01766562	1.31257936
0.01767999	2.93384579
0.01768005	3.07179557
0.01772102	0.62210033
0.0177461	0.18786944
0.01779386	0.04448291
0.0178	10.27964569
0.01787264	83.71543883
0.01787265	0.57666047
0.0179106	0.0659047
0.01791115	2.07
0.01795946	75.06464
0.0179999	0.25
0.01799999	1.0
0.018	16.62888861
0.01800025	2.0
0.0180437	0.1
0.01804589	16.66584469
0.01804698	10.0
0.01806159	0.888
0.0180812	0.0659047
0.01812996	0.2
0.01815998	6.18196072
0.01816073	0.03036475
0.01817155	1.04559049
0.0182	0.37
0.01820312	0.08783188
0.01826677	40.82453371
0.01826678	274.40523179
0.0182778	0.81389084
0.0183	0.22280103
0.01831791	0.25
0.0183371	0.0659047
0.0183513	0.28410397
0.01837062	0.08577569
0.0184	0.3503
0.01842997	16.89842155
0.01843	49.72807336
0.01846731	0.11881
0.0184991	0.38639457
0.0184999	0.25
0.01849999	4.6807492
0.0185	37.39846868
0.01850001	0.26422841
0.01851204	0.04275718
0.01851927	2.75398447
0.01854342	1.94795776
0.01854471	0.95
0.01856138	0.693
0.0186	1.00005
0.01860019	10.0
0.01861617	0.05975945
0.0186782	0.0659047
0.01869988	13.5
0.0187	6.10838651
0.01870255	25.3689
0.01874425	1.19113772
0.0188032	29.0
0.01889753	2.78360221
0.0189	20.2
0.01890274	0.21287916
0.018924	1.16501858
0.01894	2.96037557
0.01894374	0.14340543
0.01895458	100.0
0.01896	0.13283917
0.0189999	0.25
0.019	71.62713241
0.01903225	41.90889511
0.01907107	10.0
0.01909811	4.98408753
0.0191268	15.0
0.01912876	0.85917886
0.01916251	0.64256827
0.01738189	50.41
0.0173819	15.0
0.01738356	4.7e-07
0.0174	0.3201
0.01744628	9.9215087
0.01744629	20.0
0.0174463	31.304
0.01744695	0.314
0.01744698	0.19916841
0.01748407	0.14245319
0.0174999	0.25
0.0175	1.00137891
0.01752663	0.04516168
0.01755216	0.09876808
0.01755569	0.2885062
0.01756469	15.0
0.0175647	144.286
0.01756474	10.0
0.01756475	342.32
0.01759406	0.70817888
0.01759408	8.91813322
0.01759423	5.0
0.01759612	0.06534
0.01765406	0.36487236
0.01766553	227.255
0.01766562	1.31257936
0.01767999	2.93384579
0.01768005	3.07179557
0.01772102	0.62210033
0.0177461	0.18786944
0.01779385	83.71543883
0.01779386	0.04448291
0.0178	10.27964569
0.01787265	0.57666047
0.0179106	0.0659047
0.01791115	2.07
0.01795946	75.06464
0.0179999	0.25
0.01799999	1.0
0.018	16.62888861
0.01800025	2.0
0.0180437	0.1
0.01804589	16.66584469
0.01804698	10.0
0.01806159	0.888
0.0180812	0.0659047
0.01812996	0.2
0.01815998	6.18196072
0.01816073	0.03036475
0.01817155	1.04559049
0.0182	0.37
0.01820312	0.08783188
0.01826677	40.82453371
0.01826678	274.40523179
0.0182778	0.81389084
0.0183	0.22280103
0.01831791	0.25
0.0183371	0.0659047
0.0183513	0.28410397
0.01837062	0.08577569
0.0184	0.3503
0.01842997	16.89842155
0.01843	49.72807336
0.01846731	0.11881
0.0184991	0.38639457
0.0184999	0.25
0.01849999	4.6807492
0.0185	37.39846868
0.01850001	0.26422841
0.01851204	0.04275718
0.01851927	2.75398447
0.01854342	1.94795776
0.01854471	0.95
0.01856138	0.693
0.0186	1.00005
0.01860019	10.0
0.01861617	0.05975945
0.0186782	0.0659047
0.01869988	13.5
0.0187	6.10838651
0.01870255	25.3689
0.01874425	1.19113772
0.0188032	29.0
0.01889753	2.78360221
0.0189	20.2
0.01890274	0.21287916
0.018924	1.16501858
0.01894	2.96037557
0.01894374	0.14340543
0.01895458	100.0
0.01896	0.13283917
0.0189999	0.25
0.019	71.62713241
0.01903225	41.90889511
0.01907107	10.0
0.01909811	4.98408753
0.0191268	15.0
0.01912876	0.85917886
0.01916251	0.64256827
0.019177	0.05775
0.017381	10.0
0.01738356	4.7e-07
0.01739983	58.595
0.01739984	9.95167269
0.01739985	15.0
0.0174	0.3201
0.01744695	0.314
0.01744698	0.19916841
0.0174535	5.0
0.01748407	0.14245319
0.0174999	0.25
0.0175	1.00137891
0.01752663	0.04516168
0.01755216	0.09876808
0.01755569	0.2885062
0.01756467	116.766
0.01756469	15.0
0.0175647	144.286
0.01756475	342.32
0.01759406	0.70817888
0.01759408	8.91813322
0.01759612	0.06534
0.01765406	0.36487236
0.01766553	227.255
0.01766562	1.31257936
0.01767999	2.93384579
0.01768005	3.07179557
0.01772102	0.62210033
0.0177461	0.18786944
0.01779386	0.04448291
0.0178	10.27964569
0.01787264	83.71543883
0.01787265	0.57666047
0.0179106	0.0659047
0.01791115	2.07
0.01795946	75.06464
0.0179999	0.25
0.01799999	1.0
0.018	16.62888861
0.01800025	2.0
0.0180437	0.1
0.01804589	16.66584469
0.01804698	10.0
0.01806159	0.888
0.0180812	0.0659047
0.01812996	0.2
0.01815998	6.18196072
0.01816073	0.03036475
0.01817155	1.04559049
0.0182	0.37
0.01820312	0.08783188
0.01826677	40.82453371
0.01826678	274.40523179
0.0182778	0.81389084
0.0183	0.22280103
0.01831791	0.25
0.0183371	0.0659047
0.0183513	0.28410397
0.01837062	0.08577569
0.0184	0.3503
0.01842997	16.89842155
0.01843	49.72807336
0.01846731	0.11881
0.0184991	0.38639457
0.0184999	0.25
0.01849999	4.6807492
0.0185	37.39846868
0.01850001	0.26422841
0.01851204	0.04275718
0.01851927	2.75398447
0.01854342	1.94795776
0.01854471	0.95
0.01856138	0.693
0.0186	1.00005
0.01860019	10.0
0.01861617	0.05975945
0.0186782	0.0659047
0.01869988	13.5
0.0187	6.10838651
0.01870255	25.3689
0.01874425	1.19113772
0.0188032	29.0
0.01889753	2.78360221
0.0189	20.2
0.01890274	0.21287916
0.018924	1.16501858
0.01894	2.96037557
0.01894374	0.14340543
0.01895458	100.0
0.01896	0.13283917
0.0189999	0.25
0.019	71.62713241
0.01903225	41.90889511
0.01907107	10.0
0.01909811	4.98408753
0.0191268	15.0
0.01912876	0.85917886
0.01916251	0.64256827
0.019177	0.05775
0.0192	0.1779991
0.01738073	13.658
0.01738074	10.0
0.01738075	1.03212884
0.01738083	34.232
0.01738356	4.7e-07
0.01739937	99.48295823
0.01739938	35.0
0.01739944	59.6
0.0174	0.3201
0.01744695	0.314
0.01744698	0.19916841
0.01748407	0.14245319
0.0174999	0.25
0.0175	1.00137891
0.01752663	0.04516168
0.01755216	0.09876808
0.01755569	0.2885062
0.01756469	15.0
0.0175647	144.286
0.01756475	342.32
0.01759406	0.70817888
0.01759408	8.91813322
0.01759612	0.06534
0.01765406	0.36487236
0.01766553	227.255
0.01766562	1.31257936
0.01767999	2.93384579
0.01768005	3.07179557
0.01772102	0.62210033
0.0177461	0.18786944
0.01779385	83.71543883
0.01779386	0.04448291
0.0178	10.27964569
0.01787265	0.57666047
0.0179106	0.0659047
0.01791115	2.07
0.01795946	75.06464
0.0179999	0.25
0.01799999	1.0
0.018	16.62888861
0.01800025	2.0
0.0180437	0.1
0.01804589	16.66584469
0.01804698	10.0
0.01806159	0.888
0.0180812	0.0659047
0.01812996	0.2
0.01815998	6.18196072
0.01816073	0.03036475
0.01817155	1.04559049
0.0182	0.37
0.01820312	0.08783188
0.01826677	40.82453371
0.01826678	274.40523179
0.0182778	0.81389084
0.0183	0.22280103
0.01831791	0.25
0.0183371	0.0659047
0.0183513	0.28410397
0.01837062	0.08577569
0.0184	0.3503
0.01842997	16.89842155
0.01843	49.72807336
0.01846731	0.11881
0.0184991	0.38639457
0.0184999	0.25
0.01849999	4.6807492
0.0185	37.39846868
0.01850001	0.26422841
0.01851204	0.04275718
0.01851927	2.75398447
0.01854342	1.94795776
0.01854471	0.95
0.01856138	0.693
0.0186	1.00005
0.01860019	10.0
0.01861617	0.05975945
0.0186782	0.0659047
0.01869988	13.5
0.0187	6.10838651
0.01870255	25.3689
0.01874425	1.19113772
0.0188032	29.0
0.01889753	2.78360221
0.0189	20.2
0.01890274	0.21287916
0.018924	1.16501858
0.01894	2.96037557
0.01894374	0.14340543
0.01895458	100.0
0.01896	0.13283917
0.0189999	0.25
0.019	71.62713241
0.01903225	41.90889511
0.01907107	10.0
0.01909811	4.98408753
0.0191268	15.0
0.01912876	0.85917886
0.01916251	0.64256827
0.019177	0.05775
0.01738026	34.232
0.01738027	7.095
0.01738356	4.7e-07
0.0173994	9.95194107
0.01739944	15.253
0.0174	0.3201
0.01744697	0.314
0.01744698	0.19916841
0.01748407	0.14245319
0.01749989	86.574
0.0174999	0.25
0.01749998	12.585
0.01749999	36.817
0.0175	1.00137891
0.01752663	0.04516168
0.01755216	0.09876808
0.01755569	0.2885062
0.01756052	5.0
0.0175647	144.286
0.01756475	342.32
0.01759406	0.70817888
0.01759408	8.91813322
0.01759612	0.06534
0.01765406	0.36487236
0.01766553	227.255
0.01766562	1.31257936
0.01767999	2.93384579
0.01768005	3.07179557
0.01772102	0.62210033
0.0177461	0.18786944
0.01779385	83.71543883
0.01779386	0.04448291
0.0178	10.27964569
0.01787265	0.57666047
0.0179106	0.0659047
0.01791115	2.07
0.01795946	75.06464
0.0179999	0.25
0.01799999	1.0
0.018	16.62888861
0.01800025	2.0
0.0180437	0.1
0.01804589	16.66584469
0.01804698	10.0
0.01806159	0.888
0.0180812	0.0659047
0.01812996	0.2
0.01815998	6.18196072
0.01816073	0.03036475
0.01817155	1.04559049
0.0182	0.37
0.01820312	0.08783188
0.01826677	40.82453371
0.01826678	274.40523179
0.0182778	0.81389084
0.0183	0.22280103
0.01831791	0.25
0.0183371	0.0659047
0.0183513	0.28410397
0.01837062	0.08577569
0.0184	0.3503
0.01842997	16.89842155
0.01843	49.72807336
0.01846731	0.11881
0.0184991	0.38639457
0.0184999	0.25
0.01849999	4.6807492
0.0185	37.39846868
0.01850001	0.26422841
0.01851204	0.04275718
0.01851927	2.75398447
0.01854342	1.94795776
0.01854471	0.95
0.01856138	0.693
0.0186	1.00005
0.01860019	10.0
0.01861617	0.05975945
0.0186782	0.0659047
0.01869988	13.5
0.0187	6.10838651
0.01870255	25.3689
0.01874425	1.19113772
0.0188032	29.0
0.01889753	2.78360221
0.0189	20.2
0.01890274	0.21287916
0.018924	1.16501858
0.01894	2.96037557
0.01894374	0.14340543
0.01895458	100.0
0.01896	0.13283917
0.0189999	0.25
0.019	71.62713241
0.01903225	41.90889511
0.01907107	10.0
0.01909811	4.98408753
0.0191268	15.0
0.01912876	0.85917886
0.01916251	0.64256827
0.019177	0.05775
0.01737991	6.864
0.01737992	10.0
0.01737993	15.0
0.01738356	4.7e-07
0.01739899	63.497
0.017399	92.25
0.01739902	9.95035858
0.0174	0.3201
0.01744697	0.314
0.01744698	0.19916841
0.01748407	0.14245319
0.0174999	0.25
0.0175	1.00137891
0.01752663	0.04516168
0.01755216	0.09876808
0.01755567	15.0
0.01755569	0.2885062
0.01756052	5.0
0.0175647	144.286
0.01756475	342.32
0.01759406	0.70817888
0.01759408	8.91813322
0.01759612	0.06534
0.01765406	0.36487236
0.01766553	227.255
0.01766562	1.31257936
0.01767999	2.93384579
0.01768005	3.07179557
0.01772102	0.62210033
0.0177461	0.18786944
0.01779385	83.71543883
0.01779386	0.04448291
0.0178	10.27964569
0.01787265	0.57666047
0.0179106	0.0659047
0.01791115	2.07
0.01795946	75.06464
0.0179999	0.25
0.01799999	1.0
0.018	16.62888861
0.01800025	2.0
0.0180437	0.1
0.01804589	16.66584469
0.01804698	10.0
0.01806159	0.888
0.0180812	0.0659047
0.01812996	0.2
0.01815998	6.18196072
0.01816073	0.03036475
0.01817155	1.04559049
0.0182	0.37
0.01820312	0.08783188
0.01826677	40.82453371
0.01826678	274.40523179
0.0182778	0.81389084
0.0183	0.22280103
0.01831791	0.25
0.0183371	0.0659047
0.0183513	0.28410397
0.01837062	0.08577569
0.0184	0.3503
0.01842997	16.89842155
0.01843	49.72807336
0.01846731	0.11881
0.0184991	0.38639457
0.0184999	0.25
0.01849999	4.6807492
0.0185	37.39846868
0.01850001	0.26422841
0.01851204	0.04275718
0.01851927	2.75398447
0.01854342	1.94795776
0.01854471	0.95
0.01856138	0.693
0.0186	1.00005
0.01860019	10.0
0.01861617	0.05975945
0.0186782	0.0659047
0.01869988	13.5
0.0187	6.10838651
0.01870255	25.3689
0.01874425	1.19113772
0.0188032	29.0
0.01889753	2.78360221
0.0189	20.2
0.01890274	0.21287916
0.018924	1.16501858
0.01894	2.96037557
0.01894374	0.14340543
0.01895458	100.0
0.01896	0.13283917
0.0189999	0.25
0.019	71.62713241
0.01903225	41.90889511
0.01907107	10.0
0.01909811	4.98408753
0.0191268	15.0
0.01912876	0.85917886
0.01916251	0.64256827
0.019177	0.05775
0.01737945	10.0
0.01737946	98.566
0.0173797	34.232
0.01738356	4.7e-07
0.01739859	15.0
0.0173986	63.898
0.01739861	9.95059306
0.0174	0.3201
0.01744697	0.314
0.01744698	0.19916841
0.01748407	0.14245319
0.0174999	0.25
0.0175	1.00137891
0.01752663	0.04516168
0.01755216	0.09876808
0.01755569	0.2885062
0.01756469	15.0
0.0175647	144.286
0.01756475	342.32
0.01759406	0.70817888
0.01759408	8.91813322
0.01759612	0.06534
0.01765406	0.36487236
0.01766553	227.255
0.01766562	1.31257936
0.01767999	2.93384579
0.01768005	3.07179557
0.01772102	0.62210033
0.0177461	0.18786944
0.01779385	83.71543883
0.01779386	0.04448291
0.0178	10.27964569
0.01787265	0.57666047
0.0179106	0.0659047
0.01791115	2.07
0.01795946	75.06464
0.0179999	0.25
0.01799999	1.0
0.018	16.62888861
0.01800025	2.0
0.0180437	0.1
0.01804589	16.66584469
0.01804698	10.0
0.01806159	0.888
0.0180812	0.0659047
0.01812996	0.2
0.01815998	6.18196072
0.01816073	0.03036475
0.01817155	1.04559049
0.0182	0.37
0.01820312	0.08783188
0.01826677	40.82453371
0.01826678	274.40523179
0.0182778	0.81389084
0.0183	0.22280103
0.01831791	0.25
0.0183371	0.0659047
0.0183513	0.28410397
0.01837062	0.08577569
0.0184	0.3503
0.01842997	16.89842155
0.01843	49.72807336
0.01846731	0.11881
0.0184991	0.38639457
0.0184999	0.25
0.01849999	4.6807492
0.0185	37.39846868
0.01850001	0.26422841
0.01851204	0.04275718
0.01851927	2.75398447
0.01854342	1.94795776
0.01854471	0.95
0.01856138	0.693
0.0186	1.00005
0.01860019	10.0
0.01861617	0.05975945
0.0186782	0.0659047
0.01869988	13.5
0.0187	6.10838651
0.01870255	25.3689
0.01874425	1.19113772
0.0188032	29.0
0.01889753	2.78360221
0.0189	20.2
0.01890274	0.21287916
0.01894	2.96037557
0.01894374	0.14340543
0.01895458	100.0
0.01896	0.13283917
0.0189999	0.25
0.019	71.62713241
0.01903225	41.90889511
0.01907107	10.0
0.01909811	4.98408753
0.0191268	15.0
0.01912876	0.85917886
0.01916251	0.64256827
0.019177	0.05775
0.0192	0.1779991
0.01922257	0.2
0.01737905	70.94
0.01737906	34.232
0.01738356	4.7e-07
0.01739975	9.94994112
0.0174	0.3201
0.01744697	0.314
0.01744698	0.19916841
0.0174519	5.0
0.01748407	0.14245319
0.0174999	0.25
0.0175	1.00137891
0.01752663	0.04516168
0.01755216	0.09876808
0.01755569	0.2885062
0.0175647	144.286
0.01756474	94.969
0.01756475	342.32
0.01759406	0.70817888
0.01759408	8.91813322
0.01759612	0.06534
0.01765406	0.36487236
0.01766553	227.255
0.01766562	1.31257936
0.01767999	2.93384579
0.01768005	3.07179557
0.01772102	0.62210033
0.0177461	0.18786944
0.01779385	83.71543883
0.01779386	0.04448291
0.0178	10.27964569
0.01787265	0.57666047
0.0179106	0.0659047
0.01791115	2.07
0.01795946	75.06464
0.0179999	0.25
0.01799999	1.0
0.018	16.62888861
0.01800025	2.0
0.0180437	0.1
0.01804589	16.66584469
0.01804698	10.0
0.01806159	0.888
0.0180812	0.0659047
0.01812996	0.2
0.01815998	6.18196072
0.01816073	0.03036475
0.01817155	1.04559049
0.0182	0.37
0.01820312	0.08783188
0.01826677	40.82453371
0.01826678	274.40523179
0.0182778	0.81389084
0.0183	0.22280103
0.01831791	0.25
0.0183371	0.0659047
0.0183513	0.28410397
0.01837062	0.08577569
0.0184	0.3503
0.01842997	16.89842155
0.01843	49.72807336
0.01846731	0.11881
0.0184991	0.38639457
0.0184999	0.25
0.01849999	4.6807492
0.0185	37.39846868
0.01850001	0.26422841
0.01851204	0.04275718
0.01851927	2.75398447
0.01854342	1.94795776
0.01854471	0.95
0.01856138	0.693
0.0186	1.00005
0.01860019	10.0
0.01861617	0.05975945
0.0186782	0.0659047
0.01869988	13.5
0.0187	6.10838651
0.01870255	25.3689
0.01874425	1.19113772
0.0188032	29.0
0.01889753	2.78360221
0.0189	20.2
0.01890274	0.21287916
0.01894	2.96037557
0.01894374	0.14340543
0.01895458	100.0
0.01896	0.13283917
0.0189999	0.25
0.019	71.62713241
0.01903225	41.90889511
0.01907107	10.0
0.01909811	4.98408753
0.0191268	15.0
0.01912876	0.85917886
0.01916251	0.64256827
0.019177	0.05775
0.0192	0.1779991
0.01922257	0.2
0.01925723	0.58091594
0.01925789	0.8415855
0.01737862	76.457
0.01737863	25.0
0.01737864	75.758
0.01738356	4.7e-07
0.01739998	9.94980959
0.0174	0.3201
0.01744697	0.314
0.01744698	0.19916841
0.01748407	0.14245319
0.0174999	0.25
0.0175	1.00137891
0.01752663	0.04516168
0.01755216	0.09876808
0.01755569	0.2885062
0.01756469	15.0
0.0175647	144.286
0.01756475	342.32
0.01759406	0.70817888
0.01759408	8.91813322
0.01759612	0.06534
0.01765406	0.36487236
0.01766553	227.255
0.01766562	1.31257936
0.01767999	2.93384579
0.01768005	3.07179557
0.01772102	0.62210033
0.0177461	0.18786944
0.01779385	83.71543883
0.01779386	0.04448291
0.0178	10.27964569
0.01787265	0.57666047
0.0179106	0.0659047
0.01791115	2.07
0.01795946	75.06464
0.0179999	0.25
0.01799999	1.0
0.018	16.62888861
0.01800025	2.0
0.0180437	0.1
0.01804589	16.66584469
0.01804698	10.0
0.01806159	0.888
0.0180812	0.0659047
0.01812996	0.2
0.01815998	6.18196072
0.01816073	0.03036475
0.01817155	1.04559049
0.0182	0.37
0.01820312	0.08783188
0.01826677	40.82453371
0.01826678	274.40523179
0.0182778	0.81389084
0.0183	0.22280103
0.01831791	0.25
0.0183371	0.0659047
0.0183513	0.28410397
0.01837062	0.08577569
0.0184	0.3503
0.01842997	16.89842155
0.01843	49.72807336
0.01846731	0.11881
0.0184991	0.38639457
0.0184999	0.25
0.01849999	4.6807492
0.0185	37.39846868
0.01850001	0.26422841
0.01851204	0.04275718
0.01851927	2.75398447
0.01854342	1.94795776
0.01854471	0.95
0.01856138	0.693
0.0186	1.00005
0.01860019	10.0
0.01861617	0.05975945
0.0186782	0.0659047
0.01869988	13.5
0.0187	6.10838651
0.01870255	25.3689
0.01874425	1.19113772
0.0188032	29.0
0.01889753	2.78360221
0.0189	20.2
0.01890274	0.21287916
0.01894	2.96037557
0.01894374	0.14340543
0.01895458	100.0
0.01896	0.13283917
0.0189999	0.25
0.019	71.62713241
0.01903225	41.90889511
0.01907107	10.0
0.01909811	4.98408753
0.0191268	15.0
0.01912876	0.85917886
0.01916251	0.64256827
0.019177	0.05775
0.0192	0.1779991
0.01922257	0.2
0.01925723	0.58091594
0.01925789	0.8415855
0.01737787	25.0
0.01737788	76.768
0.01737789	34.232
0.01738356	4.7e-07
0.01739998	9.94980959
0.0174	0.3201
0.01744697	0.314
0.01744698	0.19916841
0.01748407	0.14245319
0.0174999	0.25
0.0175	1.00137891
0.01752663	0.04516168
0.01755216	0.09876808
0.01755569	0.2885062
0.0175594	92.322
0.01755941	5.0
0.01756469	15.0
0.0175647	144.286
0.01756475	342.32
0.01759406	0.70817888
0.01759408	8.91813322
0.01759612	0.06534
0.01765406	0.36487236
0.01766553	227.255
0.01766562	1.31257936
0.01767999	2.93384579
0.01768005	3.07179557
0.01772102	0.62210033
0.01774609	83.71543883
0.0177461	0.18786944
0.01779386	0.04448291
0.0178	10.27964569
0.01787265	0.57666047
0.0179106	0.0659047
0.01791115	2.07
0.01795946	75.06464
0.0179999	0.25
0.01799999	1.0
0.018	16.62888861
0.01800025	2.0
0.0180437	0.1
0.01804589	16.66584469
0.01804698	10.0
0.01806159	0.888
0.0180812	0.0659047
0.01812996	0.2
0.01815998	6.18196072
0.01816073	0.03036475
0.01817155	1.04559049
0.0182	0.37
0.01820312	0.08783188
0.01826677	40.82453371
0.01826678	274.40523179
0.0182778	0.81389084
0.0183	0.22280103
0.01831791	0.25
0.0183371	0.0659047
0.0183513	0.28410397
0.01837062	0.08577569
0.0184	0.3503
0.01842997	16.89842155
0.01843	49.72807336
0.01846731	0.11881
0.0184991	0.38639457
0.0184999	0.25
0.01849999	4.6807492
0.0185	37.39846868
0.01850001	0.26422841
0.01851204	0.04275718
0.01851927	2.75398447
0.01854342	1.94795776
0.01854471	0.95
0.01856138	0.693
0.0186	1.00005
0.01860019	10.0
0.01861617	0.05975945
0.0186782	0.0659047
0.01869988	13.5
0.0187	6.10838651
0.01870255	25.3689
0.01874425	1.19113772
0.0188032	29.0
0.01889753	2.78360221
0.0189	20.2
0.01890274	0.21287916
0.01894	2.96037557
0.01894374	0.14340543
0.01895458	100.0
0.01896	0.13283917
0.0189999	0.25
0.019	71.62713241
0.01903225	41.90889511
0.01907107	10.0
0.01909811	4.98408753
0.0191268	15.0
0.01912876	0.85917886
0.01916251	0.64256827
0.019177	0.05775
0.0192	0.1779991
0.01922257	0.2
0.01713448	6.23024442
0.01737689	15.0
0.0173769	74.048
0.01737693	9.92033336
0.01738356	4.7e-07
0.0174	0.3201
0.01744697	0.314
0.01744698	0.19916841
0.01748407	0.14245319
0.0174999	0.25
0.0175	1.00137891
0.01752241	5.0
0.01752663	0.04516168
0.01755216	0.09876808
0.01755569	0.2885062
0.01756469	15.0
0.0175647	144.286
0.01756475	342.32
0.01759406	0.70817888
0.01759408	8.91813322
0.01759612	0.06534
0.01765406	0.36487236
0.01766553	227.255
0.01766562	1.31257936
0.01767999	2.93384579
0.01768005	3.07179557
0.01772102	0.62210033
0.0177461	0.18786944
0.01779386	0.04448291
0.0178	10.27964569
0.01787265	0.57666047
0.0179106	0.0659047
0.01791115	2.07
0.01795946	75.06464
0.0179999	83.96543883
0.01799999	1.0
0.018	16.62888861
0.01800025	2.0
0.0180437	0.1
0.01804589	16.66584469
0.01804698	10.0
0.01806159	0.888
0.0180812	0.0659047
0.01812996	0.2
0.01815998	6.18196072
0.01816073	0.03036475
0.01817155	1.04559049
0.0182	0.37
0.01820312	0.08783188
0.01826677	40.82453371
0.01826678	274.40523179
0.0182778	0.81389084
0.0183	0.22280103
0.01831791	0.25
0.0183371	0.0659047
0.0183513	0.28410397
0.01837062	0.08577569
0.0184	0.3503
0.01842997	16.89842155
0.01843	49.72807336
0.01846731	0.11881
0.0184991	0.38639457
0.0184999	0.25
0.01849999	4.6807492
0.0185	37.39846868
0.01850001	0.26422841
0.01851204	0.04275718
0.01851927	2.75398447
0.01854342	1.94795776
0.01854471	0.95
0.01856138	0.693
0.0186	1.00005
0.01860019	10.0
0.01861617	0.05975945
0.0186782	0.0659047
0.01869988	13.5
0.0187	6.10838651
0.01870255	25.3689
0.01874425	1.19113772
0.0188032	29.0
0.01889753	2.78360221
0.0189	20.2
0.01890274	0.21287916
0.01894	2.96037557
0.01894374	0.14340543
0.01895458	100.0
0.01896	0.13283917
0.0189999	0.25
0.019	71.62713241
0.01903225	41.90889511
0.01907107	10.0
0.01909811	4.98408753
0.0191268	15.0
0.01912876	0.85917886
0.01916251	0.64256827
0.019177	0.05775
0.0192	0.1779991
0.01922257	0.2
0.01925723	0.58091594
0.01925789	0.8415855
0.01737633	99.825
0.01737634	34.232
0.01737635	9.90813521
0.01738356	4.7e-07
0.0174	0.3201
0.01744697	0.314
0.01744698	0.19916841
0.01748407	0.14245319
0.01749988	92.63
0.0174999	0.25
0.0175	1.00137891
0.01752241	5.0
0.01752663	0.04516168
0.01755216	0.09876808
0.01755569	0.2885062
0.01756469	15.0
0.0175647	144.286
0.01756475	342.32
0.01759406	0.70817888
0.01759408	8.91813322
0.01759612	0.06534
0.01765406	0.36487236
0.01766562	1.31257936
0.01767999	2.93384579
0.01768005	3.07179557
0.01772102	0.62210033
0.0177461	0.18786944
0.01779386	0.04448291
0.0178	10.27964569
0.01787265	0.57666047
0.0179106	0.0659047
0.01791115	2.07
0.01795944	244.087
0.01795946	75.06464
0.0179999	0.25
0.01799999	1.0
0.018	16.62888861
0.01800025	2.0
0.0180437	0.1
0.01804589	16.66584469
0.01804698	10.0
0.01806159	0.888
0.0180812	0.0659047
0.01812996	0.2
0.01815998	6.18196072
0.01816073	0.03036475
0.01817155	1.04559049
0.0182	0.37
0.01820312	0.08783188
0.01826677	40.82453371
0.01826678	274.40523179
0.0182778	0.81389084
0.0183	0.22280103
0.01831791	0.25
0.0183371	0.0659047
0.0183513	0.28410397
0.01837062	0.08577569
0.0184	0.3503
0.01842997	16.89842155
0.01843	49.72807336
0.0184673	83.71543883
0.01846731	0.11881
0.0184991	0.38639457
0.0184999	0.25
0.01849999	4.6807492
0.0185	37.39846868
0.01850001	0.26422841
0.01851204	0.04275718
0.01851927	2.75398447
0.01854342	1.94795776
0.01854471	0.95
0.01856138	0.693
0.0186	1.00005
0.01860019	10.0
0.01861617	0.05975945
0.0186782	0.0659047
0.01869988	13.5
0.0187	6.10838651
0.01870255	25.3689
0.01874425	1.19113772
0.0188032	29.0
0.01889753	2.78360221
0.0189	20.2
0.01890274	0.21287916
0.01894	2.96037557
0.01894374	0.14340543
0.01895458	100.0
0.01896	0.13283917
0.0189999	0.25
0.019	71.62713241
0.01903225	41.90889511
0.01907107	10.0
0.01909811	4.98408753
0.0191268	15.0
0.01912876	0.85917886
0.01916251	0.64256827
0.019177	0.05775
0.0192	0.1779991
0.01922257	0.2
0.01925723	0.58091594
0.01737531	72.183
0.01737532	118.603
0.01737534	8.77447299
0.0173754	34.232
0.01737545	20.0
0.01738356	4.7e-07
0.01739998	9.89468902
0.0174	0.3201
0.01744697	0.314
0.01744698	0.19916841
0.01748407	0.14245319
0.0174999	0.25
0.0175	1.00137891
0.01752663	0.04516168
0.01755216	0.09876808
0.01755569	0.2885062
0.01756469	15.0
0.0175647	144.286
0.01756474	10.0
0.01756475	342.32
0.01759406	0.70817888
0.01759408	8.91813322
0.01759612	0.06534
0.01765406	0.36487236
0.01766562	1.31257936
0.01767999	2.93384579
0.01768005	3.07179557
0.01772102	0.62210033
0.0177461	0.18786944
0.01779386	0.04448291
0.0178	10.27964569
0.01787265	0.57666047
0.0179106	0.0659047
0.01791115	2.07
0.01795944	244.087
0.01795946	75.06464
0.0179999	0.25
0.01799999	1.0
0.018	16.62888861
0.01800025	2.0
0.0180437	0.1
0.01804589	16.66584469
0.01804698	10.0
0.01806159	0.888
0.0180812	0.0659047
0.01812996	0.2
0.01815998	6.18196072
0.01816073	0.03036475
0.01817155	1.04559049
0.0182	0.37
0.01820312	0.08783188
0.01826677	40.82453371
0.01826678	274.40523179
0.0182778	0.81389084
0.0183	0.22280103
0.01831791	0.25
0.0183371	0.0659047
0.0183513	0.28410397
0.01837062	0.08577569
0.0184	0.3503
0.01842997	16.89842155
0.01843	49.72807336
0.0184673	83.71543883
0.01846731	0.11881
0.0184991	0.38639457
0.0184999	0.25
0.01849999	4.6807492
0.0185	37.39846868
0.01850001	0.26422841
0.01851204	0.04275718
0.01851927	2.75398447
0.01854342	1.94795776
0.01854471	0.95
0.01856138	0.693
0.0186	1.00005
0.01860019	10.0
0.01861617	0.05975945
0.0186782	0.0659047
0.01869988	13.5
0.0187	6.10838651
0.01870255	25.3689
0.01874425	1.19113772
0.0188032	29.0
0.01889753	2.78360221
0.0189	20.2
0.01890274	0.21287916
0.01894	2.96037557
0.01894374	0.14340543
0.01895458	100.0
0.01896	0.13283917
0.0189999	0.25
0.019	71.62713241
0.01903225	41.90889511
0.01907107	10.0
0.01909811	4.98408753
0.0191268	15.0
0.01912876	0.85917886
0.01916251	0.64256827
0.019177	0.05775
0.0192	0.1779991
0.01737418	104.594
0.01737419	74.204
0.01737427	34.232
0.01738356	4.7e-07
0.01739998	9.89468902
0.0174	0.3201
0.01744697	0.314
0.01744698	0.19916841
0.01748407	0.14245319
0.0174999	0.25
0.0175	1.00137891
0.01752177	5.0
0.01752663	0.04516168
0.01755211	15.0
0.01755212	143.483
0.01755216	0.09876808
0.01755569	0.2885062
0.01756475	342.32
0.01759406	0.70817888
0.01759408	8.91813322
0.01759612	0.06534
0.01765406	0.36487236
0.01766562	1.31257936
0.01767999	2.93384579
0.01772102	0.62210033
0.0177461	0.18786944
0.01779386	0.04448291
0.0178	10.27964569
0.01787265	0.57666047
0.01791053	83.71543883
0.01791054	238.988
0.0179106	0.0659047
0.01791115	2.07
0.01795946	75.06464
0.0179999	0.25
0.01799999	1.0
0.018	16.62888861
0.01800025	2.0
0.0180437	0.1
0.01804589	16.66584469
0.01804698	10.0
0.01806159	0.888
0.0180812	0.0659047
0.01812996	0.2
0.01815998	6.18196072
0.01816073	0.03036475
0.01817155	1.04559049
0.0182	0.37
0.01820312	0.08783188
0.01826677	40.82453371
0.01826678	274.40523179
0.0182778	0.81389084
0.0183	0.22280103
0.01831791	0.25
0.0183371	0.0659047
0.0183513	0.28410397
0.01837062	0.08577569
0.0184	0.3503
0.01842997	16.89842155
0.01843	49.72807336
0.01846731	0.11881
0.0184991	0.38639457
0.0184999	0.25
0.01849999	4.6807492
0.0185	37.39846868
0.01850001	0.26422841
0.01851204	0.04275718
0.01851927	2.75398447
0.01854342	1.94795776
0.01854471	0.95
0.01856138	0.693
0.0186	1.00005
0.01860019	10.0
0.01861617	0.05975945
0.0186782	0.0659047
0.01869988	13.5
0.0187	6.10838651
0.01870255	25.3689
0.01874425	1.19113772
0.0188032	29.0
0.01889753	2.78360221
0.0189	20.2
0.01890274	0.21287916
0.01894	2.96037557
0.01894374	0.14340543
0.01895458	100.0
0.01896	0.13283917
0.0189999	0.25
0.019	71.62713241
0.01903225	41.90889511
0.01907107	10.0
0.01909811	4.98408753
0.0191268	15.0
0.01912876	0.85917886
0.01916251	0.64256827
0.019177	0.05775
0.0192	0.1779991
0.01922257	0.2
0.01925723	0.58091594
0.01925789	0.8415855
0.01737293	119.048
0.01737294	86.229
0.01737295	8.77447299
0.01738356	4.7e-07
0.01739998	9.89468902
0.0174	0.3201
0.01744697	0.314
0.01744698	0.19916841
0.01748407	0.14245319
0.0174999	0.25
0.0175	1.00137891
0.01752177	5.0
0.01752663	0.04516168
0.01755211	15.0
0.01755212	143.483
0.01755216	0.09876808
0.01755569	0.2885062
0.01756469	10.0
0.01756475	342.32
0.01759406	0.70817888
0.01759408	8.91813322
0.01759612	0.06534
0.01765406	0.36487236
0.01766562	1.31257936
0.01767999	2.93384579
0.01768005	3.07179557
0.01772102	0.62210033
0.0177461	0.18786944
0.01779386	0.04448291
0.0178	10.27964569
0.01787265	0.57666047
0.0179106	0.0659047
0.01791115	2.07
0.01795945	234.286
0.01795946	75.06464
0.0179999	0.25
0.01799999	1.0
0.018	16.62888861
0.01800025	2.0
0.0180437	0.1
0.01804589	16.66584469
0.01804698	10.0
0.01806159	0.888
0.0180812	0.0659047
0.01812996	0.2
0.01815998	6.18196072
0.01816073	0.03036475
0.01817155	1.04559049
0.0182	0.37
0.01820312	0.08783188
0.01826677	40.82453371
0.01826678	274.40523179
0.0182778	0.81389084
0.0183	0.22280103
0.01831791	0.25
0.0183371	0.0659047
0.0183513	0.28410397
0.01837062	0.08577569
0.0184	0.3503
0.01842997	16.89842155
0.01843	49.72807336
0.0184673	83.71543883
0.01846731	0.11881
0.0184991	0.38639457
0.0184999	0.25
0.01849999	4.6807492
0.0185	37.39846868
0.01850001	0.26422841
0.01851204	0.04275718
0.01851927	2.75398447
0.01854342	1.94795776
0.01854471	0.95
0.01856138	0.693
0.0186	1.00005
0.01860019	10.0
0.01861617	0.05975945
0.0186782	0.0659047
0.01869988	13.5
0.0187	6.10838651
0.01870255	25.3689
0.01874425	1.19113772
0.0188032	29.0
0.01889753	2.78360221
0.0189	20.2
0.01890274	0.21287916
0.01894	2.96037557
0.01894374	0.14340543
0.01895458	100.0
0.01896	0.13283917
0.0189999	0.25
0.019	71.62713241
0.01903225	41.90889511
0.01907107	10.0
0.01909811	4.98408753
0.0191268	15.0
0.01912876	0.85917886
0.01916251	0.64256827
0.019177	0.05775
0.0192	0.1779991
0.01922257	0.2
0.01737167	8.77447299
0.01737172	76.457
0.01737173	113.264
0.01737212	34.232
0.01738355	9.90404095
0.01738356	4.7e-07
0.0174	0.3201
0.01744697	0.314
0.01744698	0.19916841
0.01748407	0.14245319
0.0174999	0.25
0.0175	1.00137891
0.01752663	0.04516168
0.01755211	15.0
0.01755212	143.483
0.01755216	0.09876808
0.01755569	0.2885062
0.01756474	10.0
0.01756475	342.32
0.01759406	0.70817888
0.01759408	8.91813322
0.01759612	0.06534
0.01765406	0.36487236
0.01766562	1.31257936
0.01767999	2.93384579
0.01768005	3.07179557
0.01772102	0.62210033
0.01774607	83.71543883
0.01774608	238.916
0.0177461	0.18786944
0.01779386	0.04448291
0.0178	10.27964569
0.01787265	0.57666047
0.0179106	0.0659047
0.01791115	2.07
0.01795946	75.06464
0.0179999	0.25
0.01799999	1.0
0.018	16.62888861
0.01800025	2.0
0.0180437	0.1
0.01804589	16.66584469
0.01804698	10.0
0.01806159	0.888
0.0180812	0.0659047
0.01812996	0.2
0.01815998	6.18196072
0.01816073	0.03036475
0.01817155	1.04559049
0.0182	0.37
0.01820312	0.08783188
0.01826677	40.82453371
0.01826678	274.40523179
0.0182778	0.81389084
0.0183	0.22280103
0.01831791	0.25
0.0183371	0.0659047
0.0183513	0.28410397
0.01837062	0.08577569
0.0184	0.3503
0.01842997	16.89842155
0.01843	49.72807336
0.01846731	0.11881
0.0184991	0.38639457
0.0184999	0.25
0.01849999	4.6807492
0.0185	37.39846868
0.01850001	0.26422841
0.01851204	0.04275718
0.01851927	2.75398447
0.01854342	1.94795776
0.01854471	0.95
0.01856138	0.693
0.0186	1.00005
0.01860019	10.0
0.01861617	0.05975945
0.0186782	0.0659047
0.01869988	13.5
0.0187	6.10838651
0.01870255	25.3689
0.01874425	1.19113772
0.0188032	29.0
0.01889753	2.78360221
0.0189	20.2
0.01890274	0.21287916
0.01894	2.96037557
0.01894374	0.14340543
0.01895458	100.0
0.01896	0.13283917
0.0189999	0.25
0.019	71.62713241
0.01903225	41.90889511
0.01907107	10.0
0.01909811	4.98408753
0.0191268	15.0
0.01912876	0.85917886
0.01916251	0.64256827
0.019177	0.05775
0.0192	0.1779991
0.01922257	0.2
0.01737053	8.77447299
0.0173706	73.193
0.01738356	4.7e-07
0.01739998	9.89468902
0.0174	0.3201
0.01744697	0.314
0.01744698	0.19916841
0.01745102	5.0
0.01748407	0.14245319
0.0174999	0.25
0.0175	1.00137891
0.0175266	90.794
0.01752661	342.32
0.01752663	0.04516168
0.01755216	0.09876808
0.01755569	0.2885062
0.01759408	8.91813322
0.01759612	0.06534
0.01765406	0.36487236
0.01766562	1.31257936
0.01767999	2.93384579
0.01768005	3.07179557
0.01771952	224.52743883
0.017721	229.697
0.01772102	0.62210033
0.0177461	0.18786944
0.01779386	0.04448291
0.0178	10.27964569
0.01787265	0.57666047
0.01789528	75.06464
0.0179106	0.0659047
0.01791115	2.07
0.0179999	0.25
0.01799999	1.0
0.018	16.62888861
0.01800025	2.0
0.0180437	0.1
0.01804589	16.66584469
0.01804698	10.0
0.01806159	0.888
0.0180812	0.0659047
0.01812996	0.2
0.01815998	6.18196072
0.01816073	0.03036475
0.01817155	1.04559049
0.0182	0.37
0.01820312	0.08783188
0.01826677	40.82453371
0.01826678	274.40523179
0.0182778	0.81389084
0.0183	0.22280103
0.01831791	0.25
0.0183371	0.0659047
0.0183513	0.28410397
0.01837062	0.08577569
0.0184	0.3503
0.01842997	16.89842155
0.01843	49.72807336
0.01846731	0.11881
0.0184991	0.38639457
0.0184999	0.25
0.01849999	4.6807492
0.0185	37.39846868
0.01850001	0.26422841
0.01851204	0.04275718
0.01851927	2.75398447
0.01854342	1.94795776
0.01854471	0.95
0.01856138	0.693
0.0186	1.00005
0.01860019	10.0
0.01861617	0.05975945
0.0186782	0.0659047
0.01869988	13.5
0.0187	6.10838651
0.01870255	25.3689
0.01874425	1.19113772
0.0188032	29.0
0.01889753	2.78360221
0.0189	20.2
0.01890274	0.21287916
0.01894	2.96037557
0.01894374	0.14340543
0.01895458	100.0
0.01896	0.13283917
0.0189999	0.25
0.019	71.62713241
0.01903225	41.90889511
0.01907107	10.0
0.01909811	4.98408753
0.0191268	15.0
0.01912876	0.85917886
0.01916251	0.64256827
0.019177	0.05775
0.0192	0.1779991
0.01922257	0.2
0.01925723	0.58091594
0.01925789	0.8415855
0.0192814	0.2
0.01929777	0.076
0.01736942	8.77447299
0.01736949	69.93
0.01736964	34.232
0.01738356	4.7e-07
0.01739998	9.89468902
0.0174	0.3201
0.01744697	0.314
0.01744698	0.19916841
0.01748407	0.14245319
0.0174999	0.25
0.0175	1.00137891
0.01752657	93.789
0.01752661	342.32
0.01752663	0.04516168
0.01755216	0.09876808
0.01755569	0.2885062
0.01759406	0.70817888
0.01759408	8.91813322
0.01759612	0.06534
0.01765406	0.36487236
0.01766558	149.893
0.01766562	1.31257936
0.01767999	2.93384579
0.01772099	3.07179557
0.01772101	83.71543883
0.01772102	0.62210033
0.0177461	0.18786944
0.01779386	0.04448291
0.0178	10.27964569
0.01787265	0.57666047
0.01789526	240.11
0.01789528	75.06464
0.0179106	0.0659047
0.01791115	2.07
0.0179999	0.25
0.01799999	1.0
0.018	16.62888861
0.01800025	2.0
0.0180437	0.1
0.01804589	16.66584469
0.01804698	10.0
0.01806159	0.888
0.0180812	0.0659047
0.01812996	0.2
0.01815998	6.18196072
0.01816073	0.03036475
0.01817155	1.04559049
0.0182	0.37
0.01820312	0.08783188
0.01826677	40.82453371
0.01826678	274.40523179
0.0182778	0.81389084
0.0183	0.22280103
0.01831791	0.25
0.0183371	0.0659047
0.0183513	0.28410397
0.01837062	0.08577569
0.0184	0.3503
0.01842997	16.89842155
0.01843	49.72807336
0.01846731	0.11881
0.0184991	0.38639457
0.0184999	0.25
0.01849999	4.6807492
0.0185	37.39846868
0.01850001	0.26422841
0.01851204	0.04275718
0.01851927	2.75398447
0.01854342	1.94795776
0.01854471	0.95
0.01856138	0.693
0.0186	1.00005
0.01860019	10.0
0.01861617	0.05975945
0.0186782	0.0659047
0.01869988	13.5
0.0187	6.10838651
0.01870255	25.3689
0.01874425	1.19113772
0.0188032	29.0
0.01889753	2.78360221
0.0189	20.2
0.01890274	0.21287916
0.01894	2.96037557
0.01894374	0.14340543
0.01895458	100.0
0.01896	0.13283917
0.0189999	0.25
0.019	71.62713241
0.01903225	41.90889511
0.01907107	10.0
0.01909811	4.98408753
0.0191268	15.0
0.01912876	0.85917886
0.01916251	0.64256827
0.019177	0.05775
0.0192	0.1779991
0.01922257	0.2
0.01925723	0.58091594
0.01925789	0.8415855
0.01736878	73.426
0.01738356	4.7e-07
0.01739998	9.89468902
0.0174	0.3201
0.01744696	34.232
0.01744697	0.314
0.01744698	0.19916841
0.01748407	0.14245319
0.0174999	0.25
0.0175	1.00137891
0.01750871	5.0
0.01752663	0.04516168
0.01755216	0.09876808
0.01755569	0.2885062
0.01759403	0.70817888
0.01759405	88.891
0.01759408	8.91813322
0.01759612	0.06534
0.01765406	0.36487236
0.01766556	144.033
0.01766562	1.31257936
0.01767999	2.93384579
0.01769506	3.07179557
0.01769508	342.32
0.01772102	0.62210033
0.0177461	0.18786944
0.01779386	0.04448291
0.0178	10.27964569
0.01787264	83.71543883
0.01787265	0.57666047
0.0179106	0.0659047
0.01791115	2.07
0.01799989	228.212
0.0179999	0.25
0.01799999	1.0
0.018	16.62888861
0.01800025	2.0
0.0180437	0.1
0.01804589	16.66584469
0.01804698	10.0
0.01806159	0.888
0.01807345	75.06464
0.0180812	0.0659047
0.01812996	0.2
0.01815998	6.18196072
0.01816073	0.03036475
0.01817155	1.04559049
0.0182	0.37
0.01820312	0.08783188
0.01826677	40.82453371
0.01826678	274.40523179
0.0182778	0.81389084
0.0183	0.22280103
0.01831791	0.25
0.0183371	0.0659047
0.0183513	0.28410397
0.01837062	0.08577569
0.0184	0.3503
0.01842997	16.89842155
0.01843	49.72807336
0.01846731	0.11881
0.0184991	0.38639457
0.0184999	0.25
0.01849999	4.6807492
0.0185	37.39846868
0.01850001	0.26422841
0.01851204	0.04275718
0.01851927	2.75398447
0.01854342	1.94795776
0.01854471	0.95
0.01856138	0.693
0.0186	1.00005
0.01860019	10.0
0.01861617	0.05975945
0.0186782	0.0659047
0.01869988	13.5
0.0187	6.10838651
0.01870255	25.3689
0.01874425	1.19113772
0.0188032	29.0
0.01889753	2.78360221
0.0189	20.2
0.01890274	0.21287916
0.01894	2.96037557
0.01894374	0.14340543
0.01895458	100.0
0.01896	0.13283917
0.0189999	0.25
0.019	71.62713241
0.01903225	41.90889511
0.01907107	10.0
0.01909811	4.98408753
0.0191268	15.0
0.01912876	0.85917886
0.01916251	0.64256827
0.019177	0.05775
0.0192	0.1779991
0.01922257	0.2
0.01925723	0.58091594
0.01925789	0.8415855
0.0173687	76.845
0.01738356	4.7e-07
0.01739998	9.89468902
0.0174	0.3201
0.01744696	34.232
0.01744697	0.314
0.01744698	0.19916841
0.01748407	0.14245319
0.0174999	0.25
0.0175	1.00137891
0.01752663	0.04516168
0.01755216	0.09876808
0.01755569	0.2885062
0.01759402	88.969
0.01759408	8.91813322
0.01759612	0.06534
0.01765406	0.36487236
0.01765704	5.0
0.01766556	144.033
0.01766562	1.31257936
0.01767999	2.93384579
0.01769506	3.07179557
0.01769508	342.32
0.01772102	0.62210033
0.0177461	0.18786944
0.01779386	0.04448291
0.0178	10.27964569
0.01787264	83.71543883
0.01787265	0.57666047
0.0179106	0.0659047
0.01791115	2.07
0.01799989	228.212
0.0179999	0.25
0.01799999	1.0
0.018	16.62888861
0.01800025	2.0
0.0180437	0.1
0.01804589	16.66584469
0.01804698	10.0
0.01806159	0.888
0.01807345	75.06464
0.0180812	0.0659047
0.01812996	0.2
0.01815998	6.18196072
0.01816073	0.03036475
0.01817155	1.04559049
0.0182	0.37
0.01820312	0.08783188
0.01826677	40.82453371
0.01826678	274.40523179
0.0182778	0.81389084
0.0183	0.22280103
0.01831791	0.25
0.0183371	0.0659047
0.0183513	0.28410397
0.01837062	0.08577569
0.0184	0.3503
0.01842997	16.89842155
0.01843	49.72807336
0.01846731	0.11881
0.0184991	0.38639457
0.0184999	0.25
0.01849999	4.6807492
0.0185	37.39846868
0.01850001	0.26422841
0.01851204	0.04275718
0.01851927	2.75398447
0.01854342	1.94795776
0.01854471	0.95
0.01856138	0.693
0.0186	1.00005
0.01860019	10.0
0.01861617	0.05975945
0.0186782	0.0659047
0.01869988	13.5
0.0187	6.10838651
0.01870255	25.3689
0.01874425	1.19113772
0.0188032	29.0
0.01889753	2.78360221
0.0189	20.2
0.01890274	0.21287916
0.01894	2.96037557
0.01894374	0.14340543
0.01895458	100.0
0.01896	0.13283917
0.0189999	0.25
0.019	71.62713241
0.01903225	41.90889511
0.01907107	10.0
0.01909811	4.98408753
0.0191268	15.0
0.01912876	0.85917886
0.01916251	0.64256827
0.019177	0.05775
0.0192	0.1779991
0.01922257	0.2
0.01925723	0.58091594
0.01925789	0.8415855
0.0192814	0.2
0.01736866	72.183
0.01738356	4.7e-07
0.01739999	34.232
0.0174	0.3201
0.01744694	86.707
0.01744695	9.86805093
0.01744697	0.314
0.01744698	0.19916841
0.01748407	0.14245319
0.0174999	0.25
0.0175	1.00137891
0.01752663	0.04516168
0.01755216	0.09876808
0.01755569	0.2885062
0.01759399	0.70817888
0.01759408	8.91813322
0.01759612	0.06534
0.01765406	0.36487236
0.01765704	5.0
0.01766555	15.0
0.01766556	144.033
0.01766562	1.31257936
0.01767999	2.93384579
0.01769506	3.07179557
0.01769508	342.32
0.0177461	0.18786944
0.01779386	0.04448291
0.0178	10.27964569
0.01787264	83.71543883
0.01787265	0.57666047
0.0179106	0.0659047
0.01791115	2.07
0.01799989	228.212
0.0179999	0.25
0.01799999	1.0
0.018	16.62888861
0.01800025	2.0
0.0180437	0.1
0.01804589	16.66584469
0.01804698	10.0
0.01806159	0.888
0.01807345	75.06464
0.0180812	0.0659047
0.01812996	0.2
0.01815998	6.18196072
0.01816073	0.03036475
0.01817155	1.04559049
0.0182	0.37
0.01820312	0.08783188
0.01826677	40.82453371
0.01826678	274.40523179
0.0182778	0.81389084
0.0183	0.22280103
0.01831791	0.25
0.0183371	0.0659047
0.0183513	0.28410397
0.01837062	0.08577569
0.0184	0.3503
0.01842997	16.89842155
0.01843	49.72807336
0.01846731	0.11881
0.0184991	0.38639457
0.0184999	0.25
0.01849999	4.6807492
0.0185	37.39846868
0.01850001	0.26422841
0.01851204	0.04275718
0.01851927	2.75398447
0.01854342	1.94795776
0.01854471	0.95
0.01856138	0.693
0.0186	1.00005
0.01860019	10.0
0.01861617	0.05975945
0.0186782	0.0659047
0.01869988	13.5
0.0187	6.10838651
0.01870255	25.3689
0.01874425	1.19113772
0.0188032	29.0
0.01889753	2.78360221
0.0189	20.2
0.01890274	0.21287916
0.01894	2.96037557
0.01894374	0.14340543
0.01895458	100.0
0.01896	0.13283917
0.0189999	0.25
0.019	71.62713241
0.01903225	41.90889511
0.01907107	10.0
0.01909811	4.98408753
0.0191268	15.0
0.01912876	0.85917886
0.01916251	0.64256827
0.019177	0.05775
0.0192	0.1779991
0.01922257	0.2
0.01925723	0.58091594
0.01925789	0.8415855
0.01736848	73.038
0.01736849	34.232
0.01738356	4.7e-07
0.0174	0.3201
0.01744697	0.314
0.01744698	0.19916841
0.01748406	9.84710594
0.01748407	0.14245319
0.0174999	0.25
0.0175	1.00137891
0.01752663	0.04516168
0.01755212	90.91
0.01755216	0.09876808
0.01755568	342.32
0.01755569	0.2885062
0.01759406	0.70817888
0.01759408	8.91813322
0.01759612	0.06534
0.01765406	0.36487236
0.01766562	1.31257936
0.01767999	2.93384579
0.01774607	3.6938959
0.01774609	147.952
0.0177461	0.18786944
0.01779386	0.04448291
0.0178	10.27964569
0.0178726	83.71543883
0.01787261	228.12
0.01787265	0.57666047
0.0179106	0.0659047
0.01791115	2.07
0.01792141	75.06464
0.0179999	0.25
0.01799999	1.0
0.018	16.62888861
0.01800025	2.0
0.0180437	0.1
0.01804589	16.66584469
0.01804698	10.0
0.01806159	0.888
0.0180812	0.0659047
0.01812996	0.2
0.01815998	6.18196072
0.01816073	0.03036475
0.01817155	1.04559049
0.0182	0.37
0.01820312	0.08783188
0.01826677	40.82453371
0.01826678	274.40523179
0.0182778	0.81389084
0.0183	0.22280103
0.01831791	0.25
0.0183371	0.0659047
0.0183513	0.28410397
0.01837062	0.08577569
0.0184	0.3503
0.01842997	16.89842155
0.01843	49.72807336
0.01846731	0.11881
0.0184991	0.38639457
0.0184999	0.25
0.01849999	4.6807492
0.0185	37.39846868
0.01850001	0.26422841
0.01851204	0.04275718
0.01851927	2.75398447
0.01854342	1.94795776
0.01854471	0.95
0.01856138	0.693
0.0186	1.00005
0.01860019	10.0
0.01861617	0.05975945
0.0186782	0.0659047
0.01869988	13.5
0.0187	6.10838651
0.01870255	25.3689
0.01874425	1.19113772
0.0188032	29.0
0.01889753	2.78360221
0.0189	20.2
0.01890274	0.21287916
0.01894	2.96037557
0.01894374	0.14340543
0.01895458	100.0
0.01896	0.13283917
0.0189999	0.25
0.019	71.62713241
0.01903225	41.90889511
0.01907107	10.0
0.01909811	4.98408753
0.0191268	15.0
0.01912876	0.85917886
0.01916251	0.64256827
0.019177	0.05775
0.0192	0.1779991
0.01922257	0.2
0.01925723	0.58091594
0.01925789	0.8415855
0.0192814	0.2
0.01929777	0.076
0.01736794	10.0
0.01736795	74.747
0.01738356	4.7e-07
0.0174	0.3201
0.01744697	0.314
0.01744698	0.19916841
0.01748406	9.84710594
0.01748407	0.14245319
0.0174999	0.25
0.0175	1.00137891
0.01752663	0.04516168
0.01755211	85.649
0.01755216	0.09876808
0.01755568	342.32
0.01755569	0.2885062
0.0175595	5.0
0.01759406	0.70817888
0.01759408	8.91813322
0.01759612	0.06534
0.01765406	0.36487236
0.01766562	1.31257936
0.01767999	2.93384579
0.01774604	3.6938959
0.01774606	240.844
0.0177461	0.18786944
0.01779386	0.04448291
0.01779997	83.71543883
0.01779998	151.693
0.0178	10.27964569
0.01787265	0.57666047
0.0179106	0.0659047
0.01791115	2.07
0.01792141	75.06464
0.0179999	0.25
0.01799999	1.0
0.018	16.62888861
0.01800025	2.0
0.0180437	0.1
0.01804589	16.66584469
0.01804698	10.0
0.01806159	0.888
0.0180812	0.0659047
0.01812996	0.2
0.01815998	6.18196072
0.01816073	0.03036475
0.01817155	1.04559049
0.0182	0.37
0.01820312	0.08783188
0.01826677	40.82453371
0.01826678	274.40523179
0.0182778	0.81389084
0.0183	0.22280103
0.01831791	0.25
0.0183371	0.0659047
0.0183513	0.28410397
0.01837062	0.08577569
0.0184	0.3503
0.01842997	16.89842155
0.01843	49.72807336
0.01846731	0.11881
0.0184991	0.38639457
0.0184999	0.25
0.01849999	4.6807492
0.0185	37.39846868
0.01850001	0.26422841
0.01851204	0.04275718
0.01851927	2.75398447
0.01854342	1.94795776
0.01854471	0.95
0.01856138	0.693
0.0186	1.00005
0.01860019	10.0
0.01861617	0.05975945
0.0186782	0.0659047
0.01869988	13.5
0.0187	6.10838651
0.01870255	25.3689
0.01874425	1.19113772
0.0188032	29.0
0.01889753	2.78360221
0.0189	20.2
0.01890274	0.21287916
0.01894	2.96037557
0.01894374	0.14340543
0.01895458	100.0
0.01896	0.13283917
0.0189999	0.25
0.019	71.62713241
0.01903225	41.90889511
0.01907107	10.0
0.01909811	4.98408753
0.0191268	15.0
0.01912876	0.85917886
0.01916251	0.64256827
0.019177	0.05775
0.0192	0.1779991
0.01922257	0.2
0.01925723	0.58091594
0.01925789	0.8415855
0.0192814	0.2
0.01736752	10.0
0.01736753	76.534
0.0173678	34.232
0.01738356	4.7e-07
0.0174	0.3201
0.01744697	0.314
0.01744698	0.19916841
0.01748406	9.84710594
0.01748407	0.14245319
0.0174999	0.25
0.0175	1.00137891
0.01752663	0.04516168
0.01755215	91.476
0.01755216	0.09876808
0.01755568	342.32
0.01755569	0.2885062
0.0175595	5.0
0.01759406	0.70817888
0.01759408	8.91813322
0.01759612	0.06534
0.01765406	0.36487236
0.01766562	1.31257936
0.01767999	2.93384579
0.01774597	140.353
0.01774598	0.62210033
0.01774606	240.844
0.0177461	0.18786944
0.01779386	0.04448291
0.01779999	83.71543883
0.0178	10.27964569
0.01787265	0.57666047
0.0179106	0.0659047
0.01791115	2.07
0.01792141	75.06464
0.0179999	0.25
0.01799999	1.0
0.018	16.62888861
0.01800025	2.0
0.0180437	0.1
0.01804589	16.66584469
0.01804698	10.0
0.01806159	0.888
0.0180812	0.0659047
0.01812996	0.2
0.01815998	6.18196072
0.01816073	0.03036475
0.01817155	1.04559049
0.0182	0.37
0.01820312	0.08783188
0.01826677	40.82453371
0.01826678	274.40523179
0.0182778	0.81389084
0.0183	0.22280103
0.01831791	0.25
0.0183371	0.0659047
0.0183513	0.28410397
0.01837062	0.08577569
0.0184	0.3503
0.01842997	16.89842155
0.01843	49.72807336
0.01846731	0.11881
0.0184991	0.38639457
0.0184999	0.25
0.01849999	4.6807492
0.0185	37.39846868
0.01850001	0.26422841
0.01851204	0.04275718
0.01851927	2.75398447
0.01854342	1.94795776
0.01854471	0.95
0.01856138	0.693
0.0186	1.00005
0.01860019	10.0
0.01861617	0.05975945
0.0186782	0.0659047
0.01869988	13.5
0.0187	6.10838651
0.01870255	25.3689
0.01874425	1.19113772
0.0188032	29.0
0.01889753	2.78360221
0.0189	20.2
0.01890274	0.21287916
0.01894	2.96037557
0.01894374	0.14340543
0.01895458	100.0
0.01896	0.13283917
0.0189999	0.25
0.019	71.62713241
0.01903225	41.90889511
0.01907107	10.0
0.01909811	4.98408753
0.0191268	15.0
0.01912876	0.85917886
0.01916251	0.64256827
0.019177	0.05775
0.0192	0.1779991
0.01922257	0.2
0.01925723	0.58091594
0.01925789	0.8415855
0.01736711	69.619
0.01736712	10.0
0.01736714	34.232
0.01738356	4.7e-07
0.0174	0.3201
0.01744697	0.314
0.01744698	0.19916841
0.01748406	9.84710594
0.01748407	0.14245319
0.0174999	0.25
0.0175	1.00137891
0.01752663	0.04516168
0.01755214	92.798
0.01755216	0.09876808
0.01755567	159.923
0.01755568	342.32
0.01755569	0.2885062
0.0175595	5.0
0.01759406	0.70817888
0.01759408	8.91813322
0.01759612	0.06534
0.01765406	0.36487236
0.01766562	1.31257936
0.01767999	2.93384579
0.01774602	0.62210033
0.01774606	240.844
0.0177461	0.18786944
0.01779386	0.04448291
0.01779995	83.71543883
0.0178	10.27964569
0.01787265	0.57666047
0.0179106	0.0659047
0.01791115	2.07
0.01792141	75.06464
0.0179999	0.25
0.01799999	1.0
0.018	16.62888861
0.01800025	2.0
0.0180437	0.1
0.01804589	16.66584469
0.01804698	10.0
0.01806159	0.888
0.0180812	0.0659047
0.01812996	0.2
0.01815998	6.18196072
0.01816073	0.03036475
0.01817155	1.04559049
0.0182	0.37
0.01820312	0.08783188
0.01826677	40.82453371
0.01826678	274.40523179
0.0182778	0.81389084
0.0183	0.22280103
0.01831791	0.25
0.0183371	0.0659047
0.0183513	0.28410397
0.01837062	0.08577569
0.0184	0.3503
0.01842997	16.89842155
0.01843	49.72807336
0.01846731	0.11881
0.0184991	0.38639457
0.0184999	0.25
0.01849999	4.6807492
0.0185	37.39846868
0.01850001	0.26422841
0.01851204	0.04275718
0.01851927	2.75398447
0.01854342	1.94795776
0.01854471	0.95
0.01856138	0.693
0.0186	1.00005
0.01860019	10.0
0.01861617	0.05975945
0.0186782	0.0659047
0.01869988	13.5
0.0187	6.10838651
0.01870255	25.3689
0.01874425	1.19113772
0.0188032	29.0
0.01889753	2.78360221
0.0189	20.2
0.01890274	0.21287916
0.01894	2.96037557
0.01894374	0.14340543
0.01895458	100.0
0.01896	0.13283917
0.0189999	0.25
0.019	71.62713241
0.01903225	41.90889511
0.01907107	10.0
0.01909811	4.98408753
0.0191268	15.0
0.01916251	0.64256827
0.019177	0.05775
0.0192	0.1779991
0.01922257	0.2
0.01925723	0.58091594
0.01925789	0.8415855
0.0192814	0.2
0.01736637	74.048
0.01736638	113.418
0.01736641	8.77447299
0.01736643	9.90202879
0.01738356	4.7e-07
0.0174	0.3201
0.01744697	0.314
0.01744698	0.19916841
0.01748407	0.14245319
0.0174999	0.25
0.0175	1.00137891
0.01752663	0.04516168
0.01755216	0.09876808
0.01755566	15.0
0.01755567	144.923
0.01755568	342.32
0.01755569	0.2885062
0.01759406	0.70817888
0.01759408	8.91813322
0.01759612	0.06534
0.01765406	0.36487236
0.01766562	1.31257936
0.01767999	2.93384579
0.01774604	3.6938959
0.01774605	83.71543883
0.01774606	240.844
0.0177461	0.18786944
0.01779386	0.04448291
0.0178	10.27964569
0.01787265	0.57666047
0.0179106	0.0659047
0.01791115	2.07
0.01792141	75.06464
0.0179999	0.25
0.01799999	1.0
0.018	16.62888861
0.01800025	2.0
0.0180437	0.1
0.01804589	16.66584469
0.01804698	10.0
0.01806159	0.888
0.0180812	0.0659047
0.01812996	0.2
0.01815998	6.18196072
0.01816073	0.03036475
0.01817155	1.04559049
0.0182	0.37
0.01820312	0.08783188
0.01826677	40.82453371
0.01826678	274.40523179
0.0182778	0.81389084
0.0183	0.22280103
0.01831791	0.25
0.0183371	0.0659047
0.0183513	0.28410397
0.01837062	0.08577569
0.0184	0.3503
0.01842997	16.89842155
0.01843	49.72807336
0.01846731	0.11881
0.0184991	0.38639457
0.0184999	0.25
0.01849999	4.6807492
0.0185	37.39846868
0.01850001	0.26422841
0.01851204	0.04275718
0.01851927	2.75398447
0.01854342	1.94795776
0.01854471	0.95
0.01856138	0.693
0.0186	1.00005
0.01860019	10.0
0.01861617	0.05975945
0.0186782	0.0659047
0.01869988	13.5
0.0187	6.10838651
0.01870255	25.3689
0.01874425	1.19113772
0.0188032	29.0
0.01889753	2.78360221
0.0189	20.2
0.01890274	0.21287916
0.01894	2.96037557
0.01894374	0.14340543
0.01895458	100.0
0.01896	0.13283917
0.0189999	0.25
0.019	71.62713241
0.01903225	41.90889511
0.01907107	10.0
0.01909811	4.98408753
0.0191268	15.0
0.01916251	0.64256827
0.019177	0.05775
0.0192	0.1779991
0.01922257	0.2
0.01925723	0.58091594
0.01925789	0.8415855
0.0192814	0.2
0.01929777	0.076
0.01726993	8.77447299
0.01726997	74.747
0.01727	39.46157244
0.01738353	94.754
0.01738355	9.90442941
0.01738356	4.7e-07
0.0174	0.3201
0.01741322	145.696
0.01741323	342.32
0.01741324	5.0
0.01744697	0.314
0.01744698	0.19916841
0.01748407	0.14245319
0.0174999	0.25
0.0175	1.00137891
0.01752663	0.04516168
0.01755216	0.09876808
0.01755565	226.221
0.01755569	0.2885062
0.01759406	0.70817888
0.01759408	8.91813322
0.01759612	0.06534
0.01765406	0.36487236
0.01766562	1.31257936
0.01767999	2.93384579
0.01768005	3.07179557
0.01772101	83.71543883
0.01772102	0.62210033
0.0177461	0.18786944
0.0177708	75.06464
0.01779386	0.04448291
0.0178	10.27964569
0.01787265	0.57666047
0.0179106	0.0659047
0.01791115	2.07
0.0179999	0.25
0.01799999	1.0
0.018	16.62888861
0.01800025	2.0
0.0180437	0.1
0.01804589	16.66584469
0.01804698	10.0
0.01806159	0.888
0.0180812	0.0659047
0.01812996	0.2
0.01815998	6.18196072
0.01816073	0.03036475
0.01817155	1.04559049
0.0182	0.37
0.01820312	0.08783188
0.01826677	40.82453371
0.01826678	274.40523179
0.0182778	0.81389084
0.0183	0.22280103
0.01831791	0.25
0.0183371	0.0659047
0.0183513	0.28410397
0.01837062	0.08577569
0.0184	0.3503
0.01842997	16.89842155
0.01843	49.72807336
0.01846731	0.11881
0.0184991	0.38639457
0.0184999	0.25
0.01849999	4.6807492
0.0185	37.39846868
0.01850001	0.26422841
0.01851204	0.04275718
0.01851927	2.75398447
0.01854342	1.94795776
0.01854471	0.95
0.01856138	0.693
0.0186	1.00005
0.01860019	10.0
0.01861617	0.05975945
0.0186782	0.0659047
0.01869988	13.5
0.0187	6.10838651
0.01870255	25.3689
0.01874425	1.19113772
0.0188032	29.0
0.01889753	2.78360221
0.0189	20.2
0.01890274	0.21287916
0.01894	2.96037557
0.01894374	0.14340543
0.01895458	100.0
0.01896	0.13283917
0.0189999	0.25
0.019	71.62713241
0.01903225	41.90889511
0.01907107	10.0
0.01909811	4.98408753
0.0191268	15.0
0.01916251	0.64256827
0.019177	0.05775
0.0192	0.1779991
0.01922257	0.2
0.01925723	0.58091594
0.01925789	0.8415855
