0.01713128	77.622
0.01713127	170.2039
0.01713126	10.02517933
0.01713106	3.65107986
0.01712703	0.2919362
0.01712663	5.93135347
0.01707805	5.0
0.01700845	34.232
0.01700842	0.342
0.0168601	605.691
0.01685998	0.91871259
0.01681063	496.26714224
0.01681062	1.000001
0.01672333	1.25
0.01660227	0.05677778
0.0166	0.53029503
0.01653719	0.5
0.01650485	0.29099761
0.0165	0.8
0.01648196	342.32
0.01648	1.0
0.01647251	10.0
0.01647222	10.0
0.01646484	0.27468959
0.01644337	18.62003531
0.01644205	1.09475399
0.01640709	0.969
0.0164	0.05
0.01637527	0.37388344
0.01633409	6.12033084
0.01633408	0.8783209
0.01631055	0.85218408
0.0163	49.89753393
0.0162892	0.12355568
0.01622999	4.59374645
0.0162	20.2
0.0161645	0.05181726
0.01614539	0.06193718
0.01614168	1.0
0.01613868	0.06196294
0.01611	216.7132216
0.0161	14.27761016
0.0160886	0.05859055
0.01606649	0.11881
0.01605614	0.17395215
0.01603547	0.05878407
0.01603546	0.0587841
0.01603543	0.0587842
0.01601942	0.25830448
0.01600805	0.10466358
0.01600374	0.18698754
0.01600373	5.37030057
0.01600312	3.042e-05
0.01600011	31.17166069
0.016	160.96955754
0.01599764	0.05892369
0.01598318	1.41075425
0.01598179	0.05240901
0.01597957	0.03787431
0.0159767	0.101761
0.01591986	93.9860309
0.0159073	0.85
0.0159	1.0
0.0158893	31.38926528
0.015826	0.10273
0.015801	3.46978175
0.0158	10.53573317
0.01579951	6.3293102
0.01575	804.61338347
0.0157	49.61930552
0.01565606	0.22
0.01562653	0.03900156
0.0156052	0.104184
0.01560333	46.46902723
0.0156	165.62548077
0.01554777	0.05
0.01553766	0.80289739
0.01553398	0.27280722
0.01550008	1.375
0.0155	124.0
0.0154872	0.03220723
0.01546578	0.2725
0.01541512	2.72272414
0.0154	52.0
0.01538694	56.3592388
0.01534	9.6842177
0.0153201	0.106122
0.01530003	43.0
0.01530002	47.0
0.01530001	30.0
0.0153	50.05727606
0.0152344	1.30953631
0.01520001	0.82201118
0.0152	52.23125
0.01515	10.0
0.0151	50.0
0.01504854	0.26834948
0.015	111.87062175
0.01493064	0.297025
0.01492659	3.34135258
0.01714224	167.03045797
0.01714223	75.447
0.0171422	3.8884005
0.01714191	5.92606327
0.01712703	0.2919362
0.01712663	5.93135347
0.01707806	34.232
0.01707805	5.0
0.01700842	0.342
0.0169343	153.84880393
0.01693429	231.401
0.01693428	342.32
0.0168601	366.75
0.01685998	0.91871259
0.01681062	1.000001
0.01672333	1.25
0.01660227	0.05677778
0.0166	0.53029503
0.01653719	0.5
0.01650485	0.29099761
0.0165	0.8
0.01648196	342.32
0.01648	1.0
0.01647251	10.0
0.01647222	10.0
0.01646484	0.27468959
0.01644337	18.62003531
0.01644205	1.09475399
0.01640709	0.969
0.0164	0.05
0.01637527	0.37388344
0.01633408	0.8783209
0.01631055	0.85218408
0.0163	49.89753393
0.0162892	0.12355568
0.01622999	4.59374645
0.0162	20.2
0.0161645	0.05181726
0.01614539	0.06193718
0.01614168	1.0
0.01613868	0.06196294
0.01611	216.7132216
0.0161	14.27761016
0.0160886	0.05859055
0.01606649	0.11881
0.01605614	0.17395215
0.01603547	0.05878407
0.01603546	0.0587841
0.01603543	0.0587842
0.01601942	0.25830448
0.01600805	0.10466358
0.01600374	0.18698754
0.01600373	5.37030057
0.01600312	3.042e-05
0.01600011	31.17166069
0.016	160.96955754
0.01599764	0.05892369
0.01598318	1.41075425
0.01598179	0.05240901
0.01597957	0.03787431
0.0159767	0.101761
0.01591986	93.9860309
0.0159073	0.85
0.0159	1.0
0.0158893	31.38926528
0.015826	0.10273
0.015801	3.46978175
0.0158	10.53573317
0.01579951	6.3293102
0.01575	804.61338347
0.0157	49.61930552
0.01565606	0.22
0.01562653	0.03900156
0.0156052	0.104184
0.01560333	46.46902723
0.0156	165.62548077
0.01554777	0.05
0.01553766	0.80289739
0.01553398	0.27280722
0.01550008	1.375
0.0155	124.0
0.0154872	0.03220723
0.01546578	0.2725
0.01541514	2.87464491
0.0154	52.0
0.01538694	56.3592388
0.01534	9.6842177
0.0153201	0.106122
0.01530003	43.0
0.01530002	47.0
0.01530001	30.0
0.0153	50.05727606
0.0152344	1.30953631
0.01520001	0.82201118
0.0152	52.23125
0.01515	10.0
0.0151	50.0
0.01504854	0.26834948
0.015	111.87062175
0.01493064	0.297025
0.01732719	0.46271437
0.0171823	73.893
0.01718229	142.895
0.01718218	3.61616641
0.01718216	0.05232213
0.01712704	34.232
0.01712703	0.2919362
0.01707805	5.0
0.01700842	0.342
0.01698247	6.47726744
0.01693445	369.389
0.0169343	227.136
0.01693428	342.32
0.01685999	153.84054743
0.01685998	0.91871259
0.01681062	1.000001
0.01672333	1.25
0.01660227	0.05677778
0.0166	0.53029503
0.01653719	0.5
0.01650485	0.29099761
0.0165	0.8
0.01648196	342.32
0.01648	1.0
0.01647251	10.0
0.01647222	10.0
0.01646484	0.27468959
0.01644337	18.62003531
0.01644205	1.09475399
0.01640709	0.969
0.0164	0.05
0.01637528	6.10493591
0.01637527	0.37388344
0.01633408	0.8783209
0.01631055	0.85218408
0.0163	49.89753393
0.0162892	0.12355568
0.01622999	4.59374645
0.0162	20.2
0.0161645	0.05181726
0.01614539	0.06193718
0.01614168	1.0
0.01613868	0.06196294
0.01611	216.7132216
0.0161	14.27761016
0.0160886	0.05859055
0.01606649	0.11881
0.01605614	0.17395215
0.01603547	0.05878407
0.01603546	0.0587841
0.01603543	0.0587842
0.01601942	0.25830448
0.01600805	0.10466358
0.01600374	0.18698754
0.01600373	5.37030057
0.01600312	3.042e-05
0.01600011	31.17166069
0.016	160.96955754
0.01599764	0.05892369
0.01598318	1.41075425
0.01598179	0.05240901
0.01597957	0.03787431
0.0159767	0.101761
0.01591986	93.9860309
0.0159073	0.85
0.0159	1.0
0.0158893	31.38926528
0.015826	0.10273
0.015801	3.46978175
0.0158	10.53573317
0.01579951	6.3293102
0.01575	804.61338347
0.0157	49.61930552
0.01565606	0.22
0.01562653	0.03900156
0.0156052	0.104184
0.01560333	46.46902723
0.0156	165.62548077
0.01554777	0.05
0.01553766	0.80289739
0.01553398	0.27280722
0.01550008	1.375
0.0155	124.0
0.0154872	0.03220723
0.01546578	0.2725
0.01541516	3.14925209
0.01540001	23.80925238
0.0154	52.0
0.01538694	56.3592388
0.01534	9.6842177
0.0153201	0.106122
0.01530003	43.0
0.01530002	47.0
0.01530001	30.0
0.0153	50.05727606
0.0152344	1.30953631
0.01520001	0.82201118
0.0152	52.23125
0.01515	10.0
0.0151	50.0
0.01719325	75.291
0.01719324	20.88954638
0.01719278	0.29081975
0.01719253	5.908605
0.01718216	0.05232213
0.01707809	153.056
0.01707808	10.05554547
0.01707805	5.0
0.01700845	34.232
0.01700843	3.2430928
0.01700842	0.342
0.01695912	6.4861856
0.01693445	369.389
0.01693428	342.32
0.01685999	153.39217254
0.01685998	0.91871259
0.01681062	1.000001
0.01672333	1.25
0.01660227	0.05677778
0.0166	0.53029503
0.01653719	0.5
0.01650485	0.29099761
0.0165	0.8
0.01648196	342.32
0.01648	1.0
0.01647251	10.0
0.01647222	10.0
0.01646484	0.27468959
0.01644337	18.62003531
0.01644205	1.09475399
0.01640709	0.969
0.0164	0.05
0.01637528	6.10493591
0.01637527	0.37388344
0.01633408	0.8783209
0.01631055	0.85218408
0.0163	49.89753393
0.0162892	0.12355568
0.01622999	4.59374645
0.0162	20.2
0.0161645	0.05181726
0.01614539	0.06193718
0.01614168	1.0
0.01613868	0.06196294
0.01611	216.7132216
0.0161	14.27761016
0.0160886	0.05859055
0.01606649	0.11881
0.01605614	0.17395215
0.01603547	0.05878407
0.01603546	0.0587841
0.01603543	0.0587842
0.01601942	0.25830448
0.01600805	0.10466358
0.01600374	0.18698754
0.01600373	5.37030057
0.01600312	3.042e-05
0.01600011	31.17166069
0.016	160.96955754
0.01599764	0.05892369
0.01598318	1.41075425
0.01598179	0.05240901
0.01597957	0.03787431
0.0159767	0.101761
0.01591986	93.9860309
0.0159073	0.85
0.0159	1.0
0.0158893	31.38926528
0.015826	0.10273
0.015801	3.46978175
0.0158	10.53573317
0.01579951	6.3293102
0.01575	804.61338347
0.0157	49.61930552
0.01565606	0.22
0.01562653	0.03900156
0.0156052	0.104184
0.01560333	46.46902723
0.0156	165.62548077
0.01554777	0.05
0.01553766	0.80289739
0.01553398	0.27280722
0.0155001	2.26046919
0.01550008	1.375
0.0155	124.0
0.0154872	0.03220723
0.01546578	0.2725
0.0154	52.0
0.01538694	56.3592388
0.01534001	0.81450912
0.01534	9.6842177
0.0153201	0.106122
0.01530003	43.0
0.01530002	47.0
0.01530001	30.0
0.0153	50.05727606
0.0152344	1.30953631
0.0152	52.23125
0.01515	10.0
0.0151	50.0
0.01719429	93.3626
0.01719428	148.158
0.01719427	17.24081452
0.01719414	3.68029087
0.01719341	29.01164
0.01719278	0.29081975
0.01719253	5.908605
0.01718217	34.232
0.01718216	0.05232213
0.0170782	10.05547481
0.01707805	5.0
0.01700842	0.342
0.01693452	754.77418085
0.01693428	342.32
0.01685998	0.91871259
0.01681062	1.000001
0.01672333	1.25
0.01662879	342.32
0.01660227	0.05677778
0.0166	0.53029503
0.01653719	0.5
0.01650485	0.29099761
0.0165	0.8
0.01648	1.0
0.01647251	10.0
0.01647222	10.0
0.01646484	0.27468959
0.01644337	18.62003531
0.01644205	1.09475399
0.01640709	0.969
0.0164	0.05
0.01637528	6.10493591
0.01637527	0.37388344
0.01633408	0.8783209
0.01631055	0.85218408
0.0163	49.89753393
0.0162892	0.12355568
0.01622999	4.59374645
0.0162	20.2
0.0161645	0.05181726
0.01614539	0.06193718
0.01614168	1.0
0.01613868	0.06196294
0.01611	216.7132216
0.0161	14.27761016
0.0160886	0.05859055
0.01606649	0.11881
0.01605614	0.17395215
0.01603547	0.05878407
0.01603546	0.0587841
0.01603543	0.0587842
0.01601942	0.25830448
0.01600805	0.10466358
0.01600374	0.18698754
0.01600373	5.37030057
0.01600312	3.042e-05
0.01600011	31.17166069
0.016	160.96955754
0.01599764	0.05892369
0.01598318	1.41075425
0.01598179	0.05240901
0.01597957	0.03787431
0.0159767	0.101761
0.01591986	93.9860309
0.0159073	0.85
0.0159	1.0
0.0158893	31.38926528
0.015826	0.10273
0.015801	3.46978175
0.0158	10.53573317
0.01579951	6.3293102
0.01575	804.61338347
0.0157	49.61930552
0.01565606	0.22
0.01562653	0.03900156
0.0156052	0.104184
0.01560333	46.46902723
0.0156	165.62548077
0.01554777	0.05
0.01553766	0.80289739
0.01553398	0.27280722
0.01550011	4.05035519
0.01550008	1.375
0.0155	124.0
0.0154872	0.03220723
0.01546578	0.2725
0.0154	52.0
0.01538694	56.3592388
0.01534001	0.81450912
0.01534	9.6842177
0.0153201	0.106122
0.01530003	43.0
0.01530002	47.0
0.01530001	30.0
0.0153	50.05727606
0.0152344	1.30953631
0.0152	52.23125
0.01515	10.0
0.0151	50.0
0.01504854	0.26834948
0.0171954	17.24081452
0.01719536	143.46
0.01719535	76.457
0.01719516	3.11313024
0.01719451	2.0
0.01719341	29.01164
0.01719278	0.29081975
0.01719253	5.908605
0.01718217	34.232
0.01718216	0.05232213
0.01707806	10.0620553
0.01707805	5.0
0.01700842	0.342
0.01693452	369.974
0.01693432	244.367
0.01693429	153.38218085
0.01693428	342.32
0.01685998	0.91871259
0.01681062	1.000001
0.01672333	1.25
0.01662879	342.32
0.01660227	0.05677778
0.0166	0.53029503
0.01653719	0.5
0.01650485	0.29099761
0.0165	0.8
0.01648	1.0
0.01647251	10.0
0.01647222	10.0
0.01646484	0.27468959
0.01644337	18.62003531
0.01644205	1.09475399
0.01640709	0.969
0.0164	0.05
0.01637528	6.10493591
0.01637527	0.37388344
0.01633408	0.8783209
0.01631055	0.85218408
0.0163	49.89753393
0.0162892	0.12355568
0.01622999	4.59374645
0.0162	20.2
0.0161645	0.05181726
0.01614539	0.06193718
0.01614168	1.0
0.01613868	0.06196294
0.01611	216.7132216
0.0161	14.27761016
0.0160886	0.05859055
0.01606649	0.11881
0.01605614	0.17395215
0.01603547	0.05878407
0.01603546	0.0587841
0.01603543	0.0587842
0.01601942	0.25830448
0.01600805	0.10466358
0.01600374	0.18698754
0.01600373	5.37030057
0.01600312	3.042e-05
0.01600011	31.17166069
0.016	160.96955754
0.01599764	0.05892369
0.01598318	1.41075425
0.01598179	0.05240901
0.01597957	0.03787431
0.0159767	0.101761
0.01591986	93.9860309
0.0159073	0.85
0.0159	1.0
0.0158893	31.38926528
0.015826	0.10273
0.015801	3.46978175
0.0158	10.53573317
0.01579951	6.3293102
0.01575	804.61338347
0.0157	49.61930552
0.01565606	0.22
0.01562653	0.03900156
0.0156052	0.104184
0.01560333	46.46902723
0.0156	165.62548077
0.01554777	0.05
0.01553766	0.80289739
0.01553398	0.27280722
0.01550013	6.29463474
0.01550008	1.375
0.0155	124.0
0.0154872	0.03220723
0.01546578	0.2725
0.0154	52.0
0.01538694	56.3592388
0.01534001	0.81450912
0.01534	9.6842177
0.0153201	0.106122
0.01530003	43.0
0.01530002	47.0
0.01530001	30.0
0.0153	50.05727606
0.0152344	1.30953631
0.0152	52.23125
0.01719656	17.24081452
0.01719651	76.301
0.0171965	170.1138
0.01719643	3.05858944
0.01719451	2.0
0.01719341	29.01164
0.01719278	0.29081975
0.01719253	5.908605
0.01718217	34.43368145
0.01718216	0.05232213
0.01707807	238.693
0.01707806	10.06229996
0.01707805	5.0
0.01700843	3.24096438
0.01700842	0.342
0.01693452	369.974
0.01693429	153.36719576
0.01693428	342.32
0.01685998	0.91871259
0.01681062	1.000001
0.01672333	1.25
0.01662879	342.32
0.01660227	0.05677778
0.0166	0.53029503
0.01653719	0.5
0.01650485	0.29099761
0.0165	0.8
0.01648	1.0
0.01647251	10.0
0.01647222	10.0
0.01646484	0.27468959
0.01644337	18.62003531
0.01644205	1.09475399
0.01640709	0.969
0.0164	0.05
0.01637528	6.10493591
0.01637527	0.37388344
0.01633408	0.8783209
0.01631055	0.85218408
0.0163	49.89753393
0.0162892	0.12355568
0.01622999	4.59374645
0.0162	20.2
0.0161645	0.05181726
0.01614539	0.06193718
0.01614168	1.0
0.01613868	0.06196294
0.01611	216.7132216
0.0161	14.27761016
0.0160886	0.05859055
0.0160675	0.101186
0.01606649	0.11881
0.01605614	0.17395215
0.01603547	0.05878407
0.01603546	0.0587841
0.01603543	0.0587842
0.01601942	0.25830448
0.01600805	0.10466358
0.01600374	0.18698754
0.01600373	5.37030057
0.01600312	3.042e-05
0.01600011	31.17166069
0.016	160.96955754
0.01599764	0.05892369
0.01598318	1.41075425
0.01598179	0.05240901
0.01597957	0.03787431
0.01591986	93.9860309
0.0159159	0.10215
0.0159073	0.85
0.0159	1.0
0.0158893	31.38926528
0.015801	3.46978175
0.0158	10.53573317
0.01579951	6.3293102
0.01575	804.61338347
0.0157	49.61930552
0.0156938	0.103595
0.01565606	0.22
0.01562653	0.03900156
0.01560333	46.46902723
0.0156	165.62548077
0.01554779	8.18567713
0.01554777	0.05
0.01553766	0.80289739
0.01553398	0.27280722
0.01550008	1.375
0.0155	124.0
0.0154872	0.03220723
0.01546578	0.2725
0.0154072	0.105523
0.0154	52.0
0.01538694	56.3592388
0.01534001	0.81450912
0.01534	9.6842177
0.01530003	43.0
0.01530002	47.0
0.01530001	30.0
0.0153	50.05727606
0.0152344	1.30953631
0.01733001	72.572
0.01733	29.07241
0.01719689	144.925
0.01719688	9.99277557
0.01719451	2.0
0.01719278	0.29081975
0.01718217	34.232
0.01718216	0.05232213
0.0171	0.20168145
0.01707823	245.819
0.01707805	5.0
0.01705837	3.23728664
0.01700842	0.342
0.01693452	369.974
0.01693429	152.18026001
0.01693428	342.32
0.01685998	0.91871259
0.01681062	1.000001
0.01672333	1.25
0.01662879	342.32
0.01660227	0.05677778
0.0166	0.53029503
0.01653719	0.5
0.01650485	0.29099761
0.0165	0.8
0.01648	1.0
0.01647251	10.0
0.01647222	10.0
0.01646484	0.27468959
0.01644337	18.62003531
0.01644205	1.09475399
0.01640709	0.969
0.0164	0.05
0.01637528	6.10493591
0.01637527	0.37388344
0.01633408	0.8783209
0.01631055	0.85218408
0.0163	49.89753393
0.0162892	0.12355568
0.01622999	4.59374645
0.0162	20.2
0.0161645	0.05181726
0.01614539	0.06193718
0.01614168	1.0
0.01613868	0.06196294
0.01611	216.7132216
0.0161	14.27761016
0.0160886	0.05859055
0.0160675	0.101186
0.01606649	0.11881
0.01605614	0.17395215
0.01603547	0.05878407
0.01603546	0.0587841
0.01603543	0.0587842
0.01601942	0.25830448
0.01600805	0.10466358
0.01600374	0.18698754
0.01600373	5.37030057
0.01600312	3.042e-05
0.01600011	31.17166069
0.016	160.96955754
0.01599764	0.05892369
0.01598318	1.41075425
0.01598179	0.05240901
0.01597957	0.03787431
0.01591986	93.9860309
0.0159159	0.10215
0.0159073	0.85
0.0159	1.0
0.0158893	31.38926528
0.015801	3.46978175
0.0158	10.53573317
0.01579951	6.3293102
0.01575	804.61338347
0.0157	49.61930552
0.0156938	0.103595
0.01565606	0.22
0.01562653	0.03900156
0.01560333	46.46902723
0.0156	165.62548077
0.01554781	4.94983848
0.01554777	0.05
0.01553766	0.80289739
0.01553398	0.27280722
0.01550008	1.375
0.0155	124.0
0.0154872	0.03220723
0.01546578	0.2725
0.0154072	0.105523
0.0154	52.0
0.01538694	56.3592388
0.01534001	0.81450912
0.01534	9.6842177
0.01530003	43.0
0.01530002	47.0
0.01530001	30.0
0.0153	50.05727606
0.0152344	1.30953631
0.0152	52.23125
0.01515	10.0
0.01733022	0.22542797
0.01733016	75.602
0.01733	29.07241
0.01719708	153.249
0.01719707	9.99382199
0.01719451	2.0
0.01719278	0.29081975
0.01718216	0.05232213
0.01710005	34.232
0.0171	0.20168145
0.01707805	5.0
0.01702753	0.313
0.01698955	6.47456819
0.01693452	369.974
0.01693432	235.525
0.01693429	152.18026001
0.01693428	342.32
0.01685998	0.91871259
0.01681062	1.000001
0.01672333	1.25
0.01662879	342.32
0.01660227	0.05677778
0.0166	0.53029503
0.01653719	0.5
0.01650485	0.29099761
0.0165	0.8
0.01648	1.0
0.01647251	10.0
0.01647222	10.0
0.01646484	0.27468959
0.01644337	18.62003531
0.01644205	1.09475399
0.01640709	0.999
0.0164	0.05
0.01637528	6.10493591
0.01637527	0.37388344
0.01633408	0.8783209
0.01631055	0.85218408
0.0163	49.89753393
0.0162892	0.12355568
0.01622999	4.59374645
0.0162	20.2
0.0161645	0.05181726
0.01614539	0.06193718
0.01614168	1.0
0.01613868	0.06196294
0.01611	216.7132216
0.0161	14.27761016
0.0160886	0.05859055
0.0160675	0.101186
0.01606649	0.11881
0.01605614	0.17395215
0.01603547	0.05878407
0.01603546	0.0587841
0.01603543	0.0587842
0.01601942	0.25830448
0.01600805	0.10466358
0.01600374	0.18698754
0.01600373	5.37030057
0.01600312	3.042e-05
0.01600011	31.17166069
0.016	160.96955754
0.01599764	0.05892369
0.01598318	1.41075425
0.01598179	0.05240901
0.01597957	0.03787431
0.01591986	93.9860309
0.0159159	0.10215
0.0159073	0.85
0.0159	1.0
0.0158893	31.38926528
0.015801	3.46978175
0.0158	10.53573317
0.01579951	6.3293102
0.01575	804.61338347
0.0157	49.61930552
0.0156938	0.103595
0.01565606	0.22
0.01562653	0.03900156
0.01560333	46.46902723
0.0156	165.62548077
0.01554783	6.43164788
0.01554777	0.05
0.01553766	0.80289739
0.01553398	0.27280722
0.01550008	1.375
0.0155	124.0
0.0154872	0.03220723
0.01546578	0.2725
0.01540721	0.81095656
0.0154072	0.105523
0.0154	52.0
0.01538694	56.3592388
0.01534	9.6842177
0.01530003	43.0
0.01530002	47.0
0.01530001	30.0
0.0153	50.05727606
0.0152344	1.30953631
0.0152	52.23125
0.01733016	75.602
0.01733	29.07241
0.01719454	9.99581786
0.01719453	154.568
0.01719451	2.0
0.01719278	0.29081975
0.01718216	0.05232213
0.01714343	34.232
0.01714342	5.0
0.0171	0.20168145
0.01703888	6.45582339
0.01702753	0.313
0.01693454	247.066
0.01693453	152.17894283
0.01693452	369.974
0.01693428	342.32
0.01685998	0.91871259
0.01681062	1.000001
0.01672333	1.25
0.01662879	342.32
0.01660227	0.05677778
0.0166	0.53029503
0.01653719	0.5
0.01650485	0.29099761
0.0165	0.8
0.01648	1.0
0.01647251	10.0
0.01647222	10.0
0.01646484	0.27468959
0.01644337	18.62003531
0.01644205	1.09475399
0.01640709	0.999
0.0164	0.05
0.01637528	6.10493591
0.01637527	0.37388344
0.01633408	0.8783209
0.01631055	0.85218408
0.0163	49.89753393
0.0162892	0.12355568
0.01622999	4.59374645
0.0162	20.2
0.0161645	0.05181726
0.01614539	0.06193718
0.01614168	1.0
0.01613868	0.06196294
0.01611	216.7132216
0.0161	14.27761016
0.0160886	0.05859055
0.0160675	0.101186
0.01606649	0.11881
0.01605614	0.17395215
0.01603547	0.05878407
0.01603546	0.0587841
0.01603543	0.0587842
0.01601942	0.25830448
0.01600805	0.10466358
0.01600374	0.18698754
0.01600373	5.37030057
0.01600312	3.042e-05
0.01600011	31.17166069
0.016	160.96955754
0.01599764	0.05892369
0.01598318	1.41075425
0.01598179	0.05240901
0.01597957	0.03787431
0.01591986	93.9860309
0.0159159	0.10215
0.0159073	0.85
0.0159	1.0
0.0158893	31.38926528
0.015801	3.46978175
0.0158	10.53573317
0.01579951	6.3293102
0.01575	804.61338347
0.0157	49.61930552
0.0156938	0.103595
0.01565607	8.49559344
0.01565606	0.22
0.01562653	0.03900156
0.01560333	46.46902723
0.0156	165.62548077
0.01554777	0.05
0.01553766	0.80289739
0.01553398	0.27280722
0.01550008	1.375
0.0155	124.0
0.0154872	0.03220723
0.01546578	0.2725
0.01540721	0.81095656
0.0154072	0.105523
0.0154	52.0
0.01538694	56.3592388
0.01534	9.6842177
0.01530003	43.0
0.01530002	47.0
0.01530001	30.0
0.0153	50.05727606
0.0152344	1.30953631
0.0152	52.23125
0.01515	10.0
0.01733086	71.251
0.01733065	0.2885062
0.01733	29.07241
0.01719457	9.99731235
0.01719456	141.372
0.01719451	2.0
0.01718217	34.232
0.01718216	0.05232213
0.01714342	5.0
0.01710001	3.23202724
0.0171	0.20168145
0.01702753	0.313
0.01693429	766.8214987
0.01693428	342.32
0.01685998	0.91871259
0.01681062	1.000001
0.01672333	1.25
0.01662879	342.32
0.01660227	0.05677778
0.0166	0.53029503
0.01653719	0.5
0.01650485	0.29099761
0.0165	0.8
0.01648	1.0
0.01647251	10.0
0.01647222	10.0
0.01646484	0.27468959
0.01644337	18.62003531
0.01644205	1.09475399
0.01640709	0.999
0.0164	0.05
0.01637528	6.10493591
0.01637527	0.37388344
0.01633408	0.8783209
0.01631055	0.85218408
0.0163	49.89753393
0.0162892	0.12355568
0.01622999	4.59374645
0.0162	20.2
0.0161645	0.05181726
0.01614539	0.06193718
0.01614168	1.0
0.01613868	0.06196294
0.01611	216.7132216
0.0161	14.27761016
0.0160886	0.05859055
0.0160675	0.101186
0.01606649	0.11881
0.01605614	0.17395215
0.01603547	0.05878407
0.01603546	0.0587841
0.01603543	0.0587842
0.01601942	0.25830448
0.01600805	0.10466358
0.01600374	0.18698754
0.01600373	5.37030057
0.01600312	3.042e-05
0.01600011	31.17166069
0.016	160.96955754
0.01599764	0.05892369
0.01598318	1.41075425
0.01598179	0.05240901
0.01597957	0.03787431
0.01591986	93.9860309
0.0159159	0.10215
0.0159073	0.85
0.0159	1.0
0.0158893	31.38926528
0.015801	3.46978175
0.0158	10.53573317
0.01579951	6.3293102
0.01575	804.61338347
0.0157	49.61930552
0.0156938	0.103595
0.01565608	8.41502941
0.01565606	0.22
0.01562653	0.03900156
0.01560333	46.46902723
0.0156	165.62548077
0.01554777	0.05
0.01553766	0.80289739
0.01553398	0.27280722
0.01550008	1.375
0.0155	124.0
0.0154872	0.03220723
0.01546578	0.2725
0.01540721	0.81095656
0.0154072	0.105523
0.0154	52.0
0.01538694	56.3592388
0.01534	9.6842177
0.01530003	43.0
0.01530002	47.0
0.01530001	30.0
0.0153	50.05727606
0.0152344	1.30953631
0.0152	52.23125
0.01515	10.0
0.0151	50.0
0.01504854	0.26834948
0.01733087	73.893
0.01733065	0.2885062
0.01733	29.07241
0.01719461	9.99728909
0.0171946	146.026
0.01719451	2.0
0.01718217	34.232
0.01718216	0.05232213
0.01714342	5.0
0.01710001	3.23207788
0.0171	0.20168145
0.01702753	0.313
0.017004	6.46906483
0.01693429	614.648
0.01693428	342.32
0.01685999	152.17279626
0.01685998	0.91871259
0.01681062	1.000001
0.01672333	1.25
0.01662879	342.32
0.01660227	0.05677778
0.0166	0.53029503
0.01653719	0.5
0.01650485	0.29099761
0.0165	0.8
0.01648	1.0
0.01647251	10.0
0.01647222	10.0
0.01646484	0.27468959
0.01644337	18.62003531
0.01644205	1.09475399
0.01640709	0.999
0.0164	0.05
0.01637528	6.10493591
0.01637527	0.37388344
0.01633408	0.8783209
0.01631055	0.85218408
0.0163	49.89753393
0.0162892	0.12355568
0.01622999	4.59374645
0.0162	20.2
0.0161645	0.05181726
0.01614539	0.06193718
0.01614168	1.0
0.01613868	0.06196294
0.01611	216.7132216
0.0161	14.27761016
0.0160886	0.05859055
0.0160675	0.101186
0.01606649	0.11881
0.01605614	0.17395215
0.01603547	0.05878407
0.01603546	0.0587841
0.01603543	0.0587842
0.01601942	0.25830448
0.01600805	0.10466358
0.01600374	0.18698754
0.01600373	5.37030057
0.01600312	3.042e-05
0.01600011	31.17166069
0.016	160.96955754
0.01599764	0.05892369
0.01598318	1.41075425
0.01598179	0.05240901
0.01597957	0.03787431
0.01591986	93.9860309
0.0159159	0.10215
0.0159073	0.85
0.0159	1.0
0.0158893	31.38926528
0.015801	3.46978175
0.0158	10.53573317
0.01579951	6.3293102
0.01575	804.61338347
0.0157	49.61930552
0.0156938	0.103595
0.01565609	7.19551065
0.01565606	0.22
0.01562653	0.03900156
0.01560333	46.46902723
0.0156	165.62548077
0.01554777	0.05
0.01553766	0.80289739
0.01553398	0.27280722
0.01550008	1.375
0.0155	124.0
0.0154872	0.03220723
0.01546578	0.2725
0.01540721	0.81095656
0.0154072	0.105523
0.0154	52.0
0.01538694	56.3592388
0.01534	9.6842177
0.01530003	43.0
0.01530002	47.0
0.01530001	30.0
0.0153	50.05727606
0.0152344	1.30953631
0.0152	52.23125
0.01515	10.0
0.0172052	17.29104635
0.01720515	219.454
0.01720505	5.90430285
0.01719451	2.0
0.01718216	0.05232213
0.01710005	34.232
0.0171	0.20168145
0.01702753	0.313
0.01697612	3.88781463
0.01693429	766.82070846
0.01693428	342.32
0.01685998	0.91871259
0.01681062	1.000001
0.01672333	1.25
0.01662879	342.32
0.01660227	0.05677778
0.0166	0.53029503
0.01653719	0.5
0.01650485	0.29099761
0.0165	0.8
0.01648	1.0
0.01647251	10.0
0.01647222	10.0
0.01646484	0.27468959
0.01644337	18.62003531
0.01644205	1.09475399
0.01640709	0.999
0.0164	0.05
0.01637528	6.10493591
0.01637527	0.37388344
0.01633408	0.8783209
0.01631055	0.85218408
0.0163	49.89753393
0.0162892	0.12355568
0.01622999	4.59374645
0.0162	20.2
0.0161645	0.05181726
0.01614539	0.06193718
0.01614168	1.0
0.01613868	0.06196294
0.01611	216.7132216
0.0161	14.27761016
0.0160886	0.05859055
0.0160675	0.101186
0.01606649	0.11881
0.01605614	0.17395215
0.01603547	0.05878407
0.01603546	0.0587841
0.01603543	0.0587842
0.01601942	0.25830448
0.01600805	0.10466358
0.01600374	0.18698754
0.01600373	5.37030057
0.01600312	3.042e-05
0.01600011	31.17166069
0.016	160.96955754
0.01599764	0.05892369
0.01598318	1.41075425
0.01598179	0.05240901
0.01597957	0.03787431
0.015927	6.875
0.01591986	93.9860309
0.0159159	0.10215
0.0159073	0.85
0.0159	1.0
0.0158893	31.38926528
0.015801	3.46978175
0.0158	10.53573317
0.01579951	6.3293102
0.01575	804.61338347
0.0157	49.61930552
0.0156938	0.103595
0.01565611	7.38208004
0.01565606	0.22
0.01562653	0.03900156
0.01560333	46.46902723
0.0156	165.62548077
0.01554777	0.05
0.01553766	0.80289739
0.01553398	0.27280722
0.01550008	1.375
0.0155	124.0
0.0154872	0.03220723
0.01546578	0.2725
0.01540721	0.81095656
0.0154072	0.105523
0.0154	52.0
0.01538694	56.3592388
0.01534	9.6842177
0.01530003	43.0
0.01530002	47.0
0.01530001	30.0
0.0153	50.05727606
0.0152344	1.30953631
0.0152	52.23125
0.01515	10.0
0.0151	50.0
0.01504854	0.26834948
0.015	111.87062175
0.01493064	0.297025
0.01719452	27.292
0.01719451	2.0
0.01718216	0.05232213
0.01710564	10.05639395
0.0171056	5.0
0.0171	0.20168145
0.01702761	145.802
0.01702753	0.313
0.01693431	34.232
0.0169343	29.327
0.01693429	614.648
0.01685998	0.91871259
0.01681066	20.912
0.01681065	495.59823748
0.01681062	1.000001
0.01672333	1.25
0.01662879	342.32
0.01660227	0.05677778
0.0166	0.53029503
0.01653719	0.5
0.01650485	0.29099761
0.0165	0.8
0.01648	1.0
0.01647251	10.0
0.01647222	10.0
0.01646484	0.27468959
0.01644337	18.62003531
0.01644205	1.09475399
0.01640709	0.999
0.0164	0.05
0.01637528	6.10493591
0.01637527	0.37388344
0.01633408	0.8783209
0.01631055	0.85218408
0.0163	49.89753393
0.0162892	0.12355568
0.01622999	4.59374645
0.0162	20.2
0.0161645	0.05181726
0.01614539	0.06193718
0.01614168	1.0
0.01613868	0.06196294
0.01611	216.7132216
0.0161	14.27761016
0.0160886	0.05859055
0.0160675	0.101186
0.01606649	0.11881
0.01605614	0.17395215
0.01603547	0.05878407
0.01603546	0.0587841
0.01603543	0.0587842
0.01601942	0.25830448
0.01600805	0.10466358
0.01600374	0.18698754
0.01600373	5.37030057
0.01600312	3.042e-05
0.01600011	31.17166069
0.016	160.96955754
0.01599764	0.05892369
0.01598318	1.41075425
0.01598179	0.05240901
0.01597957	0.03787431
0.015927	6.875
0.01591986	93.9860309
0.0159159	0.10215
0.0159073	0.85
0.0159	1.0
0.0158893	31.38926528
0.015801	3.46978175
0.0158	10.53573317
0.01579951	6.3293102
0.01575	804.61338347
0.0157	49.61930552
0.0156938	0.103595
0.01565613	5.13295413
0.01565606	0.22
0.01562653	0.03900156
0.01560333	46.46902723
0.0156	165.62548077
0.01554777	0.05
0.01553766	0.80289739
0.01553398	0.27280722
0.01550008	1.375
0.0155	124.0
0.0154872	0.03220723
0.01546578	0.2725
0.0154072	0.105523
0.0154	52.0
0.01538694	56.3592388
0.01534	9.6842177
0.01530003	43.0
0.01530002	47.0
0.01530001	30.0
0.0153	50.05727606
0.01523441	0.82015504
0.0152344	1.30953631
0.0152	52.23125
0.01515	10.0
0.0151	50.0
0.01504854	0.26834948
0.01718216	2.213e-05
0.01710026	73.038
0.01710025	17.44062339
0.0171002	143.316
0.01710018	10.07110984
0.0171	0.20168145
0.01702753	0.313
0.01693444	34.232
0.01685998	0.91871259
0.0168108	245.712
0.01681066	395.149
0.01681065	342.32
0.01681062	1.000001
0.01672334	153.37950473
0.01672333	1.25
0.01660227	0.05677778
0.0166	0.53029503
0.01653719	0.5
0.01650485	0.29099761
0.0165	0.8
0.01648	1.0
0.01647251	10.0
0.01647222	10.0
0.01647027	342.32
0.01646484	0.27468959
0.01644337	18.62003531
0.01644205	1.09475399
0.01640709	0.999
0.0164	0.05
0.01637528	6.10493591
0.01637527	0.37388344
0.01633408	0.8783209
0.01631055	0.85218408
0.0163	49.89753393
0.0162892	0.12355568
0.01622999	4.59374645
0.0162	20.2
0.0161645	0.05181726
0.01614539	0.06193718
0.01614168	1.0
0.01613868	0.06196294
0.01611	216.7132216
0.0161	14.27761016
0.0160886	0.05859055
0.0160675	0.101186
0.01606649	0.11881
0.01605614	0.17395215
0.01603547	0.05878407
0.01603546	0.0587841
0.01603543	0.0587842
0.01601942	0.25830448
0.01600805	0.10466358
0.01600374	0.18698754
0.01600373	5.37030057
0.01600312	3.042e-05
0.01600011	31.17166069
0.016	160.96955754
0.01599764	0.05892369
0.01598318	1.41075425
0.01598179	0.05240901
0.01597957	0.03787431
0.015927	6.875
0.01591986	93.9860309
0.0159159	0.10215
0.0159073	0.85
0.0159	1.0
0.0158893	31.38926528
0.015801	3.46978175
0.0158	10.53573317
0.01579951	6.3293102
0.01575	804.61338347
0.01570001	9.1398172
0.0157	49.61930552
0.0156938	0.103595
0.01565606	0.22
0.01562653	0.03900156
0.01560334	14.98512798
0.01560333	46.46902723
0.0156	165.62548077
0.01554777	0.05
0.01553766	0.80289739
0.01553398	0.27280722
0.01550008	1.375
0.0155	124.0
0.0154872	0.03220723
0.01546578	0.2725
0.0154072	0.105523
0.0154	52.0
0.01538694	56.3592388
0.01534	9.6842177
0.01530003	43.0
0.01530002	47.0
0.01530001	30.0
0.0153	50.05727606
0.01523441	0.82015504
0.0152344	1.30953631
0.0152	52.23125
0.01515	10.0
0.0151	50.0
0.01504854	0.26834948
0.01718216	2.213e-05
0.01711065	73.893
0.01711064	147.471
0.01711028	5.93702458
0.0171	0.20168145
0.01702753	0.313
0.01694702	34.232
0.01694701	5.0
0.01685998	0.91871259
0.01683534	224.143
0.01683533	6.5338804
0.01681066	395.149
0.01681065	342.32
0.01681062	1.000001
0.01672333	1.25
0.01660228	153.48974913
0.01660227	0.05677778
0.0166	0.53029503
0.01653719	0.5
0.01650485	0.29099761
0.0165	0.8
0.01648	1.0
0.01647251	10.0
0.01647222	10.0
0.01647027	342.32
0.01646484	0.27468959
0.01644337	18.62003531
0.01644205	1.09475399
0.01640709	0.999
0.0164	0.05
0.01637528	6.10493591
0.01637527	0.37388344
0.01633408	0.8783209
0.01631055	0.85218408
0.0163	49.89753393
0.0162892	0.12355568
0.01622999	4.59374645
0.0162	20.2
0.0161645	0.05181726
0.01614539	0.06193718
0.01614168	1.0
0.01613868	0.06196294
0.01611	216.7132216
0.0161	14.27761016
0.0160886	0.05859055
0.0160675	0.101186
0.01606649	0.11881
0.01605614	0.17395215
0.01603547	0.05878407
0.01603546	0.0587841
0.01603543	0.0587842
0.01601942	0.25830448
0.01600805	0.10466358
0.01600374	0.18698754
0.01600373	5.37030057
0.01600312	3.042e-05
0.01600011	31.17166069
0.016	160.83121925
0.01599764	0.05892369
0.01598318	1.41075425
0.01598179	0.05240901
0.01597957	0.03787431
0.015927	6.875
0.01591986	93.9860309
0.0159159	0.10215
0.0159073	0.85
0.0159	1.0
0.0158893	31.38926528
0.015801	3.46978175
0.0158	10.53573317
0.01579951	6.3293102
0.01575	804.61338347
0.0157	49.61930552
0.0156938	0.103595
0.01565608	6.81440433
0.01565606	0.22
0.01562653	0.03900156
0.01560334	14.98512798
0.01560333	46.46902723
0.0156	165.62548077
0.01554777	0.05
0.01553766	0.80289739
0.01553398	0.27280722
0.01550008	1.375
0.0155	124.0
0.0154872	0.03220723
0.01546578	0.2725
0.0154072	0.105523
0.0154	52.0
0.01538694	56.3592388
0.01534	9.6842177
0.01530003	43.0
0.01530002	47.0
0.01530001	30.0
0.0153	50.05727606
0.01523441	0.82015504
0.0152344	1.30953631
0.0152	52.23125
0.01515	10.0
0.0151	50.0
0.01718216	2.213e-05
0.01711113	11.59656926
0.01711106	76.301
0.017111	163.0564614
0.01711028	5.93702458
0.0171	0.20168145
0.01702753	0.313
0.01694704	34.232
0.01694701	5.0
0.01687886	6.51702974
0.01685998	0.91871259
0.01681066	632.204
0.01681065	342.32
0.01681062	1.000001
0.01672334	153.48974913
0.01672333	1.25
0.01660227	0.05677778
0.0166	0.53029503
0.01653719	0.5
0.01650485	0.29099761
0.0165	0.8
0.01648	1.0
0.01647251	10.0
0.01647222	10.0
0.01647027	342.32
0.01646484	0.27468959
0.01644337	18.62003531
0.01644205	1.09475399
0.01640709	0.999
0.0164	0.05
0.01637528	6.10493591
0.01637527	0.37388344
0.01633408	0.8783209
0.01631055	0.85218408
0.0163	49.89753393
0.0162892	0.12355568
0.01622999	4.59374645
0.0162	20.2
0.0161645	0.05181726
0.01614539	0.06193718
0.01614168	1.0
0.01613868	0.06196294
0.01611	216.7132216
0.0161	14.27761016
0.0160886	0.05859055
0.0160675	0.101186
0.01606649	0.11881
0.01605614	0.17395215
0.01603547	0.05878407
0.01603546	0.0587841
0.01603543	0.0587842
0.01601942	0.25830448
0.01600805	0.10466358
0.01600374	0.18698754
0.01600373	5.37030057
0.01600312	3.042e-05
0.01600011	31.17166069
0.016	160.83121925
0.01599764	0.05892369
0.01598318	1.41075425
0.01598179	0.05240901
0.01597957	0.03787431
0.015927	6.875
0.01591986	93.9860309
0.0159159	0.10215
0.0159073	0.85
0.0159	1.0
0.0158893	31.38926528
0.015801	3.46978175
0.0158	10.53573317
0.01579951	6.3293102
0.01575	804.61338347
0.0157	49.61930552
0.0156938	0.103595
0.01565609	7.4546811
0.01565606	0.22
0.01562653	0.03900156
0.01560334	14.98512798
0.01560333	46.46902723
0.0156	165.62548077
0.01554777	0.05
0.01553766	0.80289739
0.01553398	0.27280722
0.01550008	1.375
0.0155	124.0
0.0154872	0.03220723
0.01546578	0.2725
0.0154072	0.105523
0.0154	52.0
0.01538694	56.3592388
0.01534	9.6842177
0.01530003	43.0
0.01530002	47.0
0.01530001	30.0
0.0153	50.05727606
0.01523441	0.82015504
0.0152344	1.30953631
0.0152	52.23125
0.01515	10.0
0.0151	50.0
0.01718216	2.213e-05
0.01711231	76.379
0.0171123	9.19077952
0.01711224	149.969
0.01711028	5.93702458
0.0171	0.20168145
0.01702753	0.313
0.01694707	34.232
0.01694701	5.0
0.01685998	0.91871259
0.01681066	632.204
0.01681065	342.32
0.01681062	1.000001
0.01672334	153.48974913
0.01672333	1.25
0.01660227	0.05677778
0.0166	0.53029503
0.01653719	0.5
0.01650485	0.29099761
0.0165	0.8
0.01648	1.0
0.01647251	10.0
0.01647222	10.0
0.01647027	342.32
0.01646484	0.27468959
0.01644337	18.62003531
0.01644205	1.09475399
0.01640709	0.999
0.0164	0.05
0.01637528	6.10493591
0.01637527	0.37388344
0.01633408	0.8783209
0.01631055	0.85218408
0.0163	49.89753393
0.0162892	0.12355568
0.01622999	4.59374645
0.0162	20.2
0.0161645	0.05181726
0.01614539	0.06193718
0.01614168	1.0
0.01613868	0.06196294
0.01611	216.7132216
0.0161	14.27761016
0.0160886	0.05859055
0.0160675	0.101186
0.01606649	0.11881
0.01605614	0.17395215
0.01603547	0.05878407
0.01603546	0.0587841
0.01603543	0.0587842
0.01601942	0.25830448
0.01600805	0.10466358
0.01600374	0.18698754
0.01600373	5.37030057
0.01600312	3.042e-05
0.01600011	31.17166069
0.016	160.83121925
0.01599764	0.05892369
0.01598318	1.41075425
0.01598179	0.05240901
0.01597957	0.03787431
0.015927	6.875
0.01591986	93.9860309
0.0159159	0.10215
0.0159073	0.85
0.0159	1.0
0.0158893	31.38926528
0.015801	3.46978175
0.0158	10.53573317
0.01579951	6.3293102
0.01575	804.61338347
0.0157	49.61930552
0.0156938	0.103595
0.01565611	8.19416772
0.01565606	0.22
0.01562653	0.03900156
0.01560334	14.98512798
0.01560333	46.46902723
0.0156	165.62548077
0.01554777	0.05
0.01553766	0.80289739
0.01553398	0.27280722
0.01550008	1.375
0.0155	124.0
0.0154872	0.03220723
0.01546578	0.2725
0.0154072	0.105523
0.0154	52.0
0.01538694	56.3592388
0.01534001	0.81450912
0.01534	9.6842177
0.01530003	43.0
0.01530002	47.0
0.01530001	30.0
0.0153	50.05727606
0.0152344	1.30953631
0.0152	52.23125
0.01515	10.0
0.0151	50.0
0.01504854	0.26834948
0.01718216	32.05050728
0.01711272	79.06244972
0.01711271	140.609
0.0171	0.20168145
0.01702753	0.313
0.01685999	34.232
0.01685998	0.91871259
0.01681066	632.204
0.01681065	342.32
0.01681062	1.000001
0.01672334	153.48974913
0.01672333	1.25
0.01660227	0.05677778
0.0166	0.53029503
0.01653719	0.5
0.01650485	0.29099761
0.0165	0.8
0.01648	1.0
0.01647251	10.0
0.01647222	10.0
0.01647027	342.32
0.01646484	0.27468959
0.01644337	18.62003531
0.01644205	1.09475399
0.01640709	0.999
0.0164	0.05
0.01637528	6.10493591
0.01637527	0.37388344
0.01633408	0.8783209
0.01631055	0.85218408
0.0163	49.89753393
0.0162892	0.12355568
0.01622999	4.59374645
0.0162	20.2
0.0161645	0.05181726
0.01614539	0.06193718
0.01614168	1.0
0.01613868	0.06196294
0.01611	216.7132216
0.0161	14.27761016
0.0160886	0.05859055
0.0160675	0.101186
0.01606649	0.11881
0.01605614	0.17395215
0.01603547	0.05878407
0.01603546	0.0587841
0.01603543	0.0587842
0.01601942	0.25830448
0.01600805	0.10466358
0.01600374	0.18698754
0.01600373	5.37030057
0.01600312	3.042e-05
0.01600011	31.17166069
0.016	160.83121925
0.01599764	0.05892369
0.01598318	1.41075425
0.01598179	0.05240901
0.01597957	0.03787431
0.015927	6.875
0.01591986	93.9860309
0.0159159	0.10215
0.0159073	0.85
0.0159	1.0
0.0158893	31.38926528
0.015801	3.46978175
0.0158	10.53573317
0.01579951	6.3293102
0.01575	804.61338347
0.0157	49.61930552
0.0156938	0.103595
0.01565613	6.53242374
0.01565606	0.22
0.01562653	0.03900156
0.01560333	46.46902723
0.0156	165.62548077
0.01554777	0.05
0.01553766	0.80289739
0.01553398	0.27280722
0.01550008	1.375
0.0155	124.0
0.0154872	0.03220723
0.01546578	0.2725
0.0154072	0.105523
0.0154	52.0
0.01538694	56.3592388
0.01534001	0.81450912
0.01534	9.6842177
0.01530003	43.0
0.01530002	47.0
0.01530001	30.0
0.0153	50.05727606
0.0152344	1.30953631
0.0152	52.23125
0.01515	10.0
0.0151	50.0
0.01504854	0.26834948
0.015	111.87062175
0.01493064	0.297025
0.01492659	3.34135258
0.01492657	0.66827141
0.01711311	70.474
0.0171131	158.30195286
0.0171	0.20168145
0.01702753	0.313
0.01693909	34.232
0.01693904	5.0
0.01685998	0.91871259
0.01681066	635.104
0.01681065	342.32
0.01681062	1.000001
0.01672334	153.48974913
0.01672333	1.25
0.01660227	0.05677778
0.0166	0.53029503
0.01653719	0.5
0.01650485	0.29099761
0.0165	0.8
0.01648	1.0
0.01647251	10.0
0.01647222	10.0
0.01647027	342.32
0.01646484	0.27468959
0.01644337	18.62003531
0.01644205	1.09475399
0.01640709	0.999
0.0164	0.05
0.01637528	6.10493591
0.01637527	0.37388344
0.01633408	0.8783209
0.01631055	0.85218408
0.0163	49.89753393
0.0162892	0.12355568
0.01622999	4.59374645
0.0162	20.2
0.0161645	0.05181726
0.01614539	0.06193718
0.01614168	1.0
0.01613868	0.06196294
0.01611	216.7132216
0.0161	14.27761016
0.0160886	0.05859055
0.0160675	0.101186
0.01606649	0.11881
0.01605614	0.17395215
0.01603547	0.05878407
0.01603546	0.0587841
0.01603543	0.0587842
0.01601942	0.25830448
0.01600805	0.10466358
0.01600374	0.18698754
0.01600373	5.37030057
0.01600312	3.042e-05
0.01600011	31.17166069
0.016	160.83121925
0.01599764	0.05892369
0.01598318	1.41075425
0.01598179	0.05240901
0.01597957	0.03787431
0.015927	6.875
0.01591986	93.9860309
0.0159159	0.10215
0.0159073	0.85
0.0159	1.0
0.0158893	31.38926528
0.015801	3.46978175
0.0158	10.53573317
0.01579951	6.3293102
0.01575	804.61338347
0.0157	49.61930552
0.0156938	0.103595
0.01565615	6.84204955
0.01565606	0.22
0.01562653	0.03900156
0.01560333	46.46902723
0.0156	165.62548077
0.01554777	0.05
0.01553766	0.80289739
0.01553398	0.27280722
0.01550008	1.375
0.0155	124.0
0.0154872	0.03220723
0.01546578	0.2725
0.0154072	0.105523
0.0154	52.0
0.01538694	56.3592388
0.01534001	0.81450912
0.01534	9.6842177
0.01530003	43.0
0.01530002	47.0
0.01530001	30.0
0.0153	50.05727606
0.0152344	1.30953631
0.0152	52.23125
0.01515	10.0
0.0151	50.0
0.01504854	0.26834948
0.015	111.87062175
0.01493064	0.297025
0.01492659	3.34135258
0.01492657	0.66827141
0.01712359	0.49471693
0.01712351	10.06184909
0.0171235	28.812
0.0171	0.20168145
0.01702753	0.313
0.01693917	381.459
0.01693916	26.0035
0.01693913	34.232
0.01693904	5.0
0.01685998	0.91871259
0.01681067	47.648
0.01681066	395.149
0.01681065	342.32
0.01681062	1.000001
0.01672334	154.10843735
0.01672333	1.25
0.01660227	0.05677778
0.0166	0.53029503
0.01653719	0.5
0.01650485	0.29099761
0.0165	0.8
0.01648	1.0
0.01647251	10.0
0.01647222	10.0
0.01647027	342.32
0.01646484	0.27468959
0.01644337	18.62003531
0.01644205	1.09475399
0.01640709	0.999
0.0164	0.05
0.01637528	6.10493591
0.01637527	0.37388344
0.01633408	0.8783209
0.01631055	0.85218408
0.0163	49.89753393
0.0162892	0.12355568
0.01622999	4.59374645
0.0162	20.2
0.0161645	0.05181726
0.01614539	0.06193718
0.01614168	1.0
0.01613868	0.06196294
0.01611	216.7132216
0.0161	14.27761016
0.0160886	0.05859055
0.0160675	0.101186
0.01606649	0.11881
0.01605614	0.17395215
0.01603547	0.05878407
0.01603546	0.0587841
0.01603543	0.0587842
0.01601942	0.25830448
0.01600805	0.10466358
0.01600374	0.18698754
0.01600373	5.37030057
0.01600312	3.042e-05
0.01600011	31.17166069
0.016	160.83121925
0.01599764	0.05892369
0.01598318	1.41075425
0.01598179	0.05240901
0.01597957	0.03787431
0.015927	6.875
0.01591986	93.9860309
0.0159159	0.10215
0.0159073	0.85
0.0159	1.0
0.0158893	31.38926528
0.015801	3.46978175
0.0158	10.53573317
0.01579951	6.3293102
0.01575	804.61338347
0.0157	49.61930552
0.0156938	0.103595
0.01565615	6.84204955
0.01565606	0.22
0.01562653	0.03900156
0.01560334	17.68417097
0.01560333	46.46902723
0.0156	165.62548077
0.01554777	0.05
0.01553766	0.80289739
0.01553398	0.27280722
0.01550008	1.375
0.0155	124.0
0.0154872	0.03220723
0.01546578	0.2725
0.0154072	0.105523
0.0154	52.0
0.01538694	56.3592388
0.01534001	0.81450912
0.01534	9.6842177
0.01530003	43.0
0.01530002	47.0
0.01530001	30.0
0.0153	50.05727606
0.0152344	1.30953631
0.0152	52.23125
0.01515	10.0
0.0151	50.0
0.01713382	47.788
0.01713381	160.0808004
0.01713369	0.03014093
0.0171	0.20168145
0.01693925	258.9891
0.01693924	34.232
0.0169392	0.449
0.01693904	5.0
0.01687486	6.51857453
0.01685998	0.91871259
0.01681067	25.9991
0.01681066	395.149
0.01681065	342.32
0.01681063	24.634
0.01681062	1.000001
0.01672336	153.92342177
0.01672333	1.25
0.01660227	0.05677778
0.0166	0.53029503
0.01653719	0.5
0.01650485	0.29099761
0.0165	0.8
0.01648	1.0
0.01647251	10.0
0.01647222	10.0
0.01647027	342.32
0.01646484	0.27468959
0.01644337	18.62003531
0.01644205	1.09475399
0.01640709	0.859
0.01640001	6.09573011
0.0164	0.05
0.01637527	0.37388344
0.01633408	0.8783209
0.01631055	0.85218408
0.0163	49.89753393
0.0162892	0.12355568
0.01622999	4.59374645
0.0162	20.2
0.0161645	0.05181726
0.01614539	0.06193718
0.01614168	1.0
0.01613868	0.06196294
0.01611	216.7132216
0.0161	14.27761016
0.0160886	0.05859055
0.0160675	0.101186
0.01606649	0.11881
0.01605614	0.17395215
0.01603547	0.05878407
0.01603546	0.0587841
0.01603543	0.0587842
0.01601942	0.25830448
0.01600805	0.10466358
0.01600374	0.18698754
0.01600373	5.37030057
0.01600312	3.042e-05
0.01600011	31.17166069
0.016	160.83121925
0.01599764	0.05892369
0.01598318	1.41075425
0.01598179	0.05240901
0.01597957	0.03787431
0.015927	6.875
0.01591986	93.9860309
0.0159159	0.10215
0.0159073	0.852
0.0159	1.0
0.0158893	31.38926528
0.015801	3.46978175
0.0158	10.53573317
0.01579951	6.3293102
0.01575	804.61338347
0.0157	49.61930552
0.0156938	0.103595
0.01565615	6.84204955
0.01565606	0.22
0.01562653	0.03900156
0.01560333	46.46902723
0.0156	165.62548077
0.01554777	0.05
0.01553766	0.80289739
0.01553398	0.27280722
0.01550008	1.375
0.0155	124.0
0.0154872	0.03220723
0.01546578	0.2725
0.0154072	0.105523
0.0154	52.0
0.01538694	56.3592388
0.01534001	0.81450912
0.01534	9.6842177
0.01530003	43.0
0.01530002	47.0
0.01530001	30.0
0.0153	50.05727606
0.0152344	1.30953631
0.0152	52.23125
0.01515	10.0
0.0151	50.0
0.0171341	47.632
0.0171337	10.05404636
0.01713369	0.03014093
0.0171	0.20168145
0.01693952	140.198
0.01693951	34.232
0.0169392	0.449
0.01693904	5.0
0.01685998	0.91871259
0.01681083	27.0712
0.01681082	625.607
0.01681066	28.925
0.01681065	342.32
0.01681062	1.000001
0.01672334	153.92099623
0.01672333	1.25
0.01660227	0.05677778
0.0166	0.53029503
0.01653719	0.5
0.01650485	0.29099761
0.0165	0.8
0.01648	1.0
0.01647251	10.0
0.01647222	10.0
0.01647027	342.32
0.01646484	0.27468959
0.01644337	18.62003531
0.01644205	1.09475399
0.01640709	0.859
0.01640001	6.09573011
0.0164	0.05
0.01637527	0.37388344
0.01633408	0.8783209
0.01631055	0.85218408
0.0163	49.89753393
0.0162892	0.12355568
0.01622999	4.59374645
0.0162	20.2
0.0161645	0.05181726
0.01614539	0.06193718
0.01614168	1.0
0.01613868	0.06196294
0.01611	216.7132216
0.0161	14.27761016
0.0160886	0.05859055
0.0160675	0.101186
0.01606649	0.11881
0.01605614	0.17395215
0.01603547	0.05878407
0.01603546	0.0587841
0.01603543	0.0587842
0.01601942	0.25830448
0.01600805	0.10466358
0.01600374	0.18698754
0.01600373	5.37030057
0.01600312	3.042e-05
0.01600011	31.17166069
0.016	160.83121925
0.01599764	0.05892369
0.01598318	1.41075425
0.01598179	0.05240901
0.01597957	0.03787431
0.015927	6.875
0.01591986	93.9860309
0.0159159	0.10215
0.0159073	0.852
0.0159	1.0
0.0158893	31.38926528
0.015801	3.46978175
0.0158	10.53573317
0.01579951	6.3293102
0.01575	804.61338347
0.0157	49.61930552
0.0156938	0.103595
0.01565615	6.84204955
0.01565606	0.22
0.01562653	0.03900156
0.01560333	46.46902723
0.0156	165.62548077
0.01554777	0.05
0.01553766	0.80289739
0.01553398	0.27280722
0.01550008	1.375
0.0155	124.0
0.0154872	0.03220723
0.01546578	0.2725
0.0154072	0.105523
0.0154	52.0
0.01538694	56.3592388
0.01534	9.6842177
0.01530003	43.81663696
0.01530002	47.0
0.01530001	30.0
0.0153	50.05727606
0.0152344	1.30953631
0.0152	52.23125
0.01515	10.0
0.0151	50.0
0.01504854	0.26834948
0.015	111.87062175
0.01713448	26.909
0.01713447	10.05359455
0.01713369	0.03014093
0.0171	0.20168145
0.01693967	34.232
0.01693966	145.678
0.0169392	0.449
0.01693904	5.0
0.01685998	0.91871259
0.01681088	243.103
0.01681087	48.404
0.01681086	374.392
0.01681065	342.32
0.01681062	1.000001
0.01672334	153.92099623
0.01672333	1.25
0.01660227	0.05677778
0.0166	0.53029503
0.01653719	0.5
0.01650485	0.29099761
0.0165	0.8
0.01648	1.0
0.01647251	10.0
0.01647222	10.0
0.01647027	342.32
0.01646484	0.27468959
0.01644337	18.62003531
0.01644205	1.09475399
0.01640709	0.859
0.01640001	6.09573011
0.0164	0.05
0.01637527	0.37388344
0.01633408	0.8783209
0.01631055	0.85218408
0.0163	49.89753393
0.0162892	0.12355568
0.01622999	4.59374645
0.0162	20.2
0.0161645	0.05181726
0.01614539	0.06193718
0.01614168	1.0
0.01613868	0.06196294
0.01611	216.7132216
0.0161	14.27761016
0.0160886	0.05859055
0.0160675	0.101186
0.01606649	0.11881
0.01605614	0.17395215
0.01603547	0.05878407
0.01603546	0.0587841
0.01603543	0.0587842
0.01601942	0.25830448
0.01600805	0.10466358
0.01600374	0.18698754
0.01600373	5.37030057
0.01600312	3.042e-05
0.01600011	31.17166069
0.016	160.83121925
0.01599764	0.05892369
0.01598318	1.41075425
0.01598179	0.05240901
0.01597957	0.03787431
0.015927	6.875
0.01591986	93.9860309
0.0159159	0.10215
0.0159073	0.852
0.0159	1.0
0.0158893	31.38926528
0.015801	3.46978175
0.0158	10.53573317
0.01579951	6.3293102
0.01575	804.61338347
0.0157	49.61930552
0.0156938	0.103595
0.01565615	6.84204955
0.01565606	0.22
0.01562653	0.03900156
0.01560333	46.46902723
0.0156	165.62548077
0.01554777	0.05
0.01553766	0.80289739
0.01553398	0.27280722
0.01550008	1.375
0.0155	124.0
0.0154872	0.03220723
0.01546578	0.2725
0.0154072	0.105523
0.0154	52.0
0.01538694	56.3592388
0.01534	9.6842177
0.01530003	43.81663696
0.01530002	47.0
0.01530001	30.0
0.0153	50.05727606
0.0152344	1.30953631
0.0152	52.23125
0.01515	10.0
0.0151	50.0
0.01504854	0.26834948
0.015	111.87062175
0.01713447	0.02979057
0.01710017	73.582
0.01710016	10.07376622
0.01710015	141.071
0.0171	0.20168145
0.01693985	34.232
0.0169392	0.449
0.01693904	5.0
0.01685998	0.91871259
0.01681093	392.505
0.01681066	229.312
0.01681065	342.32
0.01681062	1.000001
0.01672334	153.91695383
0.01672333	1.25
0.01660227	0.05677778
0.0166	0.53029503
0.01653719	0.5
0.01650485	0.29099761
0.0165	0.8
0.01648	1.0
0.01647251	10.0
0.01647222	10.0
0.01647027	342.32
0.01646484	0.27468959
0.01644337	18.62003531
0.01644205	1.09475399
0.01640709	0.859
0.01640001	6.09573011
0.0164	0.05
0.01637527	0.37388344
0.01633408	0.8783209
0.01631055	0.85218408
0.0163	49.89753393
0.0162892	0.12355568
0.01622999	4.59374645
0.0162	20.2
0.0161645	0.05181726
0.01614539	0.06193718
0.01614168	1.0
0.01613868	0.06196294
0.01611	216.7132216
0.0161	14.27761016
0.0160886	0.05859055
0.0160675	0.101186
0.01606649	0.11881
0.01605614	0.17395215
0.01603547	0.05878407
0.01603546	0.0587841
0.01603543	0.0587842
0.01601942	0.25830448
0.01600805	0.10466358
0.01600374	0.18698754
0.01600373	5.37030057
0.01600312	3.042e-05
0.01600011	31.17166069
0.016	160.83121925
0.01599764	0.05892369
0.01598318	1.41075425
0.01598179	0.05240901
0.01597957	0.03787431
0.015927	6.875
0.01591986	93.9860309
0.0159159	0.10215
0.0159073	0.852
0.0159	1.0
0.0158893	31.38926528
0.015801	3.46978175
0.0158	10.53573317
0.01579951	6.3293102
0.01575	804.61338347
0.0157	49.61930552
0.0156938	0.103595
0.01565615	6.84204955
0.01565606	0.22
0.01562653	0.03900156
0.01560334	29.97312041
0.01560333	46.46902723
0.0156	165.62548077
0.01554777	0.05
0.01553766	0.80289739
0.01553398	0.27280722
0.01550008	1.375
0.0155	124.0
0.0154872	0.03220723
0.01546578	0.2725
0.0154072	0.105523
0.0154	52.0
0.01538694	56.3592388
0.01534	9.6842177
0.01530003	43.81663696
0.01530002	47.0
0.01530001	30.0
0.0153	50.05727606
0.0152344	1.30953631
0.0152	52.23125
0.01515	10.0
0.0151	50.0
0.01504854	0.26834948
0.015	111.87062175
0.01713447	0.02979057
0.01710111	9.08319916
0.01710108	70.94
0.01710107	156.82223017
0.0171	0.20168145
0.01693993	34.232
0.0169392	0.449
0.01693904	5.0
0.01685998	0.91871259
0.01681093	392.505
0.01681066	235.007
0.01681065	342.32
0.01681062	1.000001
0.01672334	153.91695383
0.01672333	1.25
0.01660227	0.05677778
0.0166	0.53029503
0.01653719	0.5
0.01650485	0.29099761
0.0165	0.8
0.01648	1.0
0.01647251	10.0
0.01647222	10.0
0.01647027	342.32
0.01646484	0.27468959
0.01644337	18.62003531
0.01644205	1.09475399
0.0164071	6.09309597
0.01640709	0.859
0.0164	0.05
0.01637527	0.37388344
0.01633408	0.8783209
0.01631055	0.85218408
0.0163	49.89753393
0.0162892	0.12355568
0.01622999	4.59374645
0.0162	20.2
0.0161645	0.05181726
0.01614539	0.06193718
0.01614168	1.0
0.01613868	0.06196294
0.01611	216.7132216
0.0161	14.27761016
0.0160886	0.05859055
0.0160675	0.101186
0.01606649	0.11881
0.01605614	0.17395215
0.01603547	0.05878407
0.01603546	0.0587841
0.01603543	0.0587842
0.01601942	0.25830448
0.01600805	0.10466358
0.01600374	0.18698754
0.01600373	5.37030057
0.01600312	3.042e-05
0.01600011	31.17166069
0.016	160.83121925
0.01599764	0.05892369
0.01598318	1.41075425
0.01598179	0.05240901
0.01597957	0.03787431
0.015927	6.875
0.01591986	93.9860309
0.0159159	0.10215
0.0159073	0.852
0.0159	1.0
0.0158893	31.38926528
0.015801	3.46978175
0.0158	10.53573317
0.01579951	6.3293102
0.01575	804.61338347
0.0157	49.61930552
0.0156938	0.103595
0.01565615	6.84204955
0.01565606	0.22
0.01562653	0.03900156
0.01560334	29.97312041
0.01560333	46.46902723
0.0156	165.62548077
0.01554777	0.05
0.01553766	0.80289739
0.01553398	0.27280722
0.01550008	1.375
0.0155	124.0
0.0154872	0.03220723
0.01546578	0.2725
0.0154072	0.105523
0.0154	52.0
0.01538694	56.3592388
0.01534	9.6842177
0.01530003	43.81663696
0.01530002	47.0
0.01530001	30.0
0.0153	50.05727606
0.0152344	1.30953631
0.0152	52.23125
0.01515	10.0
0.0151	50.0
0.01504854	0.26834948
0.015	111.87062175
0.01713447	0.02979057
0.01710155	221.268
0.01710154	10.07295332
0.0171	0.33112078
0.01693996	34.232
0.0169392	0.449
0.01693904	5.0
0.01687486	6.51857453
0.01685998	0.91871259
0.01681093	392.505
0.01681066	235.007
0.01681065	342.32
0.01681062	1.000001
0.01672334	153.91695383
0.01672333	1.25
0.01660227	0.05677778
0.0166	0.53029503
0.01653719	0.5
0.01650485	0.29099761
0.0165	0.8
0.01648	1.0
0.01647251	10.0
0.01647222	10.0
0.01647027	342.32
0.01646484	0.27468959
0.01644337	18.62003531
0.01644205	1.09475399
0.0164071	6.09309597
0.01640709	0.859
0.0164	0.05
0.01637527	0.37388344
0.01633408	0.8783209
0.01631055	0.85218408
0.0163	49.89753393
0.0162892	0.12355568
0.01622999	4.59374645
0.0162	20.2
0.0161645	0.05181726
0.01614539	0.06193718
0.01614168	1.0
0.01613868	0.06196294
0.01611	216.7132216
0.0161	14.27761016
0.0160886	0.05859055
0.0160675	0.101186
0.01606649	0.11881
0.01605614	0.17395215
0.01603547	0.05878407
0.01603546	0.0587841
0.01603543	0.0587842
0.01601942	0.25830448
0.01600805	0.10466358
0.01600374	0.18698754
0.01600373	5.37030057
0.01600312	3.042e-05
0.01600011	31.17166069
0.016	160.83121925
0.01599764	0.05892369
0.01598318	1.41075425
0.01598179	0.05240901
0.01597957	0.03787431
0.015927	6.875
0.01591986	93.9860309
0.0159159	0.10215
0.0159073	0.852
0.0159	1.0
0.0158893	31.38926528
0.015801	3.46978175
0.0158	10.53573317
0.01579951	6.3293102
0.01575	804.61338347
0.0157	49.61930552
0.0156938	0.103595
0.01565615	6.84204955
0.01565606	0.22
0.01562653	0.03900156
0.01560334	29.97312041
0.01560333	46.46902723
0.0156	165.62548077
0.01554777	0.05
0.01553766	0.80289739
0.01553398	0.27280722
0.01550008	1.375
0.0155	124.0
0.0154872	0.03220723
0.01546578	0.2725
0.0154072	0.105523
0.0154	52.0
0.01538694	56.3592388
0.01534	9.6842177
0.01530003	43.81663696
0.01530002	47.0
0.01530001	30.0
0.0153	50.05727606
0.0152344	1.30953631
0.0152	52.23125
0.01515	10.0
0.0151	50.0
0.01504854	0.26834948
0.015	111.87062175
0.01713447	7.14536445
0.01710188	76.69
0.0171	0.33112078
0.01693997	10.12547031
0.01693996	34.232
0.0169392	0.449
0.01693904	5.0
0.01685998	0.91871259
0.01681093	392.505
0.01681066	235.007
0.01681065	342.32
0.01681062	1.000001
0.01672333	1.25
0.01660227	0.05677778
0.0166	0.53029503
0.01653719	0.5
0.01650485	0.29099761
0.0165	0.8
0.01648	1.0
0.01647251	163.91695383
0.01647222	10.0
0.01647027	342.32
0.01646484	0.27468959
0.01644337	18.62003531
0.01644205	1.09475399
0.0164071	6.09309597
0.01640709	0.859
0.0164	0.05
0.01637527	0.37388344
0.01633408	0.8783209
0.01631055	0.85218408
0.0163	49.89753393
0.0162892	0.12355568
0.01622999	4.59374645
0.0162	20.2
0.0161645	0.05181726
0.01614539	0.06193718
0.01614168	1.0
0.01613868	0.06196294
0.01611	216.7132216
0.0161	14.27761016
0.0160886	0.05859055
0.0160675	0.101186
0.01606649	0.11881
0.01605614	0.17395215
0.01603547	0.05878407
0.01603546	0.0587841
0.01603543	0.0587842
0.01601942	0.25830448
0.01600805	0.10466358
0.01600374	0.18698754
0.01600373	5.37030057
0.01600312	3.042e-05
0.01600011	31.17166069
0.016	160.83121925
0.01599764	0.05892369
0.01598318	1.41075425
0.01598179	0.05240901
0.01597957	0.03787431
0.015927	6.875
0.01591986	93.9860309
0.0159159	0.10215
0.0159073	0.852
0.0159	1.0
0.0158893	31.38926528
0.015801	3.46978175
0.0158	10.53573317
0.01579951	6.3293102
0.01575	804.61338347
0.0157	49.61930552
0.0156938	0.103595
0.01565615	6.84204955
0.01565606	0.22
0.01562653	0.03900156
0.01560333	46.46902723
0.0156	165.62548077
0.01554777	0.05
0.01553766	0.80289739
0.01553398	0.27280722
0.01550008	1.375
0.0155	124.0
0.0154872	0.03220723
0.01546578	0.2725
0.0154072	0.105523
0.0154	52.0
0.01538694	56.3592388
0.01534	9.6842177
0.01530003	43.81663696
0.01530002	47.0
0.01530001	30.0
0.0153	50.05727606
0.0152344	1.30953631
0.0152	52.23125
0.01515	10.0
0.0151	50.0
0.01504854	0.26834948
0.015	111.87062175
0.01493064	0.297025
0.01492659	3.34135258
0.01492657	0.66827141
0.01713447	7.10576211
0.01710226	74.825
0.01710225	153.258
0.0171	0.33112078
0.01694015	10.11257491
0.01694014	34.232
0.01694013	0.02962869
0.0169392	0.449
0.01693904	5.0
0.01687554	6.51831186
0.01685998	0.91871259
0.01681094	601.381
0.01681065	342.32
0.01681062	1.000001
0.01672333	1.25
0.01660227	0.05677778
0.0166	0.53029503
0.01653719	0.5
0.01650485	0.29099761
0.0165	0.8
0.01648	1.0
0.01647251	10.0
0.01647222	10.0
0.01647027	342.32
0.01646484	0.27468959
0.01644337	18.62003531
0.01644205	1.09475399
0.0164071	6.09309597
0.01640709	0.859
0.0164	0.05
0.01637527	0.37388344
0.01633408	0.8783209
0.01631055	0.85218408
0.0163	49.89753393
0.0162892	0.12355568
0.01622999	4.59374645
0.0162	20.2
0.0161645	0.05181726
0.01614539	0.06193718
0.01614168	1.0
0.01613868	0.06196294
0.01611	216.7132216
0.0161	14.27761016
0.0160886	0.05859055
0.0160675	0.101186
0.01606649	0.11881
0.01605614	0.17395215
0.01603547	0.05878407
0.01603546	0.0587841
0.01603543	0.0587842
0.01601942	0.25830448
0.01600805	0.10466358
0.01600374	0.18698754
0.01600373	5.37030057
0.01600312	3.042e-05
0.01600011	31.17166069
0.016	160.83121925
0.01599764	0.05892369
0.01598318	1.41075425
0.01598179	0.05240901
0.01597957	0.03787431
0.015927	6.875
0.01591986	93.9860309
0.01591591	153.91695383
0.0159159	0.10215
0.0159073	0.852
0.0159	1.0
0.0158893	31.38926528
0.015801	3.46978175
0.0158	10.53573317
0.01579951	6.3293102
0.01575	804.61338347
0.0157	49.61930552
0.0156938	0.103595
0.01565615	6.84204955
0.01565606	0.22
0.01562653	0.03900156
0.01560333	46.46902723
0.0156	165.62548077
0.01554777	0.05
0.01553766	0.80289739
0.01553398	0.27280722
0.01550008	1.375
0.0155	124.0
0.0154872	0.03220723
0.01546578	0.2725
0.0154072	0.105523
0.0154	52.0
0.01538694	56.3592388
0.01534	9.6842177
0.01530003	43.81663696
0.01530002	47.0
0.01530001	30.0
0.0153	50.05727606
0.0152344	1.30953631
0.0152	52.23125
0.01515	10.0
0.0151	50.0
0.01504854	0.26834948
0.015	111.87062175
0.01713447	0.63538262
0.01710264	59.825
0.01710263	159.44751213
0.0171	0.33112078
0.01694018	34.232
0.0169392	0.449
0.01693904	5.0
0.01685998	0.91871259
0.01681094	601.381
0.01681066	12.044
0.01681065	342.32
0.01681062	1.000001
0.01672333	1.25
0.01660227	0.05677778
0.0166	0.53029503
0.01653719	0.5
0.01650485	0.29099761
0.0165	0.8
0.01648	1.0
0.01647251	10.0
0.01647222	10.0
0.01647027	342.32
0.01646484	0.27468959
0.01644337	18.62003531
0.01644205	1.09475399
0.0164071	6.09309597
0.01640709	0.859
0.0164	0.05
0.01637527	0.37388344
0.01633408	0.8783209
0.01631055	0.85218408
0.0163	49.89753393
0.0162892	0.12355568
0.01622999	4.59374645
0.0162	20.2
0.0161645	0.05181726
0.01614539	0.06193718
0.01614168	1.0
0.01613868	0.06196294
0.01611	216.7132216
0.0161	14.27761016
0.0160886	0.05859055
0.0160675	0.101186
0.01606649	0.11881
0.01605614	0.17395215
0.01603547	0.05878407
0.01603546	0.0587841
0.01603543	0.0587842
0.01601942	0.25830448
0.01600805	0.10466358
0.01600374	0.18698754
0.01600373	5.37030057
0.01600312	3.042e-05
0.01600011	31.17166069
0.016	160.83121925
0.01599764	0.05892369
0.01598318	1.41075425
0.01598179	0.05240901
0.01597957	0.03787431
0.015927	6.875
0.01591986	93.9860309
0.01591591	153.91695383
0.0159159	0.10215
0.0159073	0.852
0.0159	1.0
0.0158893	31.38926528
0.015801	3.46978175
0.0158	10.53573317
0.01579951	6.3293102
0.01575	804.61338347
0.01570001	1.05507571
0.0157	49.61930552
0.0156938	0.103595
0.01565606	0.22
0.01562653	0.03900156
0.01560333	46.46902723
0.0156	165.62548077
0.01554777	0.05
0.01553766	0.80289739
0.01553398	0.27280722
0.01550008	1.375
0.0155	124.0
0.0154872	0.03220723
0.01546578	0.2725
0.0154072	0.105523
0.0154	52.0
0.01538694	56.3592388
0.01534	9.6842177
0.01530003	43.81663696
0.01530002	47.0
0.01530001	30.0
0.0153	50.05727606
0.0152344	1.30953631
0.0152	52.23125
0.01515	10.0
0.0151	50.0
0.01504854	0.26834948
0.015	111.87062175
0.01493064	0.297025
0.01492659	3.34135258
0.01713447	0.63538262
0.01710308	10.01624859
0.01710307	150.333
0.01710306	60.198
0.0171	0.33112078
0.0169402	34.232
0.0169392	0.449
0.01693904	5.0
0.01685998	0.91871259
0.01683659	6.53338793
0.01681094	601.381
0.01681067	16.469
0.01681065	342.32
0.01681062	1.000001
0.01672333	1.25
0.01660227	0.05677778
0.0166	0.53029503
0.01653719	0.5
0.01650485	0.29099761
0.0165	0.8
0.01648	1.0
0.01647251	10.0
0.01647222	10.0
0.01647027	342.32
0.01646484	0.27468959
0.01644337	18.62003531
0.01644205	1.09475399
0.0164071	6.09309597
0.01640709	0.859
0.0164	0.05
0.01637527	0.37388344
0.01633408	0.8783209
0.01631055	0.85218408
0.0163	49.89753393
0.0162892	0.12355568
0.01622999	4.59374645
0.0162	20.2
0.0161645	0.05181726
0.01614539	0.06193718
0.01614168	1.0
0.01613868	0.06196294
0.01611	216.7132216
0.0161	14.27761016
0.0160886	0.05859055
0.0160675	0.101186
0.01606649	0.11881
0.01605614	0.17395215
0.01603547	0.05878407
0.01603546	0.0587841
0.01603543	0.0587842
0.01601942	0.25830448
0.01600805	0.10466358
0.01600374	0.18698754
0.01600373	5.37030057
0.01600312	3.042e-05
0.01600011	31.17166069
0.016	160.83121925
0.01599764	0.05892369
0.01598318	1.41075425
0.01598179	0.05240901
0.01597957	0.03787431
0.015927	6.875
0.01591986	93.9860309
0.01591591	153.91695383
0.0159159	0.10215
0.0159073	0.852
0.0159	1.0
0.0158893	31.38926528
0.015801	3.46978175
0.0158	10.53573317
0.01579951	6.3293102
0.01575	804.61338347
0.01570001	1.05507571
0.0157	49.61930552
0.0156938	0.103595
0.01565606	0.22
0.01562653	0.03900156
0.01560333	46.46902723
0.0156	165.62548077
0.01554777	0.05
0.01553766	0.80289739
0.01553398	0.27280722
0.01550008	1.375
0.0155	124.0
0.0154872	0.03220723
0.01546578	0.2725
0.0154072	0.105523
0.0154	52.0
0.01538694	56.3592388
0.01534	9.6842177
0.01530003	43.81663696
0.01530002	47.0
0.01530001	30.0
0.0153	50.05727606
0.0152344	1.30953631
0.0152	52.23125
0.01515	10.0
0.0151	50.0
0.01504854	0.26834948
0.015	111.87062175
0.01713447	0.63538262
0.01710347	29.259
0.01710346	10.01602605
0.0171	0.33112078
0.01694032	34.232
0.01694031	143.245
0.01694025	0.447
0.01693904	5.0
0.01685998	0.91871259
0.01683547	6.53382606
0.01681094	601.381
0.01681065	342.32
0.01681062	1.000001
0.01672333	1.25
0.01660227	0.05677778
0.0166	0.53029503
0.01653719	0.5
0.01650485	0.29099761
0.0165	0.8
0.01648	1.0
0.01647251	10.0
0.01647222	10.0
0.01647027	342.32
0.01646484	0.27468959
0.01644337	18.62003531
0.01644205	1.09475399
0.0164071	6.09309597
0.01640709	0.861
0.0164	0.05
0.01637527	0.37388344
0.01633408	0.8783209
0.01631055	0.85218408
0.0163	49.89753393
0.0162892	0.12355568
0.01622999	4.59374645
0.0162	20.2
0.0161645	0.05181726
0.01614539	0.06193718
0.01614168	1.0
0.01613868	0.06196294
0.01611	216.7132216
0.0161	14.27761016
0.0160886	0.05859055
0.0160675	0.101186
0.01606649	0.11881
0.01605614	0.17395215
0.01603547	0.05878407
0.01603546	0.0587841
0.01603543	0.0587842
0.01601942	0.25830448
0.01600805	0.10466358
0.01600374	0.18698754
0.01600373	5.37030057
0.01600312	3.042e-05
0.01600011	31.17166069
0.016	160.83121925
0.01599764	0.05892369
0.01598318	1.41075425
0.01598179	0.05240901
0.01597957	0.03787431
0.015927	6.875
0.01591986	93.9860309
0.01591591	153.91695383
0.0159159	0.10215
0.0159073	0.852
0.0159	1.0
0.0158893	31.38926528
0.015801	3.46978175
0.0158	10.53573317
0.01579951	6.3293102
0.01575	804.61338347
0.01570001	1.05507571
0.0157	49.61930552
0.0156938	0.103595
0.01565606	0.22
0.01562653	0.03900156
0.01560333	46.46902723
0.0156	165.62548077
0.01554777	0.05
0.01553766	0.80289739
0.01553398	0.27280722
0.01550008	1.375
0.0155	124.0
0.0154872	0.03220723
0.01546578	0.2725
0.0154072	0.105523
0.0154	52.0
0.01538694	56.3592388
0.01534	9.6842177
0.01530003	43.81663696
0.01530002	47.0
0.01530001	30.0
0.0153	50.05727606
0.0152344	1.30953631
0.0152	52.23125
0.01515	10.0
0.0151	50.0
0.01504854	0.26834948
0.015	111.87062175
0.01493064	0.297025
0.01711004	28.051
0.01711003	10.01218004
0.01711	5.53958464
0.0171	0.9677842
0.01694055	28.2081
0.01694054	145.485
0.01694047	34.232
0.01694025	0.447
0.01693904	5.0
0.01687548	45.28
0.01685998	0.91871259
0.01681094	378.3
0.01681066	241.919
0.01681065	342.32
0.01681062	1.000001
0.01672334	153.91695383
0.01672333	1.25
0.01660227	0.05677778
0.0166	0.53029503
0.01653719	0.5
0.01650485	0.29099761
0.0165	0.8
0.01648	1.0
0.01647251	10.0
0.01647222	10.0
0.01647027	342.32
0.01646484	0.27468959
0.01644337	18.62003531
0.01644205	1.09475399
0.0164071	6.09309597
0.01640709	0.861
0.0164	0.05
0.01637527	0.37388344
0.01633408	0.8783209
0.01631055	0.85218408
0.0163	49.89753393
0.0162892	0.12355568
0.01622999	4.59374645
0.0162	20.2
0.0161645	0.05181726
0.01614539	0.06193718
0.01614168	1.0
0.01613868	0.06196294
0.01611	216.7132216
0.0161	14.27761016
0.0160886	0.05859055
0.0160675	0.101186
0.01606649	0.11881
0.01605614	0.17395215
0.01603547	0.05878407
0.01603546	0.0587841
0.01603543	0.0587842
0.01601942	0.25830448
0.01600805	0.10466358
0.01600374	0.18698754
0.01600373	5.37030057
0.01600312	3.042e-05
0.01600011	31.17166069
0.016	160.83121925
0.01599764	0.05892369
0.01598318	1.41075425
0.01598179	0.05240901
0.01597957	0.03787431
0.015927	6.875
0.01591986	93.9860309
0.0159159	0.10215
0.0159073	0.852
0.0159	1.0
0.0158893	31.38926528
0.015801	3.46978175
0.0158	10.53573317
0.01579951	6.3293102
0.01575	804.61338347
0.01570001	1.05507571
0.0157	49.61930552
0.0156938	0.103595
0.01565606	0.22
0.01562653	0.03900156
0.01560333	46.46902723
0.0156	165.62548077
0.01554777	0.05
0.01553766	0.80289739
0.01553398	0.27280722
0.01550008	1.375
0.0155	124.0
0.0154872	0.03220723
0.01546578	0.2725
0.0154072	0.105523
0.0154	52.0
0.01538694	56.3592388
0.01534	9.6842177
0.01530003	43.81663696
0.01530002	47.0
0.01530001	30.0
0.0153	50.05727606
0.0152344	1.30953631
0.0152	52.23125
0.01515	10.0
0.0151	50.0
0.01504854	0.26834948
0.01712046	245.26808049
0.01712044	1.35991861
0.01712037	0.26574645
0.0171202	5.5362823
0.0171	0.9677842
0.01694025	0.447
0.01693904	5.0
0.01690736	6.50604234
0.0168757	626.042
0.01687549	34.232
0.01685998	0.91871259
0.01681065	342.32
0.01681062	1.000001
0.01672333	1.25
0.01660228	154.1368091
0.01660227	0.05677778
0.0166	0.53029503
0.01653719	0.5
0.01650485	0.29099761
0.0165	0.8
0.01648	1.0
0.01647251	10.0
0.01647222	10.0
0.01647027	342.32
0.01646484	0.27468959
0.01644337	18.62003531
0.01644205	1.09475399
0.0164071	6.09309597
0.01640709	0.861
0.0164	0.05
0.01637527	0.37388344
0.01633408	0.8783209
0.01631055	0.85218408
0.0163	49.89753393
0.0162892	0.12355568
0.01622999	4.59374645
0.0162	20.2
0.0161645	0.05181726
0.01614539	0.06193718
0.01614168	1.0
0.01613868	0.06196294
0.01611	216.7132216
0.0161	14.27761016
0.0160886	0.05859055
0.0160675	0.101186
0.01606649	0.11881
0.01605614	0.17395215
0.01603547	0.05878407
0.01603546	0.0587841
0.01603543	0.0587842
0.01601942	0.25830448
0.01600805	0.10466358
0.01600374	0.18698754
0.01600373	5.37030057
0.01600312	3.042e-05
0.01600011	31.17166069
0.016	160.83121925
0.01599764	0.05892369
0.01598318	1.41075425
0.01598179	0.05240901
0.01597957	0.03787431
0.015927	6.875
0.01591986	93.9860309
0.0159159	0.10215
0.0159073	0.852
0.0159	1.0
0.0158893	31.38926528
0.015801	3.46978175
0.0158	10.53573317
0.01579951	6.3293102
0.01575	804.61338347
0.01570001	1.05507571
0.0157	49.61930552
0.0156938	0.103595
0.01565606	0.22
0.01562653	0.03900156
0.01560333	46.46902723
0.0156	165.62548077
0.01554777	0.05
0.01553766	0.80289739
0.01553398	0.27280722
0.01550008	1.375
0.0155	124.0
0.0154872	0.03220723
0.01546578	0.2725
0.0154072	0.105523
0.0154	52.0
0.01538694	56.3592388
0.01534	9.6842177
0.01530003	43.81663696
0.01530002	47.0
0.01530001	30.0
0.0153	50.05727606
0.0152344	1.30953631
0.0152	52.23125
0.01515	10.0
0.0151	50.0
0.01504854	0.26834948
0.015	111.87062175
0.01493064	0.297025
0.01713507	70.163
0.01713506	6.74075368
0.01713502	152.562
0.01713501	18.837
0.01713495	9.99761895
0.01713447	2.14426985
0.0171	0.9677842
0.01694032	34.232
0.01694031	7.1872094
0.01694025	0.447
0.01685998	0.91871259
0.01681067	28.2564
0.01681066	625.497
0.01681065	342.32
0.01681062	1.000001
0.01672334	154.0388582
0.01672333	1.25
0.01660227	0.05677778
0.0166	0.53029503
0.01653719	0.5
0.01650485	0.29099761
0.0165	0.8
0.01648	1.0
0.01647251	10.0
0.01647222	10.0
0.01647027	342.32
0.01646484	0.27468959
0.01644337	18.62003531
0.01644205	1.09475399
0.0164071	6.09309597
0.01640709	0.861
0.0164	0.05
0.01637527	0.37388344
0.01633408	0.8783209
0.01631055	0.85218408
0.0163	49.89753393
0.0162892	0.12355568
0.01622999	4.59374645
0.0162	20.2
0.0161645	0.05181726
0.01614539	0.06193718
0.01614168	1.0
0.01613868	0.06196294
0.01611	216.7132216
0.0161	14.27761016
0.0160886	0.05859055
0.0160675	0.101186
0.01606649	0.11881
0.01605614	0.17395215
0.01603547	0.05878407
0.01603546	0.0587841
0.01603543	0.0587842
0.01601942	0.25830448
0.01600805	0.10466358
0.01600374	0.18698754
0.01600373	5.37030057
0.01600312	3.042e-05
0.01600011	31.17166069
0.016	160.83121925
0.01599764	0.05892369
0.01598318	1.41075425
0.01598179	0.05240901
0.01597957	0.03787431
0.015927	6.875
0.01591986	93.9860309
0.0159159	0.10215
0.0159073	0.852
0.0159	1.0
0.0158893	31.38926528
0.015801	3.46978175
0.0158	10.53573317
0.01579951	6.3293102
0.01575	804.61338347
0.01570001	1.05507571
0.0157	49.61930552
0.0156938	0.103595
0.01565606	0.22
0.01562653	0.03900156
0.01560333	46.46902723
0.0156	165.62548077
0.01554777	0.05
0.01553766	0.80289739
0.01553398	0.27280722
0.01550008	1.375
0.0155	124.0
0.0154872	0.03220723
0.01546578	0.2725
0.0154072	0.105523
0.0154	52.0
0.01538694	56.3592388
0.01534	9.6842177
0.01530003	43.81663696
0.01530002	47.0
0.01530001	30.0
0.0153	50.05727606
0.0152344	1.30953631
0.0152	52.23125
0.01515	10.0
0.0151	50.0
0.01504854	0.26834948
0.01713628	18.9814
0.01713627	17.37766414
0.01713623	150.185
0.01713622	9.99687801
0.0171	0.9677842
0.0169853	34.232
0.01698523	5.0
0.01694031	7.1872094
0.01694025	0.447
0.01689799	6.50965189
0.01685998	0.91871259
0.01681073	389.62
0.01681067	240.435
0.01681065	342.32
0.01681062	1.000001
0.01672334	154.0388582
0.01672333	1.25
0.01660227	0.05677778
0.0166	0.53029503
0.01653719	0.5
0.01650485	0.29099761
0.0165	0.8
0.01648	1.0
0.01647251	10.0
0.01647222	10.0
0.01647027	342.32
0.01646484	0.27468959
0.01644337	18.62003531
0.01644205	1.09475399
0.0164071	6.09309597
0.01640709	0.861
0.0164	0.05
0.01637527	0.37388344
0.01633408	0.8783209
0.01631055	0.85218408
0.0163	49.89753393
0.0162892	0.12355568
0.01622999	4.59374645
0.0162	20.2
0.0161645	0.05181726
0.01614539	0.06193718
0.01614168	1.0
0.01613868	0.06196294
0.01611	216.7132216
0.0161	14.27761016
0.0160886	0.05859055
0.0160675	0.101186
0.01606649	0.11881
0.01605614	0.17395215
0.01603547	0.05878407
0.01603546	0.0587841
0.01603543	0.0587842
0.01601942	0.25830448
0.01600805	0.10466358
0.01600374	0.18698754
0.01600373	5.37030057
0.01600312	3.042e-05
0.01600011	31.17166069
0.016	160.83121925
0.01599764	0.05892369
0.01598318	1.41075425
0.01598179	0.05240901
0.01597957	0.03787431
0.015927	6.875
0.01591986	93.9860309
0.0159159	0.10215
0.0159073	0.852
0.0159	1.0
0.0158893	31.38926528
0.015801	3.46978175
0.0158	10.53573317
0.01579951	6.3293102
0.01575	804.61338347
0.01571	1.58736474
0.01570001	1.05507571
0.0157	49.61930552
0.0156938	0.103595
0.01565606	0.22
0.01562653	0.03900156
0.01560333	46.46902723
0.0156	165.62548077
0.01554777	0.05
0.01553766	0.80289739
0.01553398	0.27280722
0.01550008	1.375
0.0155	124.0
0.0154872	0.03220723
0.01546578	0.2725
0.0154072	0.105523
0.0154	52.0
0.01538694	56.3592388
0.01534	9.6842177
0.01530003	43.81663696
0.01530002	47.0
0.01530001	30.0
0.0153	50.05727606
0.0152344	1.30953631
0.0152	52.23125
0.01515	10.0
0.0151	50.0
0.01714746	77.545
0.01714745	17.37116386
0.01714741	73.426
0.0171474	47.2088
0.01714636	5.52783073
0.01710001	10.01804682
0.0171	0.83834487
0.01698532	34.232
0.01698523	5.0
0.01694031	7.1872094
0.01694025	0.447
0.01687549	6.51832925
0.01685998	0.91871259
0.01681078	622.382
0.01681077	18.8612
0.01681065	342.32
0.01681062	1.000001
0.01672334	154.0388582
0.01672333	1.25
0.01660227	0.05677778
0.0166	0.53029503
0.01653719	0.5
0.01650485	0.29099761
0.0165	0.8
0.01648	1.0
0.01647251	10.0
0.01647222	10.0
0.01647027	342.32
0.01646484	0.27468959
0.01644337	18.62003531
0.01644205	1.09475399
0.0164071	6.09309597
0.01640709	0.861
0.0164	0.05
0.01637527	0.37388344
0.01633408	0.8783209
0.01631055	0.85218408
0.0163	49.89753393
0.0162892	0.12355568
0.01622999	4.59374645
0.0162	20.2
0.0161645	0.05181726
0.01614539	0.06193718
0.01614168	1.0
0.01613868	0.06196294
0.01611	216.7132216
0.0161	14.27761016
0.0160886	0.05859055
0.0160675	0.101186
0.01606649	0.11881
0.01605614	0.17395215
0.01603547	0.05878407
0.01603546	0.0587841
0.01603543	0.0587842
0.01601942	0.25830448
0.01600805	0.10466358
0.01600374	0.18698754
0.01600373	5.37030057
0.01600312	3.042e-05
0.01600011	31.17166069
0.016	160.83121925
0.01599764	0.05892369
0.01598318	1.41075425
0.01598179	0.05240901
0.01597957	0.03787431
0.015927	6.875
0.01591986	93.9860309
0.0159159	0.10215
0.0159073	0.852
0.0159	1.0
0.0158893	31.38926528
0.015801	3.46978175
0.0158	10.53573317
0.01579951	6.3293102
0.01575	804.61338347
0.01571	1.58736474
0.01570001	1.05507571
0.0157	49.61930552
0.0156938	0.103595
0.01565606	0.22
0.01562653	0.03900156
0.01560333	46.46902723
0.0156	165.62548077
0.01554777	0.05
0.01553766	0.80289739
0.01553398	0.27280722
0.01550008	1.375
0.0155	124.0
0.0154872	0.03220723
0.01546578	0.2725
0.0154072	0.105523
0.0154	52.0
0.01538694	56.3592388
0.01534	9.6842177
0.01530003	43.81663696
0.01530002	47.0
0.01530001	30.0
0.0153	50.05727606
0.0152344	1.30953631
0.0152	52.23125
0.01720018	74.514
0.01710001	10.01804682
0.0171	0.83834487
0.01698538	34.232
0.01698523	5.0
0.01694032	148.034
0.01694031	7.1872094
0.01694025	0.447
0.01687549	6.51832925
0.01685998	0.91871259
0.01681086	399.228
0.01681067	223.564
0.01681066	153.32974582
0.01681065	342.32
0.01681062	1.000001
0.01672333	1.25
0.01660227	0.05677778
0.0166	0.53029503
0.01653719	0.5
0.01650485	0.29099761
0.0165	0.8
0.01648	1.0
0.01647251	10.0
0.01647222	10.0
0.01647027	342.32
0.01646484	0.27468959
0.01644337	18.62003531
0.01644205	1.09475399
0.0164071	6.09309597
0.01640709	0.861
0.0164	0.05
0.01637527	0.37388344
0.01633408	0.8783209
0.01631055	0.85218408
0.0163	49.89753393
0.0162892	0.12355568
0.01622999	4.59374645
0.0162	20.2
0.0161645	0.05181726
0.01614539	0.06193718
0.01614168	1.0
0.01613868	0.06196294
0.01611	216.7132216
0.0161	14.27761016
0.0160886	0.05859055
0.0160675	0.101186
0.01606649	0.11881
0.01605614	0.17395215
0.01603547	0.05878407
0.01603546	0.0587841
0.01603543	0.0587842
0.01601942	0.25830448
0.01600805	0.10466358
0.01600374	0.18698754
0.01600373	5.37030057
0.01600312	3.042e-05
0.01600011	31.17166069
0.016	160.83121925
0.01599764	0.05892369
0.01598318	1.41075425
0.01598179	0.05240901
0.01597957	0.03787431
0.015927	6.875
0.01591986	93.9860309
0.0159159	0.10215
0.0159073	0.852
0.0159	1.0
0.0158893	31.38926528
0.015801	3.46978175
0.0158	10.53573317
0.01579951	6.3293102
0.01575	804.61338347
0.01571	1.58736474
0.01570001	1.05507571
0.0157	49.61930552
0.0156938	0.103595
0.01565606	0.22
0.01562653	0.03900156
0.01560333	46.46902723
0.0156	165.62548077
0.01554777	0.05
0.01553766	0.80289739
0.01553398	0.27280722
0.01550008	1.375
0.0155	124.0
0.0154872	0.03220723
0.01546578	0.2725
0.0154072	0.105523
0.0154	52.0
0.01538694	56.3592388
0.01534	9.6842177
0.01530003	43.81663696
0.01530002	47.0
0.01530001	30.0
0.0153	50.05727606
0.0152344	1.30953631
0.0152	52.23125
0.01515	10.0
0.0151	50.0
0.01504854	0.26834948
0.01725	39.46157244
0.01720052	76.301
0.01720051	151.444
0.01710001	10.01804682
0.0171	0.83834487
0.0169854	34.36231266
0.01698539	7.16812999
0.01698523	5.0
0.01694025	0.447
0.01685998	0.91871259
0.01681098	152.88611176
0.01681097	620.287
0.01681065	342.32
0.01681062	1.000001
0.01672333	1.25
0.01660227	0.05677778
0.0166	0.53029503
0.01653719	0.5
0.01650485	0.29099761
0.0165	0.8
0.01648	1.0
0.01647251	10.0
0.01647222	10.0
0.01647027	342.32
0.01646484	0.27468959
0.01644337	18.62003531
0.01644205	1.09475399
0.0164071	6.09309597
0.01640709	0.861
0.0164	0.05
0.01637527	0.37388344
0.01633408	0.8783209
0.01631055	0.85218408
0.0163	49.89753393
0.0162892	0.12355568
0.01622999	4.59374645
0.0162	20.2
0.0161645	0.05181726
0.01614539	0.06193718
0.01614168	1.0
0.01613868	0.06196294
0.01611	216.7132216
0.0161	14.27761016
0.0160886	0.05859055
0.0160675	0.101186
0.01606649	0.11881
0.01605614	0.17395215
0.01603547	0.05878407
0.01603546	0.0587841
0.01603543	0.0587842
0.01601942	0.25830448
0.01600805	0.10466358
0.01600374	0.18698754
0.01600373	5.37030057
0.01600312	3.042e-05
0.01600011	31.17166069
0.016	160.83121925
0.01599764	0.05892369
0.01598318	1.41075425
0.01598179	0.05240901
0.01597957	0.03787431
0.015927	6.875
0.01591986	93.9860309
0.0159159	0.10215
0.0159073	0.852
0.0159	1.0
0.0158893	31.38926528
0.015801	3.46978175
0.0158	10.53573317
0.01579951	6.3293102
0.01575	804.61338347
0.01571	1.58736474
0.01570001	1.05507571
0.0157	49.61930552
0.0156938	0.103595
0.01565606	0.22
0.01562653	0.03900156
0.01560333	46.46902723
0.0156	165.62548077
0.01554777	0.05
0.01553766	0.80289739
0.01553398	0.27280722
0.01550008	1.375
0.0155	124.0
0.0154872	0.03220723
0.01546578	0.2725
0.0154072	0.105523
0.0154	52.0
0.01538694	56.3592388
0.01534	9.6842177
0.01530003	43.81663696
0.01530002	47.0
0.01530001	30.0
0.0153	50.05727606
0.0152344	1.30953631
0.0152	52.23125
0.01515	10.0
0.0151	50.0
0.01504854	0.26834948
0.015	111.87062175
0.01725	39.46157244
0.0172009	143.384
0.01720089	70.988
0.01713448	9.99789319
0.01713447	0.02918076
0.0171	0.83834487
0.01698544	34.232
0.01698539	7.16812999
0.01698523	5.0
0.01694025	0.447
0.01689804	6.5096307
0.01685998	0.91871259
0.01681069	18.3903
0.01681068	629.341
0.01681065	342.32
0.01681062	1.000001
0.01672334	152.88611176
0.01672333	1.25
0.01660227	0.05677778
0.0166	0.53029503
0.01653719	0.5
0.01650485	0.29099761
0.0165	0.8
0.01648	1.0
0.01647251	10.0
0.01647222	10.0
0.01647027	342.32
0.01646484	0.27468959
0.01644337	18.62003531
0.01644205	1.09475399
0.0164071	6.09309597
0.01640709	0.861
0.0164	0.05
0.01637527	0.37388344
0.01633408	0.8783209
0.01631055	0.85218408
0.0163	49.89753393
0.0162892	0.12355568
0.01622999	4.59374645
0.0162	20.2
0.0161645	0.05181726
0.01614539	0.06193718
0.01614168	1.0
0.01613868	0.06196294
0.01611	216.7132216
0.0161	14.27761016
0.0160886	0.05859055
0.0160675	0.101186
0.01606649	0.11881
0.01605614	0.17395215
0.01603547	0.05878407
0.01603546	0.0587841
0.01603543	0.0587842
0.01601942	0.25830448
0.01600805	0.10466358
0.01600374	0.18698754
0.01600373	5.37030057
0.01600312	3.042e-05
0.01600011	31.17166069
0.016	160.83121925
0.01599764	0.05892369
0.01598318	1.41075425
0.01598179	0.05240901
0.01597957	0.03787431
0.015927	6.875
0.0159159	0.10215
0.0159073	0.852
0.0159	1.0
0.0158893	31.38926528
0.015801	3.46978175
0.0158	10.53573317
0.01579951	6.3293102
0.01575	804.61338347
0.01571	1.58736474
0.01570001	1.05507571
0.0157	49.61930552
0.0156938	0.103595
0.01565606	0.22
0.01562653	0.03900156
0.01560333	46.46902723
0.0156	165.62548077
0.01554777	0.05
0.01553766	0.80289739
0.01553398	0.27280722
0.01550008	1.375
0.0155	124.0
0.0154872	0.03220723
0.01546578	0.2725
0.0154072	0.105523
0.0154	52.0
0.01538694	56.3592388
0.01534	9.6842177
0.01530003	43.81663696
0.01530002	47.0
0.01530001	30.0
0.0153	50.05727606
0.0152344	1.30953631
0.0152	52.23125
0.01515	10.0
0.0151	50.0
0.01725	46.51974539
0.01720129	63.55
0.01720128	152.867
0.01713448	9.99789319
0.01713447	0.02918076
0.0171	0.20168145
0.01698546	34.232
0.01698523	5.0
0.01694025	0.447
0.01685998	0.91871259
0.01684562	6.52988884
0.01681074	16.343
0.01681073	604.808
0.01681072	18.1272
0.01681065	342.32
0.01681062	1.000001
0.01672334	152.88611176
0.01672333	1.25
0.01660227	0.05677778
0.0166	0.53029503
0.01653719	0.5
0.01650485	0.29099761
0.0165	0.8
0.01648	1.0
0.01647251	10.0
0.01647222	10.0
0.01647027	342.32
0.01646484	0.27468959
0.01644337	18.62003531
0.01644205	1.09475399
0.0164071	6.09309597
0.01640709	0.861
0.0164	0.05
0.01637527	0.37388344
0.01633408	0.8783209
0.01631055	0.85218408
0.0163	49.89753393
0.0162892	0.12355568
0.01622999	4.59374645
0.0162	20.2
0.0161645	0.05181726
0.01614539	0.06193718
0.01614168	1.0
0.01613868	0.06196294
0.01611	216.7132216
0.0161	14.27761016
0.0160886	0.05859055
0.0160675	0.101186
0.01606649	0.11881
0.01605614	0.17395215
0.01603547	0.05878407
0.01603546	0.0587841
0.01603543	0.0587842
0.01601942	0.25830448
0.01600805	0.10466358
0.01600374	0.18698754
0.01600373	5.37030057
0.01600312	3.042e-05
0.01600011	31.17166069
0.016	160.83121925
0.01599764	0.05892369
0.01598318	1.41075425
0.01598179	0.05240901
0.01597957	0.03787431
0.015927	6.875
0.0159159	0.10215
0.0159073	0.852
0.0159	1.0
0.0158893	31.38926528
0.015801	3.46978175
0.0158	10.53573317
0.01579951	6.3293102
0.01575	804.61338347
0.01571	1.58736474
0.01570001	1.05507571
0.0157	49.61930552
0.0156938	0.103595
0.01565606	0.22
0.01562653	0.03900156
0.01560333	46.46902723
0.0156	165.62548077
0.01554777	0.05
0.01553766	0.80289739
0.01553398	0.27280722
0.01550008	1.375
0.0155	124.0
0.0154872	0.03220723
0.01546578	0.2725
0.0154072	0.105523
0.0154	52.0
0.01538694	56.3592388
0.01534	9.6842177
0.01530003	43.81663696
0.01530002	47.0
0.01530001	30.0
0.0153	50.05727606
0.0152344	1.30953631
0.0152	52.23125
0.01515	10.0
0.0151	50.0
0.01725	45.28906357
0.0172	0.63296189
0.01713449	71.264
0.01713448	9.99789319
0.01713447	0.02918076
0.01710669	10.0
0.0171	0.20168145
0.01698523	5.0
0.01694025	0.447
0.01686001	34.232
0.01685999	3.26752375
0.01685998	0.91871259
0.01683232	6.53504751
0.01681073	604.808
0.01681065	342.32
0.01681062	1.000001
0.01672334	152.88611176
0.01672333	1.25
0.01660227	0.05677778
0.0166	0.53029503
0.01653719	0.5
0.01650485	0.29099761
0.0165	0.8
0.01648	1.0
0.01647251	10.0
0.01647222	10.0
0.01647027	342.32
0.01646484	0.27468959
0.01644337	18.62003531
0.01644205	1.09475399
0.0164071	6.09309597
0.01640709	0.861
0.0164	0.05
0.01637527	0.37388344
0.01633408	0.8783209
0.01631055	0.85218408
0.0163	49.89753393
0.0162892	0.12355568
0.01622999	4.59374645
0.0162	20.2
0.0161645	0.05181726
0.01614539	0.06193718
0.01614168	1.0
0.01613868	0.06196294
0.01611	216.7132216
0.0161	14.27761016
0.0160886	0.05859055
0.0160675	0.101186
0.01606649	0.11881
0.01605614	0.17395215
0.01603547	0.05878407
0.01603546	0.0587841
0.01603543	0.0587842
0.01601942	0.25830448
0.01600805	0.10466358
0.01600374	0.18698754
0.01600373	5.37030057
0.01600312	3.042e-05
0.01600011	31.17166069
0.016	160.83121925
0.01599764	0.05892369
0.01598318	1.41075425
0.01598179	0.05240901
0.01597957	0.03787431
0.015927	6.875
0.0159159	0.10215
0.0159073	0.852
0.0159	1.0
0.0158893	31.38926528
0.015801	3.46978175
0.0158	10.53573317
0.01579951	6.3293102
0.01575	804.61338347
0.01571	1.58736474
0.01570001	1.05507571
0.0157	49.61930552
0.0156938	0.103595
0.01565606	0.22
0.01562653	0.03900156
0.01560333	46.46902723
0.0156	165.62548077
0.01554777	0.05
0.01553766	0.80289739
0.01553398	0.27280722
0.01550008	1.375
0.0155	124.0
0.0154872	0.03220723
0.01546578	0.2725
0.0154072	0.105523
0.01540001	0.81133571
0.0154	52.0
0.01538694	56.3592388
0.01534	9.6842177
0.01530003	43.0
0.01530002	47.0
0.01530001	30.0
0.0153	50.05727606
0.0152344	1.30953631
0.0152	52.23125
0.01515	10.0
0.0172	50.22091966
0.01713447	0.02918076
0.0171067	10.00050259
0.01710669	10.0
0.0171	0.20168145
0.01698558	73.582
0.01698557	143.04
0.01694025	0.447
0.01685998	0.91871259
0.01681062	1.000001
0.01672341	226.704
0.0167234	34.232
0.01672333	1.25
0.01667734	153.33054813
0.0166024	382.825
0.01660228	342.32
0.01660227	0.05677778
0.0166	0.53029503
0.01653719	0.5
0.01650485	0.29099761
0.0165	0.8
0.01648	1.0
0.01647251	10.0
0.01647222	10.0
0.01646484	0.27468959
0.01644337	18.62003531
0.01644205	1.09475399
0.0164071	6.09309597
0.01640709	0.861
0.0164	0.05
0.01637527	0.37388344
0.01633408	0.8783209
0.01631055	0.85218408
0.0163	49.89753393
0.0162892	0.12355568
0.01626506	342.32
0.01622999	4.59374645
0.0162	20.2
0.0161645	0.05181726
0.01614539	0.06193718
0.01614168	1.0
0.01613868	0.06196294
0.01611	216.7132216
0.0161	14.27761016
0.0160886	0.05859055
0.0160675	0.101186
0.01606649	0.11881
0.01605614	0.17395215
0.01603547	0.05878407
0.01603546	0.0587841
0.01603543	0.0587842
0.01601942	0.25830448
0.01600805	0.10466358
0.01600374	0.18698754
0.01600373	5.37030057
0.01600312	3.042e-05
0.01600011	31.17166069
0.016	160.83121925
0.01599764	0.05892369
0.01598318	1.41075425
0.01598179	0.05240901
0.01597957	0.03787431
0.015927	6.875
0.0159159	0.10215
0.0159073	0.852
0.0159	1.0
0.0158893	31.38926528
0.015801	3.46978175
0.0158	10.53573317
0.01579951	6.3293102
0.01575	804.61338347
0.01571001	5.84687156
0.01571	1.58736474
0.0157	49.61930552
0.0156938	0.103595
0.01565606	0.22
0.01562653	0.03900156
0.01560333	46.46902723
0.0156	165.62548077
0.01554777	0.05
0.01553766	0.80289739
0.01553398	0.27280722
0.01550008	1.375
0.0155	124.0
0.0154872	0.03220723
0.01546578	0.2725
0.0154072	0.105523
0.01540001	0.81133571
0.0154	52.0
0.01538694	56.3592388
0.01534	9.6842177
0.01530003	43.0
0.01530002	47.0
0.01530001	30.0
0.0153	50.05727606
0.0152344	1.30953631
0.0152	52.23125
0.01515	10.0
0.0151	50.0
0.01504854	0.26834948
0.01713447	0.02918076
0.01710669	10.0
0.01710001	10.01843975
0.0171	0.20168145
0.01698592	69.386
0.01698591	144.076
0.01694025	0.447
0.01690053	5.0
0.01685998	0.91871259
0.01681063	34.232
0.01681062	1.000001
0.01672342	237.532
0.01672333	1.25
0.0166442	153.91695383
0.01664419	389.938
0.01660228	342.32
0.01660227	0.05677778
0.0166	0.53029503
0.01653719	0.5
0.01650485	0.29099761
0.0165	0.8
0.01648	1.0
0.01647251	10.0
0.01647222	10.0
0.01646484	0.27468959
0.01644337	18.62003531
0.01644205	1.09475399
0.0164071	6.09309597
0.01640709	0.861
0.0164	0.05
0.01637527	0.37388344
0.01633408	0.8783209
0.01631055	0.85218408
0.0163	49.89753393
0.0162892	0.12355568
0.01626506	342.32
0.01622999	4.59374645
0.0162	20.2
0.0161645	0.05181726
0.01614539	0.06193718
0.01614168	1.0
0.01613868	0.06196294
0.01611	216.7132216
0.0161	14.27761016
0.0160886	0.05859055
0.0160675	0.101186
0.01606649	0.11881
0.01605614	0.17395215
0.01603547	0.05878407
0.01603546	0.0587841
0.01603543	0.0587842
0.01601942	0.25830448
0.01600805	0.10466358
0.01600374	0.18698754
0.01600373	5.37030057
0.01600312	3.042e-05
0.01600011	31.17166069
0.016	160.83121925
0.01599764	0.05892369
0.01598318	1.41075425
0.01598179	0.05240901
0.01597957	0.03787431
0.015927	6.875
0.0159159	0.10215
0.0159073	0.852
0.0159	1.0
0.0158893	31.38926528
0.015801	3.46978175
0.0158	10.53573317
0.01579951	6.3293102
0.01575	804.61338347
0.01571001	5.47234391
0.01571	1.58736474
0.01570001	20.41454293
0.0157	49.61930552
0.0156938	0.103595
0.01565606	0.22
0.01562653	0.03900156
0.01560333	46.46902723
0.0156	165.62548077
0.01554777	0.05
0.01553766	0.80289739
0.01553398	0.27280722
0.01550008	1.375
0.0155	124.0
0.0154872	0.03220723
0.01546578	0.2725
0.0154072	0.105523
0.01540001	0.81133571
0.0154	52.0
0.01538694	56.3592388
0.01534	9.6842177
0.01530003	43.0
0.01530002	47.0
0.01530001	30.0
0.0153	50.05727606
0.0152344	1.30953631
0.0152	52.23125
0.01515	10.0
0.0151	50.0
