0.000171	27.28136943
0.00017148	20.0
0.00017149	26.0
0.0001715	1296.01051344
0.00017151	220.15537495
0.00017155	993.35809768
0.00017156	30002.9404614
0.00017172	45.0
0.00017187	7879.072
0.00017188	11164.7570026
0.000172	7215.38388646
0.00017203	60.0
0.00017214	27.0
0.00017215	23570.519
0.00017216	5746.3033033
0.00017234	30.0
0.00017235	8083.92079386
0.00017248	27655.669
0.0001725	1680.67744562
0.00017257	9840.76608156
0.000173	239.22566175
0.00017312	13.08651959
0.00017323	6.09392578
0.0001733	51.21252785
0.00017331	5.81129257
0.00017335	728.47826912
0.00017346	6.1625921
0.00017387	10000.0
0.000174	11868.4736629
0.00017403	92622.57534
0.00017404	25.0
0.00017419	6.26602942
0.0001742	6.39349723
0.0001749	500.0
0.00017498	2355.76757815
0.00017499	781.64550731
0.000175	71180.3831133
0.00017501	617.0
0.00017514	356.08102487
0.00017533	6.47764262
0.0001755	4050.53291103
0.00017557	18.18360838
0.00017562	8.24563011
0.00017568	356.25132309
0.00017571	100.0
0.0001758	120.0
0.00017591	60.07373088
0.00017594	25.0
0.00017598	13.08651959
0.00017599	60.79626746
0.000176	59965.6941945
0.0001762	5206.97140833
0.00017622	25.0
0.00017628	13.94686259
0.00017634	8.21184824
0.00017635	3000.0
0.00017642	2.94046136
0.00017644	3.79205
0.0001765	373.05842302
0.00017652	31.58
0.00017653	350.14918172
0.00017669	91.0
0.00017671	100.0
0.0001768	6016.369152
0.00017699	13.89073517
0.000177	2005.84561653
0.00017706	8.17834205
0.00017715	1790.0
0.00017717	5.65840718
0.00017736	609.02179518
0.00017742	2419.48483
0.0001775	1300.0
0.00017753	300.0
0.00017766	28.33818153
0.0001777	1007.18378206
0.00017771	100.0
0.00017778	8.14510818
0.0001779	659.15582575
0.00017791	253.80396358
0.00017799	1129.38150316
0.000178	9036.44631227
0.00017806	74.6067345
0.00017812	13.79205
0.00017814	171.71688795
0.00017815	9.94611421
0.00017816	287.11679538
0.00017818	2048.0395381
0.00017823	102.03961501
0.00017842	25.0
0.00017851	28.1121433
0.00017853	26.47086068
0.00017856	8.81765444
0.00017868	174.23252069
0.00017871	100.0
0.00017885	13.08651959
0.00017886	10.74755461
0.00017887	9.90594275
0.00017895	29.73434539
0.000179	2478.63136229
0.00017906	8.42339632
0.00017156	16401.5978571
0.00017171	992.43248301
0.00017172	45.0
0.00017188	11164.7570026
0.000172	7215.38388646
0.00017203	60.0
0.00017214	27.0
0.00017215	26712.507
0.00017216	5746.3033033
0.00017234	30.0
0.00017235	8083.92079386
0.00017249	25199.575
0.0001725	1680.67744562
0.00017255	16756.159
0.00017257	9840.76608156
0.000173	239.22566175
0.00017312	13.08651959
0.00017323	6.09392578
0.0001733	51.21252785
0.00017331	5.81129257
0.00017335	728.47826912
0.00017346	6.1625921
0.00017387	10000.0
0.000174	11868.4736629
0.00017403	92622.57534
0.00017404	25.0
0.00017419	6.26602942
0.0001742	6.39349723
0.0001749	500.0
0.00017498	2355.76757815
0.00017499	781.64550731
0.000175	71180.3831133
0.00017501	617.0
0.00017514	356.08102487
0.00017533	6.47764262
0.0001755	4050.53291103
0.00017557	18.18360838
0.00017562	8.24563011
0.00017568	356.25132309
0.00017571	100.0
0.0001758	120.0
0.00017591	60.07373088
0.00017594	25.0
0.00017598	13.08651959
0.00017599	60.79626746
0.000176	59965.6941945
0.0001762	5206.97140833
0.00017622	25.0
0.00017628	13.94686259
0.00017634	8.21184824
0.00017635	3000.0
0.00017642	2.94046136
0.00017643	2799.65305555
0.00017644	3.79205
0.0001765	373.05842302
0.00017652	31.58
0.00017653	350.14918172
0.00017669	91.0
0.00017671	100.0
0.0001768	6016.369152
0.00017699	13.89073517
0.000177	2005.84561653
0.00017706	8.17834205
0.00017715	1790.0
0.00017717	5.65840718
0.00017736	609.02179518
0.00017742	2419.48483
0.0001775	1300.0
0.00017753	300.0
0.00017766	28.33818153
0.0001777	1007.18378206
0.00017771	100.0
0.00017778	8.14510818
0.0001779	659.15582575
0.00017791	253.80396358
0.00017799	1129.38150316
0.000178	9036.44631227
0.00017806	74.6067345
0.00017812	13.79205
0.00017814	171.71688795
0.00017815	9.94611421
0.00017816	287.11679538
0.00017818	2048.0395381
0.00017823	102.03961501
0.00017842	25.0
0.00017851	28.1121433
0.00017853	26.47086068
0.00017856	8.81765444
0.00017868	174.23252069
0.00017871	100.0
0.00017885	13.08651959
0.00017886	10.74755461
0.00017887	9.90594275
0.00017895	29.73434539
0.000179	2478.63136229
0.00017906	8.42339632
0.00017916	1500.0
0.00017918	2180.45555673
0.00017923	28.0794442
0.00017928	8.78212157
0.00017156	15337.2000123
0.00017172	45.0
0.00017188	11164.7570026
0.000172	7215.38388646
0.00017203	60.0
0.00017214	13212.194
0.00017216	5746.3033033
0.00017234	30.0
0.00017235	8083.92079386
0.0001725	1680.67744562
0.00017256	15048.723
0.00017257	9840.76608156
0.000173	239.22566175
0.00017312	13.08651959
0.00017323	6.09392578
0.0001733	51.21252785
0.00017331	11.50621404
0.00017334	48377.266
0.00017335	728.47826912
0.00017346	6.1625921
0.00017387	10000.0
0.000174	11868.4736629
0.00017403	47623.0
0.00017404	25.0
0.00017419	6.26602942
0.0001742	6.39349723
0.00017476	42072.29471
0.0001749	500.0
0.00017498	2355.76757815
0.00017499	781.64550731
0.000175	71180.3831133
0.00017501	617.0
0.00017514	356.08102487
0.00017533	6.47764262
0.0001755	4050.53291103
0.00017557	18.18360838
0.00017562	8.24563011
0.00017568	356.25132309
0.00017571	100.0
0.00017579	2799.65305555
0.0001758	120.0
0.00017591	60.07373088
0.00017594	25.0
0.00017598	13.08651959
0.00017599	60.79626746
0.000176	60565.6941945
0.0001762	5206.97140833
0.00017622	25.0
0.00017628	13.94686259
0.00017634	8.21184824
0.00017635	3000.0
0.00017642	2.94046136
0.00017644	3.79205
0.0001765	373.05842302
0.00017652	31.58
0.00017653	350.14918172
0.00017669	91.0
0.00017671	100.0
0.0001768	6016.369152
0.00017699	13.89073517
0.000177	2005.84561653
0.00017706	8.17834205
0.00017715	1790.0
0.00017717	5.65840718
0.00017736	609.02179518
0.00017742	2419.48483
0.0001775	1300.0
0.00017753	300.0
0.00017766	28.33818153
0.0001777	1007.18378206
0.00017771	100.0
0.00017778	8.14510818
0.0001779	659.15582575
0.00017791	253.80396358
0.00017799	1129.38150316
0.000178	9036.44631227
0.00017806	74.6067345
0.00017812	13.79205
0.00017814	171.71688795
0.00017815	9.94611421
0.00017816	287.11679538
0.00017818	2048.0395381
0.00017823	102.03961501
0.00017842	25.0
0.00017851	28.1121433
0.00017853	26.47086068
0.00017856	8.81765444
0.00017868	174.23252069
0.00017871	100.0
0.00017885	13.08651959
0.00017886	10.74755461
0.00017887	9.90594275
0.00017895	29.73434539
0.000179	2478.63136229
0.00017906	8.42339632
0.00017916	1500.0
0.00017918	2180.45555673
0.00017923	28.0794442
0.00017928	8.78212157
0.0001793	21.5871166
0.00017152	98.98919492
0.00017156	10242.9756358
0.00017172	45.0
0.00017188	11164.7570026
0.000172	7215.38388646
0.00017203	60.0
0.00017214	27.0
0.00017215	6096.872
0.00017216	5746.3033033
0.00017233	988.86196053
0.00017234	30.0
0.00017235	8083.92079386
0.00017249	66281.904
0.0001725	1680.67744562
0.00017256	9040.352
0.00017257	9840.76608156
0.000173	239.22566175
0.00017312	13.08651959
0.00017323	6.09392578
0.0001733	51.21252785
0.00017331	11.50621404
0.00017335	728.47826912
0.00017346	6.1625921
0.00017387	10000.0
0.000174	11868.4736629
0.00017403	47623.0
0.00017404	25.0
0.00017419	6.26602942
0.0001742	6.39349723
0.00017476	42072.29471
0.0001749	500.0
0.00017498	2355.76757815
0.00017499	781.64550731
0.000175	71081.3939184
0.00017501	617.0
0.00017514	356.08102487
0.00017533	6.47764262
0.0001755	4050.53291103
0.00017557	18.18360838
0.00017562	8.24563011
0.00017568	356.25132309
0.00017571	100.0
0.0001758	120.0
0.00017591	60.07373088
0.00017594	25.0
0.00017598	13.08651959
0.00017599	60.79626746
0.000176	60565.6941945
0.0001762	5206.97140833
0.00017622	25.0
0.00017628	13.94686259
0.00017634	8.21184824
0.00017635	3000.0
0.00017642	2.94046136
0.00017649	2799.65305555
0.0001765	373.05842302
0.00017652	31.58
0.00017653	350.14918172
0.00017669	91.0
0.00017671	100.0
0.0001768	6016.369152
0.00017699	13.89073517
0.000177	2005.84561653
0.00017706	8.17834205
0.00017715	1790.0
0.00017717	5.65840718
0.00017736	612.81384518
0.00017742	2419.48483
0.0001775	1300.0
0.00017753	300.0
0.00017766	28.33818153
0.0001777	1007.18378206
0.00017771	100.0
0.00017778	8.14510818
0.0001779	659.15582575
0.00017791	253.80396358
0.00017799	1129.38150316
0.000178	9036.44631227
0.00017806	74.6067345
0.00017812	10.0
0.00017814	171.71688795
0.00017815	9.94611421
0.00017816	287.11679538
0.00017818	2048.0395381
0.00017823	102.03961501
0.00017842	25.0
0.00017851	28.1121433
0.00017853	26.47086068
0.00017856	8.81765444
0.00017868	174.23252069
0.00017871	100.0
0.00017885	13.08651959
0.00017886	10.74755461
0.00017887	9.90594275
0.00017895	29.73434539
0.000179	2478.63136229
0.00017905	3.79205
0.00017906	8.42339632
0.00017916	1500.0
0.00017918	2180.45555673
0.000172	3337.17275953
0.00017203	60.0
0.00017214	27.0
0.00017215	30590.269
0.00017216	5746.3033033
0.00017234	30.0
0.00017235	8083.92079386
0.00017249	987.94470205
0.0001725	1680.67744562
0.00017257	9840.76608156
0.000173	239.22566175
0.00017312	13.08651959
0.00017323	6.09392578
0.0001733	51.21252785
0.00017331	11.50621404
0.00017335	728.47826912
0.00017346	6.1625921
0.00017386	44685.834
0.00017387	10000.0
0.000174	11868.4736629
0.00017403	47623.0
0.00017404	25.0
0.00017419	6.26602942
0.0001742	6.39349723
0.00017476	42072.29471
0.0001749	500.0
0.00017498	2355.76757815
0.00017499	781.64550731
0.000175	71081.3939184
0.00017501	617.0
0.00017514	356.08102487
0.00017533	6.47764262
0.0001755	4050.53291103
0.00017557	18.18360838
0.00017562	8.24563011
0.00017568	356.25132309
0.00017571	100.0
0.0001758	120.0
0.00017591	60.07373088
0.00017594	25.0
0.00017598	13.08651959
0.00017599	60.79626746
0.000176	60565.6941945
0.0001762	5206.97140833
0.00017622	25.0
0.00017628	13.94686259
0.00017634	8.21184824
0.00017635	3000.0
0.00017642	2.94046136
0.0001765	373.05842302
0.00017652	31.58
0.00017653	350.14918172
0.00017669	91.0
0.00017671	100.0
0.0001768	6016.369152
0.00017699	13.89073517
0.000177	2005.84561653
0.00017706	8.17834205
0.00017715	1790.0
0.00017717	5.65840718
0.00017736	612.81384518
0.00017742	2419.48483
0.0001775	1300.0
0.00017753	300.0
0.00017765	2799.65305555
0.00017766	28.33818153
0.0001777	1007.18378206
0.00017771	100.0
0.00017778	8.14510818
0.0001779	659.15582575
0.00017791	253.80396358
0.00017799	1129.38150316
0.000178	9036.44631227
0.00017806	74.6067345
0.00017812	10.0
0.00017814	171.71688795
0.00017815	9.94611421
0.00017816	287.11679538
0.00017818	2048.0395381
0.00017823	102.03961501
0.00017842	25.0
0.00017851	28.1121433
0.00017853	26.47086068
0.00017856	8.81765444
0.00017868	174.23252069
0.00017871	100.0
0.00017885	13.08651959
0.00017886	10.74755461
0.00017887	9.90594275
0.00017895	29.73434539
0.000179	2478.63136229
0.00017905	3.79205
0.00017906	8.42339632
0.00017916	1500.0
0.00017918	2180.45555673
0.00017923	28.0794442
0.00017928	8.78212157
0.0001793	21.5871166
0.00017933	23.08003492
0.00017938	8.23694296
0.000171	4690.46790903
0.00017187	19.08020181
0.00017197	23918.893
0.00017198	990.87441364
0.000172	3437.17275953
0.00017203	60.0
0.00017213	60.0
0.00017214	27.0
0.00017216	5746.3033033
0.00017234	30.0
0.00017235	8083.92079386
0.00017249	52134.648
0.0001725	1680.67744562
0.00017257	9840.76608156
0.000173	239.22566175
0.00017312	13.08651959
0.00017323	6.09392578
0.0001733	51.21252785
0.00017331	11.50621404
0.00017335	728.47826912
0.00017346	6.1625921
0.000174	11868.4736629
0.00017403	47623.0
0.00017404	25.0
0.00017419	6.26602942
0.0001742	6.39349723
0.00017476	42072.29471
0.0001749	500.0
0.00017498	2355.76757815
0.00017499	781.64550731
0.000175	71081.3939184
0.00017501	617.0
0.00017514	356.08102487
0.00017533	6.47764262
0.0001755	4050.53291103
0.00017557	18.18360838
0.00017562	8.24563011
0.00017568	356.25132309
0.00017571	100.0
0.0001758	120.0
0.00017591	60.07373088
0.00017594	25.0
0.00017598	13.08651959
0.00017599	60.79626746
0.000176	60565.6941945
0.0001762	5206.97140833
0.00017622	25.0
0.00017628	13.94686259
0.00017634	8.21184824
0.00017635	3000.0
0.00017642	2.94046136
0.0001765	373.05842302
0.00017652	2831.23305555
0.00017653	350.14918172
0.00017669	91.0
0.00017671	100.0
0.0001768	6016.369152
0.00017699	13.89073517
0.000177	2005.84561653
0.00017706	8.17834205
0.00017715	1790.0
0.00017717	5.65840718
0.00017736	612.81384518
0.00017742	2419.48483
0.0001775	1300.0
0.00017753	300.0
0.00017766	28.33818153
0.0001777	1007.18378206
0.00017771	100.0
0.00017778	8.14510818
0.0001779	659.15582575
0.00017791	253.80396358
0.00017799	1129.38150316
0.000178	9036.44631227
0.00017806	74.6067345
0.00017812	10.0
0.00017814	171.71688795
0.00017815	9.94611421
0.00017816	287.11679538
0.00017818	2048.0395381
0.00017823	102.03961501
0.00017842	25.0
0.00017851	28.1121433
0.00017853	26.47086068
0.00017856	8.81765444
0.00017868	174.23252069
0.00017871	100.0
0.00017885	13.08651959
0.00017886	10.74755461
0.00017887	9.90594275
0.00017895	29.73434539
0.000179	2478.63136229
0.00017905	3.79205
0.00017906	8.42339632
0.00017916	1500.0
0.00017918	2180.45555673
0.00017923	28.0794442
0.00017928	8.78212157
0.0001793	21.5871166
0.00017933	23.08003492
0.000172	3437.17275953
0.00017203	60.0
0.00017213	60.0
0.00017214	27.0
0.00017215	13356.157
0.00017216	5746.3033033
0.00017234	30.0
0.00017235	8083.92079386
0.00017248	61521.905
0.00017249	987.94470205
0.0001725	1680.67744562
0.00017256	39418.463
0.00017257	9840.76608156
0.000173	239.22566175
0.00017323	6.09392578
0.0001733	51.21252785
0.00017331	11.50621404
0.00017334	22277.121
0.00017335	728.47826912
0.00017346	6.1625921
0.00017379	10000.0
0.000174	11868.4736629
0.00017403	47623.0
0.00017404	25.0
0.00017419	6.26602942
0.0001742	6.39349723
0.00017476	42072.29471
0.0001749	500.0
0.00017498	2355.76757815
0.00017499	781.64550731
0.000175	71081.3939184
0.00017501	617.0
0.00017514	356.08102487
0.00017533	6.47764262
0.0001755	4050.53291103
0.00017557	18.18360838
0.00017562	8.24563011
0.00017568	356.25132309
0.00017571	100.0
0.0001758	120.0
0.00017591	60.07373088
0.00017594	25.0
0.00017599	60.79626746
0.000176	60565.6941945
0.0001762	5206.97140833
0.00017622	25.0
0.00017628	13.94686259
0.00017634	8.21184824
0.00017635	3000.0
0.00017642	2.94046136
0.0001765	373.05842302
0.00017652	31.58
0.00017653	350.14918172
0.00017669	91.0
0.00017671	100.0
0.0001768	6016.369152
0.00017698	2799.65305555
0.00017699	13.89073517
0.000177	2005.84561653
0.00017706	8.17834205
0.00017715	1790.0
0.00017717	5.65840718
0.00017736	612.81384518
0.00017742	2419.48483
0.0001775	1300.0
0.00017753	300.0
0.00017766	28.33818153
0.0001777	1007.18378206
0.00017771	100.0
0.00017778	8.14510818
0.0001779	659.15582575
0.00017791	253.80396358
0.00017799	1129.38150316
0.000178	9036.44631227
0.00017806	74.6067345
0.00017812	10.0
0.00017814	171.71688795
0.00017815	9.94611421
0.00017816	287.11679538
0.00017818	2048.0395381
0.00017823	102.03961501
0.00017842	25.0
0.00017851	28.1121433
0.00017853	26.47086068
0.00017856	8.81765444
0.00017868	174.23252069
0.00017871	100.0
0.00017886	10.74755461
0.00017887	9.90594275
0.00017895	29.73434539
0.000179	2478.63136229
0.00017905	3.79205
0.00017906	8.42339632
0.00017916	1500.0
0.00017918	2180.45555673
0.00017923	28.0794442
0.00017928	8.78212157
0.0001793	21.5871166
0.00017933	23.08003492
0.00017938	8.23694296
0.00017192	14380.41
0.000172	3137.17275953
0.00017203	60.0
0.00017213	60.0
0.00017214	27.0
0.00017216	5746.3033033
0.00017234	30.0
0.00017235	8083.92079386
0.00017248	61811.675
0.00017249	987.94470205
0.0001725	1680.67744562
0.00017257	9840.76608156
0.000173	239.22566175
0.00017312	13.08651959
0.00017323	6.09392578
0.0001733	5.93029593
0.00017331	11.50621404
0.00017335	728.47826912
0.00017343	45.28223192
0.00017346	6.1625921
0.00017368	42679.56575
0.00017379	10000.0
0.000174	11868.4736629
0.00017403	47623.0
0.00017404	25.0
0.00017419	6.26602942
0.0001742	6.39349723
0.0001749	500.0
0.00017498	2355.76757815
0.00017499	781.64550731
0.000175	71081.3939184
0.00017501	617.0
0.00017514	356.08102487
0.00017533	6.47764262
0.0001755	4050.53291103
0.00017557	18.18360838
0.00017562	8.24563011
0.00017568	356.25132309
0.00017571	100.0
0.0001758	120.0
0.00017591	60.07373088
0.00017594	25.0
0.00017598	13.08651959
0.00017599	60.79626746
0.000176	60565.6941945
0.0001762	5206.97140833
0.00017622	25.0
0.00017628	13.94686259
0.00017634	8.21184824
0.00017635	3000.0
0.00017642	2.94046136
0.0001765	373.05842302
0.00017652	31.58
0.00017653	350.14918172
0.00017669	91.0
0.00017671	100.0
0.0001768	6016.369152
0.00017698	2799.65305555
0.00017699	13.89073517
0.000177	2005.84561653
0.00017706	8.17834205
0.00017715	1790.0
0.00017717	5.65840718
0.00017736	612.81384518
0.00017742	2419.48483
0.0001775	1300.0
0.00017753	300.0
0.00017766	28.33818153
0.0001777	1007.18378206
0.00017771	100.0
0.00017778	8.14510818
0.0001779	659.15582575
0.00017791	253.80396358
0.00017799	1129.38150316
0.000178	9036.44631227
0.00017806	74.6067345
0.00017812	10.0
0.00017814	171.71688795
0.00017815	9.94611421
0.00017816	287.11679538
0.00017818	2048.0395381
0.00017823	102.03961501
0.00017842	25.0
0.00017851	28.1121433
0.00017853	26.47086068
0.00017856	8.81765444
0.00017868	174.23252069
0.00017871	100.0
0.00017885	13.08651959
0.00017886	10.74755461
0.00017887	9.90594275
0.00017895	29.73434539
0.000179	2478.63136229
0.00017905	3.79205
0.00017906	8.42339632
0.00017916	1500.0
0.00017918	2180.45555673
0.00017923	28.0794442
0.00017928	8.78212157
0.0001793	21.5871166
0.00017192	299.0
0.000172	3137.17275953
0.00017203	60.0
0.00017213	60.0
0.00017214	27.0
0.00017216	5746.3033033
0.00017234	30.0
0.00017235	8083.92079386
0.00017244	63001.321
0.00017249	987.94470205
0.0001725	1680.67744562
0.00017257	9840.76608156
0.000173	239.22566175
0.00017312	13.08651959
0.00017323	6.09392578
0.0001733	5.93029593
0.00017331	11.50621404
0.00017335	728.47826912
0.00017343	45.28223192
0.00017346	6.1625921
0.00017367	13431.092
0.00017379	10000.0
0.000174	11868.4736629
0.00017403	47623.0
0.00017404	25.0
0.00017419	6.26602942
0.0001742	6.39349723
0.00017473	42117.57386
0.0001749	500.0
0.00017498	2355.76757815
0.00017499	781.64550731
0.000175	71081.3939184
0.00017501	617.0
0.00017514	356.08102487
0.00017533	6.47764262
0.0001755	4050.53291103
0.00017557	18.18360838
0.00017562	8.24563011
0.00017568	356.25132309
0.00017571	100.0
0.0001758	120.0
0.00017591	60.07373088
0.00017594	25.0
0.00017598	13.08651959
0.00017599	60.79626746
0.000176	60565.6941945
0.0001762	5206.97140833
0.00017622	25.0
0.00017628	13.94686259
0.00017634	8.21184824
0.00017635	3000.0
0.00017642	2.94046136
0.0001765	373.05842302
0.00017652	31.58
0.00017653	350.14918172
0.00017669	91.0
0.00017671	100.0
0.0001768	6016.369152
0.00017698	2799.65305555
0.00017699	13.89073517
0.000177	2005.84561653
0.00017706	8.17834205
0.00017715	1790.0
0.00017717	5.65840718
0.00017736	612.81384518
0.00017742	2419.48483
0.0001775	1300.0
0.00017753	300.0
0.00017766	28.33818153
0.0001777	1007.18378206
0.00017771	100.0
0.00017778	8.14510818
0.0001779	659.15582575
0.00017791	253.80396358
0.00017799	1129.38150316
0.000178	9036.44631227
0.00017806	74.6067345
0.00017812	10.0
0.00017814	171.71688795
0.00017815	9.94611421
0.00017816	287.11679538
0.00017818	2048.0395381
0.00017823	102.03961501
0.00017842	25.0
0.00017851	28.1121433
0.00017853	26.47086068
0.00017856	8.81765444
0.00017868	174.23252069
0.00017871	100.0
0.00017885	13.08651959
0.00017886	10.74755461
0.00017887	9.90594275
0.00017895	29.73434539
0.000179	2478.63136229
0.00017905	3.79205
0.00017906	8.42339632
0.00017916	1500.0
0.00017918	2180.45555673
0.00017923	28.0794442
0.00017928	8.78212157
0.00017155	51.75629539
0.00017175	100.0
0.0001719	96.65170833
0.00017192	299.0
0.000172	3331.23381819
0.00017203	60.0
0.00017213	60.0
0.00017214	27.0
0.00017216	5746.3033033
0.00017232	988.91934574
0.00017233	1220.72035677
0.00017234	30.0
0.00017235	8083.92079386
0.00017246	69777.692
0.0001725	1486.61638696
0.00017257	9840.76608156
0.000173	239.22566175
0.00017312	13.08651959
0.00017323	6.09392578
0.0001733	5.93029593
0.00017331	11.50621404
0.00017335	728.47826912
0.00017343	45.28223192
0.00017346	6.1625921
0.000174	11868.4736629
0.00017403	47623.0
0.00017404	25.0
0.00017419	6.26602942
0.0001742	6.39349723
0.00017473	42117.57386
0.0001749	500.0
0.00017498	2355.76757815
0.00017499	781.64550731
0.000175	71081.3939184
0.00017501	617.0
0.00017514	356.08102487
0.00017533	6.47764262
0.0001755	4050.53291103
0.00017557	18.18360838
0.00017562	8.24563011
0.00017568	356.25132309
0.00017571	100.0
0.0001758	120.0
0.00017591	60.07373088
0.00017594	25.0
0.00017598	13.08651959
0.00017599	60.79626746
0.000176	60565.6941945
0.0001762	5206.97140833
0.00017622	25.0
0.00017628	13.94686259
0.00017634	8.21184824
0.00017635	3000.0
0.00017642	2.94046136
0.0001765	373.05842302
0.00017652	31.58
0.00017653	350.14918172
0.00017669	91.0
0.00017671	100.0
0.0001768	6016.369152
0.00017699	13.89073517
0.000177	2005.84561653
0.00017706	8.17834205
0.00017715	1790.0
0.00017717	5.65840718
0.00017735	2799.65305555
0.00017736	612.81384518
0.00017742	2419.48483
0.0001775	1300.0
0.00017753	300.0
0.00017766	28.33818153
0.0001777	1007.18378206
0.00017771	100.0
0.00017778	8.14510818
0.0001779	659.15582575
0.00017791	253.80396358
0.00017799	1129.38150316
0.000178	9036.44631227
0.00017806	74.6067345
0.00017812	10.0
0.00017814	171.71688795
0.00017815	9.94611421
0.00017816	287.11679538
0.00017818	2048.0395381
0.00017823	102.03961501
0.00017842	25.0
0.00017851	28.1121433
0.00017853	26.47086068
0.00017856	8.81765444
0.00017868	174.23252069
0.00017871	100.0
0.00017885	13.08651959
0.00017886	10.74755461
0.00017887	9.90594275
0.00017895	29.73434539
0.000179	2478.63136229
0.00017905	3.79205
0.00017906	8.42339632
0.00017916	1500.0
0.00017918	2180.45555673
0.000172	3280.47769004
0.00017203	60.0
0.00017213	60.0
0.00017214	27.0
0.00017216	5746.3033033
0.00017228	6650.219
0.00017233	1220.72035677
0.00017234	30.0
0.00017235	8083.92079386
0.00017245	67303.911
0.00017249	987.94470205
0.0001725	1486.61638696
0.00017257	9840.76608156
0.000173	239.22566175
0.00017312	13.08651959
0.00017323	6.09392578
0.0001733	5.93029593
0.00017331	11.50621404
0.00017335	728.47826912
0.00017343	45.28223192
0.00017346	6.1625921
0.000174	11868.4736629
0.00017403	47623.0
0.00017404	25.0
0.00017419	6.26602942
0.0001742	6.39349723
0.00017429	10000.0
0.0001747	44955.30182
0.0001749	500.0
0.00017498	2355.76757815
0.00017499	781.64550731
0.000175	71081.3939184
0.00017501	617.0
0.00017514	356.08102487
0.00017533	6.47764262
0.0001755	4050.53291103
0.00017557	18.18360838
0.00017562	8.24563011
0.00017568	356.25132309
0.00017571	100.0
0.0001758	120.0
0.00017591	60.07373088
0.00017594	25.0
0.00017598	13.08651959
0.00017599	60.79626746
0.000176	60565.6941945
0.0001762	5206.97140833
0.00017622	25.0
0.00017628	13.94686259
0.00017634	8.21184824
0.00017635	3000.0
0.00017642	2.94046136
0.0001765	373.05842302
0.00017652	31.58
0.00017653	350.14918172
0.00017669	91.0
0.00017671	100.0
0.0001768	6016.369152
0.00017699	13.89073517
0.000177	2005.84561653
0.00017706	8.17834205
0.00017715	1790.0
0.00017717	5.65840718
0.00017735	2799.65305555
0.00017736	612.81384518
0.00017742	2419.48483
0.0001775	1300.0
0.00017753	300.0
0.00017766	28.33818153
0.0001777	1007.18378206
0.00017771	100.0
0.00017778	8.14510818
0.0001779	659.15582575
0.00017791	253.80396358
0.00017799	1129.38150316
0.000178	9036.44631227
0.00017806	74.6067345
0.00017812	10.0
0.00017814	171.71688795
0.00017815	9.94611421
0.00017816	287.11679538
0.00017818	2048.0395381
0.00017823	102.03961501
0.00017842	25.0
0.00017851	28.1121433
0.00017853	26.47086068
0.00017856	8.81765444
0.00017868	174.23252069
0.00017871	100.0
0.00017885	13.08651959
0.00017886	10.74755461
0.00017887	9.90594275
0.00017895	29.73434539
0.000179	2478.63136229
0.00017905	3.79205
0.00017906	8.42339632
0.00017916	1500.0
0.00017918	2180.45555673
0.00017923	28.0794442
0.00017928	8.78212157
0.000172	3276.47769004
0.00017203	60.0
0.00017213	60.0
0.00017214	27.0
0.00017215	6551.18
0.00017216	5746.3033033
0.00017232	6263.696
0.00017233	1220.72035677
0.00017234	30.0
0.00017235	8083.92079386
0.00017244	988.23116248
0.00017249	59050.571
0.0001725	1486.61638696
0.00017257	9840.76608156
0.000173	239.22566175
0.00017312	13.08651959
0.00017323	6.09392578
0.0001733	5.93029593
0.00017331	11.50621404
0.00017335	728.47826912
0.00017343	45.28223192
0.00017346	6.1625921
0.000174	11868.4736629
0.00017403	47623.0
0.00017404	25.0
0.00017419	6.26602942
0.0001742	6.39349723
0.00017429	10000.0
0.0001747	42209.01525
0.0001749	500.0
0.00017498	2355.76757815
0.00017499	781.64550731
0.000175	71081.3939184
0.00017501	617.0
0.00017514	356.08102487
0.00017533	6.47764262
0.0001755	4050.53291103
0.00017557	18.18360838
0.00017562	8.24563011
0.00017568	356.25132309
0.00017571	100.0
0.0001758	120.0
0.00017591	60.07373088
0.00017594	25.0
0.00017598	13.08651959
0.00017599	60.79626746
0.000176	60565.6941945
0.0001762	5206.97140833
0.00017622	25.0
0.00017628	13.94686259
0.00017634	8.21184824
0.00017635	3000.0
0.00017642	2.94046136
0.0001765	373.05842302
0.00017652	31.58
0.00017653	350.14918172
0.00017668	2799.65305555
0.00017669	91.0
0.00017671	100.0
0.0001768	6016.369152
0.00017699	13.89073517
0.000177	2005.84561653
0.00017706	8.17834205
0.00017715	1790.0
0.00017717	5.65840718
0.00017736	612.81384518
0.00017742	2419.48483
0.0001775	1300.0
0.00017753	300.0
0.00017766	28.33818153
0.0001777	1007.18378206
0.00017771	100.0
0.00017778	8.14510818
0.0001779	659.15582575
0.00017791	253.80396358
0.00017799	1129.38150316
0.000178	9036.44631227
0.00017806	74.6067345
0.00017812	10.0
0.00017814	171.71688795
0.00017815	9.94611421
0.00017816	287.11679538
0.00017818	2048.0395381
0.00017823	102.03961501
0.00017842	25.0
0.00017851	28.1121433
0.00017853	26.47086068
0.00017856	8.81765444
0.00017868	174.23252069
0.00017871	100.0
0.00017885	13.08651959
0.00017886	10.74755461
0.00017887	9.90594275
0.00017895	29.73434539
0.000179	2478.63136229
0.00017905	3.79205
0.00017906	8.42339632
0.00017916	1500.0
0.00017918	2180.45555673
0.00017923	28.0794442
0.00017119	3.5438392
0.0001712	15756.0175218
0.000172	3176.47769004
0.00017203	60.0
0.0001721	990.1835076
0.00017214	27.0
0.00017216	5746.3033033
0.00017231	6374.995
0.00017233	1220.72035677
0.00017234	30.0
0.00017235	8083.92079386
0.00017249	59050.571
0.0001725	1486.61638696
0.00017256	11091.832
0.00017257	9840.76608156
0.000173	239.22566175
0.00017312	13.08651959
0.00017323	6.09392578
0.0001733	5.93029593
0.00017331	11.50621404
0.00017335	728.47826912
0.00017343	45.28223192
0.00017346	6.1625921
0.000174	11868.4736629
0.00017403	47623.0
0.00017404	25.0
0.00017419	6.26602942
0.0001742	6.39349723
0.00017429	10000.0
0.0001743	5.54529641
0.0001747	42209.01525
0.0001749	500.0
0.00017498	2355.76757815
0.00017499	781.64550731
0.000175	71081.3939184
0.00017501	617.0
0.00017514	356.08102487
0.00017533	6.47764262
0.0001755	4050.53291103
0.00017557	18.18360838
0.00017562	8.24563011
0.00017568	356.25132309
0.00017571	100.0
0.0001758	120.0
0.00017591	60.07373088
0.00017594	25.0
0.00017598	13.08651959
0.00017599	60.79626746
0.000176	60565.6941945
0.0001762	5206.97140833
0.00017622	25.0
0.00017628	13.94686259
0.00017634	8.21184824
0.00017635	3000.0
0.00017642	2.94046136
0.0001765	373.05842302
0.00017652	31.58
0.00017653	350.14918172
0.00017668	2799.65305555
0.00017669	91.0
0.00017671	100.0
0.0001768	6016.369152
0.00017699	13.89073517
0.000177	2005.84561653
0.00017706	8.17834205
0.00017715	1790.0
0.00017717	5.65840718
0.00017736	612.81384518
0.00017742	2419.48483
0.0001775	1300.0
0.00017753	300.0
0.00017766	28.33818153
0.0001777	1007.18378206
0.00017771	100.0
0.00017778	8.14510818
0.0001779	659.15582575
0.00017791	253.80396358
0.00017799	1129.38150316
0.000178	9036.44631227
0.00017806	74.6067345
0.00017812	10.0
0.00017814	171.71688795
0.00017815	9.94611421
0.00017816	287.11679538
0.00017818	2048.0395381
0.00017823	102.03961501
0.00017842	25.0
0.00017851	28.1121433
0.00017853	26.47086068
0.00017856	8.81765444
0.00017868	174.23252069
0.00017871	100.0
0.00017885	13.08651959
0.00017886	10.74755461
0.00017887	9.90594275
0.00017895	29.73434539
0.000179	778.63136229
0.00017905	3.79205
0.00017906	8.42339632
0.00017916	1500.0
0.0001712	15489.6016422
0.000172	3176.47769004
0.00017203	60.0
0.00017213	990.01093161
0.00017214	27.0
0.00017216	5746.3033033
0.00017233	1220.72035677
0.00017234	30.0
0.00017235	8083.92079386
0.00017249	76241.433
0.0001725	1486.61638696
0.00017257	9840.76608156
0.000173	239.22566175
0.00017312	13.08651959
0.00017323	6.09392578
0.0001733	5.93029593
0.00017331	11.50621404
0.00017335	728.47826912
0.00017346	6.1625921
0.0001738	45.28223192
0.000174	11868.4736629
0.00017403	47623.0
0.00017404	25.0
0.00017419	6.26602942
0.0001742	6.39349723
0.0001743	5.54529641
0.0001747	42209.01525
0.0001749	500.0
0.00017498	2355.76757815
0.00017499	781.64550731
0.000175	71081.3939184
0.00017501	617.0
0.00017514	356.08102487
0.00017533	6.47764262
0.0001755	4050.53291103
0.00017557	18.18360838
0.00017562	8.24563011
0.00017568	356.25132309
0.00017571	100.0
0.0001758	120.0
0.00017591	60.07373088
0.00017594	25.0
0.00017598	13.08651959
0.00017599	60.79626746
0.000176	60565.6941945
0.0001762	5206.97140833
0.00017622	25.0
0.00017628	13.94686259
0.00017634	8.21184824
0.00017635	3000.0
0.00017642	2.94046136
0.0001765	373.05842302
0.00017652	31.58
0.00017653	350.14918172
0.00017668	2799.65305555
0.00017669	91.0
0.00017671	100.0
0.0001768	6016.369152
0.00017699	13.89073517
0.000177	2005.84561653
0.00017706	8.17834205
0.00017715	1790.0
0.00017717	5.65840718
0.00017736	612.81384518
0.00017742	2419.48483
0.0001775	1300.0
0.00017753	300.0
0.00017766	28.33818153
0.0001777	1007.18378206
0.00017771	100.0
0.00017778	8.14510818
0.0001779	659.15582575
0.00017791	253.80396358
0.00017799	1129.38150316
0.000178	9036.44631227
0.00017806	74.6067345
0.00017812	10.0
0.00017814	171.71688795
0.00017815	9.94611421
0.00017816	287.11679538
0.00017818	2048.0395381
0.00017823	102.03961501
0.00017842	25.0
0.00017851	28.1121433
0.00017853	26.47086068
0.00017856	8.81765444
0.00017868	174.23252069
0.00017871	100.0
0.00017885	13.08651959
0.00017886	10.74755461
0.00017887	9.90594275
0.00017895	29.73434539
0.000179	778.63136229
0.00017905	3.79205
0.00017906	8.42339632
0.00017916	1500.0
0.00017918	2180.45555673
0.00017923	28.0794442
0.00017928	8.78212157
0.0001793	21.5871166
0.000172	3175.52000104
0.00017203	60.0
0.00017214	27.0
0.00017216	5746.3033033
0.00017233	1220.72035677
0.00017234	30.0
0.00017235	8083.92079386
0.0001725	1486.61638696
0.00017257	9840.76608156
0.000173	239.22566175
0.00017312	13.08651959
0.00017323	6.09392578
0.0001733	5.93029593
0.00017331	11.50621404
0.00017334	77183.838
0.00017335	728.47826912
0.00017346	6.1625921
0.0001738	45.28223192
0.000174	11868.4736629
0.00017403	47623.0
0.00017404	25.0
0.00017419	6.26602942
0.0001742	6.39349723
0.0001743	5.54529641
0.00017463	10000.0
0.0001747	42209.01525
0.0001749	500.0
0.00017498	2355.76757815
0.00017499	781.64550731
0.000175	71081.3939184
0.00017501	617.0
0.00017514	356.08102487
0.00017533	6.47764262
0.0001755	4050.53291103
0.00017557	18.18360838
0.00017562	8.24563011
0.00017568	356.25132309
0.00017571	100.0
0.0001758	120.0
0.00017591	60.07373088
0.00017594	25.0
0.00017598	13.08651959
0.00017599	60.79626746
0.000176	60565.6941945
0.0001762	5206.97140833
0.00017622	25.0
0.00017628	13.94686259
0.00017634	8.21184824
0.00017635	3000.0
0.00017642	2.94046136
0.0001765	373.05842302
0.00017652	31.58
0.00017653	350.14918172
0.00017669	91.0
0.00017671	100.0
0.0001768	6016.369152
0.00017699	13.89073517
0.000177	2005.84561653
0.00017706	8.17834205
0.00017714	2799.65305555
0.00017715	1790.0
0.00017717	5.65840718
0.00017736	612.81384518
0.00017742	2419.48483
0.0001775	1300.0
0.00017753	300.0
0.00017766	28.33818153
0.0001777	1007.18378206
0.00017771	100.0
0.00017778	8.14510818
0.0001779	659.15582575
0.00017791	253.80396358
0.00017799	1129.38150316
0.000178	9036.44631227
0.00017806	74.6067345
0.00017812	10.0
0.00017814	171.71688795
0.00017815	9.94611421
0.00017816	287.11679538
0.00017818	2048.0395381
0.00017823	102.03961501
0.00017842	25.0
0.00017851	28.1121433
0.00017853	26.47086068
0.00017856	8.81765444
0.00017868	174.23252069
0.00017871	100.0
0.00017885	13.08651959
0.00017886	10.74755461
0.00017887	9.90594275
0.00017895	29.73434539
0.000179	778.63136229
0.00017905	3.79205
0.00017906	8.42339632
0.00017916	1500.0
0.00017918	2180.45555673
0.00017923	28.0794442
0.00017928	8.78212157
0.0001793	21.5871166
0.00017933	23.08003492
0.000172	2336.69208883
0.00017203	60.0
0.00017214	27.0
0.00017216	5746.3033033
0.00017233	1220.72035677
0.00017234	30.0
0.00017235	8083.92079386
0.0001725	1486.61638696
0.00017257	9840.76608156
0.00017296	12218.583
0.00017297	21273.9291084
0.000173	239.22566175
0.00017312	13.08651959
0.00017323	6.09392578
0.0001733	43625.5452959
0.00017331	11.50621404
0.00017335	728.47826912
0.00017346	6.1625921
0.0001738	45.28223192
0.000174	11868.4736629
0.00017403	47623.0
0.00017404	25.0
0.00017419	6.26602942
0.0001742	6.39349723
0.0001743	5.54529641
0.00017463	10000.0
0.0001747	42209.01525
0.0001749	500.0
0.00017498	2355.76757815
0.00017499	781.64550731
0.000175	71081.3939184
0.00017501	617.0
0.00017514	356.08102487
0.00017533	6.47764262
0.0001755	4050.53291103
0.00017557	18.18360838
0.00017562	8.24563011
0.00017568	356.25132309
0.00017571	100.0
0.0001758	120.0
0.00017591	60.07373088
0.00017594	25.0
0.00017598	13.08651959
0.00017599	60.79626746
0.000176	60565.6941945
0.0001762	5206.97140833
0.00017622	25.0
0.00017628	13.94686259
0.00017634	8.21184824
0.00017635	3000.0
0.00017642	2.94046136
0.0001765	373.05842302
0.00017652	31.58
0.00017653	350.14918172
0.00017669	91.0
0.00017671	100.0
0.0001768	6016.369152
0.00017699	13.89073517
0.000177	2005.84561653
0.00017706	8.17834205
0.00017714	2799.65305555
0.00017715	1790.0
0.00017717	5.65840718
0.00017736	612.81384518
0.0001775	1300.0
0.00017753	300.0
0.00017766	28.33818153
0.0001777	1007.18378206
0.00017771	100.0
0.00017778	8.14510818
0.0001779	659.15582575
0.00017791	253.80396358
0.00017799	1129.38150316
0.000178	9036.44631227
0.00017806	74.6067345
0.00017812	10.0
0.00017814	171.71688795
0.00017815	9.94611421
0.00017816	287.11679538
0.00017818	2048.0395381
0.00017823	102.03961501
0.00017842	25.0
0.00017851	28.1121433
0.00017853	26.47086068
0.00017856	8.81765444
0.00017868	174.23252069
0.00017871	100.0
0.00017885	13.08651959
0.00017886	10.74755461
0.00017887	9.90594275
0.00017895	29.73434539
0.000179	778.63136229
0.00017901	2419.48483
0.00017905	3.79205
0.00017906	8.42339632
0.00017916	1500.0
0.00017918	2180.45555673
0.00017923	28.0794442
0.00017928	8.78212157
0.0001793	21.5871166
0.00017199	464.09219802
0.000172	2736.69208883
0.00017203	60.0
0.00017214	27.0
0.00017216	5746.3033033
0.00017233	1220.72035677
0.00017234	30.0
0.00017235	8083.92079386
0.0001725	1486.61638696
0.00017257	9840.76608156
0.0001729	7877.093
0.00017297	985.20310839
0.00017298	50.0
0.000173	239.22566175
0.00017312	13.08651959
0.00017323	6.09392578
0.00017329	26636.4
0.0001733	14070.8682959
0.00017331	11.50621404
0.00017333	12390.709
0.00017334	9794.873
0.00017335	728.47826912
0.00017346	6.1625921
0.0001738	45.28223192
0.000174	11868.4736629
0.00017404	25.0
0.00017419	6.26602942
0.0001742	6.39349723
0.0001743	5.54529641
0.00017431	5.43847411
0.00017463	10000.0
0.0001747	42209.01525
0.0001749	500.0
0.00017498	2355.76757815
0.00017499	781.64550731
0.000175	71081.3939184
0.00017501	617.0
0.00017514	356.08102487
0.00017533	47629.4776426
0.0001755	4050.53291103
0.00017557	18.18360838
0.00017562	8.24563011
0.00017568	356.25132309
0.00017571	100.0
0.0001758	120.0
0.00017591	60.07373088
0.00017594	25.0
0.00017598	13.08651959
0.00017599	60.79626746
0.000176	60565.6941945
0.0001762	5206.97140833
0.00017622	25.0
0.00017628	13.94686259
0.00017634	8.21184824
0.00017635	3000.0
0.00017642	2.94046136
0.0001765	373.05842302
0.00017652	31.58
0.00017653	350.14918172
0.00017669	91.0
0.00017671	100.0
0.0001768	6016.369152
0.00017699	13.89073517
0.000177	2005.84561653
0.00017706	8.17834205
0.00017715	1790.0
0.00017717	5.65840718
0.00017736	612.81384518
0.0001775	1300.0
0.00017753	300.0
0.00017766	28.33818153
0.0001777	1007.18378206
0.00017771	100.0
0.00017778	8.14510818
0.0001779	659.15582575
0.00017791	253.80396358
0.00017799	1129.38150316
0.000178	9036.44631227
0.00017806	74.6067345
0.00017812	10.0
0.00017814	171.71688795
0.00017815	9.94611421
0.00017816	287.11679538
0.00017818	2048.0395381
0.00017823	102.03961501
0.00017842	25.0
0.00017851	28.1121433
0.00017853	26.47086068
0.00017856	8.81765444
0.00017868	174.23252069
0.00017871	100.0
0.00017885	13.08651959
0.00017886	10.74755461
0.00017887	9.90594275
0.00017895	29.73434539
0.000179	778.63136229
0.00017901	2419.48483
0.00017905	3.79205
0.00017906	8.42339632
0.00017916	1500.0
0.00017203	12220.0134118
0.00017205	500.0
0.00017214	27.0
0.00017216	5746.3033033
0.00017233	1220.72035677
0.00017234	30.0
0.00017235	8083.92079386
0.00017257	9840.76608156
0.00017298	6777.328
0.000173	239.22566175
0.00017312	13.08651959
0.00017323	6.09392578
0.00017329	26636.4
0.0001733	14070.8682959
0.00017331	11.50621404
0.00017332	23899.629
0.00017335	728.47826912
0.00017346	6.1625921
0.0001738	45.28223192
0.000174	11868.4736629
0.00017404	25.0
0.00017419	6.26602942
0.0001742	6.39349723
0.0001743	5.54529641
0.00017431	5.43847411
0.00017463	10000.0
0.0001747	42209.01525
0.0001749	500.0
0.00017498	2355.76757815
0.00017499	781.64550731
0.000175	71081.3939184
0.00017501	617.0
0.00017514	356.08102487
0.00017533	47629.4776426
0.0001755	4050.53291103
0.00017557	18.18360838
0.00017562	8.24563011
0.00017568	356.25132309
0.00017571	100.0
0.0001758	120.0
0.00017591	60.07373088
0.00017594	25.0
0.00017598	13.08651959
0.00017599	60.79626746
0.000176	60565.6941945
0.0001762	5206.97140833
0.00017622	25.0
0.00017628	13.94686259
0.00017634	8.21184824
0.00017635	3000.0
0.00017642	2.94046136
0.0001765	373.05842302
0.00017652	31.58
0.00017653	350.14918172
0.00017669	91.0
0.00017671	100.0
0.0001768	6016.369152
0.00017699	13.89073517
0.000177	2005.84561653
0.00017706	8.17834205
0.00017715	1790.0
0.00017717	5.65840718
0.00017736	612.81384518
0.0001775	1300.0
0.00017753	300.0
0.00017766	28.33818153
0.00017767	2799.65305555
0.0001777	1007.18378206
0.00017771	100.0
0.00017778	8.14510818
0.0001779	659.15582575
0.00017791	253.80396358
0.00017799	1129.38150316
0.000178	9036.44631227
0.00017806	74.6067345
0.00017812	10.0
0.00017814	171.71688795
0.00017815	9.94611421
0.00017816	287.11679538
0.00017818	2048.0395381
0.00017823	102.03961501
0.00017842	25.0
0.00017851	28.1121433
0.00017853	26.47086068
0.00017856	8.81765444
0.00017868	174.23252069
0.00017871	100.0
0.00017885	13.08651959
0.00017886	10.74755461
0.00017887	9.90594275
0.00017895	29.73434539
0.000179	778.63136229
0.00017901	2419.48483
0.00017905	3.79205
0.00017906	8.42339632
0.00017916	1500.0
0.00017918	2180.45555673
0.00017923	28.0794442
0.00017928	8.78212157
0.0001793	21.5871166
0.00017199	359.32352956
0.00017202	16.00496332
0.0001721	100.69355922
0.00017216	5693.20718128
0.00017234	30.0
0.00017235	8083.92079386
0.00017257	9840.76608156
0.00017298	50.0
0.000173	239.22566175
0.00017312	13.08651959
0.00017323	6.09392578
0.0001733	5.93029593
0.00017331	11.50621404
0.00017335	728.47826912
0.00017346	6.1625921
0.0001738	45.28223192
0.000174	11868.4736629
0.00017404	25.0
0.00017419	6.26602942
0.0001742	6.39349723
0.0001743	5.54529641
0.00017431	5.43847411
0.00017462	48718.66
0.00017463	10000.0
0.0001747	42209.01525
0.0001749	500.0
0.00017498	2355.76757815
0.00017499	781.64550731
0.000175	71081.3939184
0.00017501	617.0
0.00017514	356.08102487
0.00017533	47629.4776426
0.0001755	4050.53291103
0.00017557	18.18360838
0.00017562	8.24563011
0.00017568	356.25132309
0.00017571	100.0
0.0001758	120.0
0.00017591	60.07373088
0.00017594	25.0
0.00017598	13.08651959
0.00017599	60.79626746
0.000176	60565.6941945
0.0001762	5206.97140833
0.00017622	25.0
0.00017628	13.94686259
0.00017634	8.21184824
0.00017635	3000.0
0.00017642	2.94046136
0.0001765	373.05842302
0.00017652	31.58
0.00017653	350.14918172
0.00017669	91.0
0.00017671	100.0
0.0001768	6016.369152
0.00017699	13.89073517
0.000177	2005.84561653
0.00017706	8.17834205
0.00017715	1790.0
0.00017717	5.65840718
0.00017736	612.81384518
0.0001775	1300.0
0.00017753	300.0
0.00017766	28.33818153
0.0001777	1007.18378206
0.00017771	100.0
0.00017778	8.14510818
0.0001779	659.15582575
0.00017791	253.80396358
0.00017799	1129.38150316
0.000178	9036.44631227
0.00017806	74.6067345
0.00017812	10.0
0.00017814	171.71688795
0.00017815	9.94611421
0.00017816	287.11679538
0.00017818	2048.0395381
0.00017823	102.03961501
0.00017842	25.0
0.00017851	28.1121433
0.00017853	26.47086068
0.00017856	8.81765444
0.00017868	174.23252069
0.00017871	100.0
0.00017885	13.08651959
0.00017886	10.74755461
0.00017887	9.90594275
0.00017894	2799.65305555
0.00017895	29.73434539
0.000179	778.63136229
0.00017901	2419.48483
0.00017905	3.79205
0.00017906	8.42339632
0.00017916	1500.0
0.00017918	2180.45555673
0.00017923	28.0794442
0.00017928	8.78212157
0.0001793	21.5871166
0.00017933	23.08003492
0.00017938	8.23694296
0.00017202	12.8101462
0.0001721	50.0
0.00017213	50.69355922
0.00017216	5693.20718128
0.00017234	30.0
0.00017235	8083.92079386
0.00017257	9840.76608156
0.00017298	50.0
0.000173	239.22566175
0.00017312	13.08651959
0.00017323	6.09392578
0.0001733	5.93029593
0.00017331	11.50621404
0.00017333	40644.446
0.00017335	728.47826912
0.00017346	6.1625921
0.0001738	45.28223192
0.000174	11868.4736629
0.00017404	25.0
0.00017419	6.26602942
0.0001742	6.39349723
0.0001743	5.54529641
0.00017431	5.43847411
0.00017463	10000.0
0.00017469	36835.555
0.0001747	42209.01525
0.0001749	500.0
0.00017498	2355.76757815
0.00017499	781.64550731
0.000175	71358.3939184
0.00017501	617.0
0.00017514	356.08102487
0.00017533	47629.4776426
0.0001755	4050.53291103
0.00017557	18.18360838
0.00017562	8.24563011
0.00017568	356.25132309
0.00017571	100.0
0.0001758	120.0
0.00017591	60.07373088
0.00017594	25.0
0.00017598	13.08651959
0.00017599	60.79626746
0.000176	60565.6941945
0.0001762	5206.97140833
0.00017622	25.0
0.00017628	13.94686259
0.00017634	8.21184824
0.00017635	3000.0
0.00017642	2.94046136
0.0001765	373.05842302
0.00017652	31.58
0.00017653	350.14918172
0.00017669	91.0
0.00017671	100.0
0.0001768	6016.369152
0.00017699	13.89073517
0.000177	2005.84561653
0.00017706	8.17834205
0.00017715	1790.0
0.00017717	5.65840718
0.00017736	612.81384518
0.0001775	1300.0
0.00017753	300.0
0.00017766	28.33818153
0.0001777	1007.18378206
0.00017771	100.0
0.00017778	8.14510818
0.0001779	659.15582575
0.00017791	253.80396358
0.00017799	1129.38150316
0.000178	9036.44631227
0.00017806	74.6067345
0.00017812	10.0
0.00017814	171.71688795
0.00017815	9.94611421
0.00017816	287.11679538
0.00017818	2048.0395381
0.00017823	102.03961501
0.00017842	25.0
0.00017851	28.1121433
0.00017853	26.47086068
0.00017856	8.81765444
0.00017868	174.23252069
0.00017871	100.0
0.00017885	13.08651959
0.00017886	10.74755461
0.00017887	9.90594275
0.00017894	2799.65305555
0.00017895	29.73434539
0.000179	778.63136229
0.00017901	2419.48483
0.00017905	3.79205
0.00017906	8.42339632
0.00017916	1500.0
0.00017918	2180.45555673
0.00017923	28.0794442
0.00017928	8.78212157
0.0001793	21.5871166
0.00017933	23.08003492
0.00017213	541.65276215
0.00017216	5693.20718128
0.00017234	30.0
0.00017235	8083.92079386
0.00017257	9840.76608156
0.00017298	50.0
0.000173	239.22566175
0.00017311	984.40634081
0.00017312	13.08651959
0.00017323	6.09392578
0.0001733	5.93029593
0.00017331	11.50621404
0.00017335	728.47826912
0.00017346	6.1625921
0.00017379	67672.348
0.0001738	45.28223192
0.00017399	9387.222
0.000174	11868.4736629
0.00017404	25.0
0.00017419	6.26602942
0.0001742	6.39349723
0.0001743	5.54529641
0.00017431	5.43847411
0.00017463	10000.0
0.0001747	42209.01525
0.0001749	500.0
0.00017498	2355.76757815
0.00017499	781.64550731
0.000175	71358.3939184
0.00017501	617.0
0.00017514	356.08102487
0.00017533	47629.4776426
0.0001755	4050.53291103
0.00017557	18.18360838
0.00017562	8.24563011
0.00017568	356.25132309
0.00017571	100.0
0.0001758	120.0
0.00017591	60.07373088
0.00017594	25.0
0.00017598	13.08651959
0.00017599	60.79626746
0.000176	60565.6941945
0.0001762	5206.97140833
0.00017622	25.0
0.00017628	13.94686259
0.00017634	8.21184824
0.00017635	3000.0
0.00017642	2.94046136
0.0001765	373.05842302
0.00017652	31.58
0.00017653	350.14918172
0.00017669	91.0
0.00017671	100.0
0.0001768	6016.369152
0.00017699	13.89073517
0.000177	2005.84561653
0.00017706	8.17834205
0.00017715	1790.0
0.00017717	5.65840718
0.00017736	612.81384518
0.0001775	1300.0
0.00017753	300.0
0.00017766	28.33818153
0.0001777	1007.18378206
0.00017771	100.0
0.00017778	8.14510818
0.0001779	659.15582575
0.00017791	253.80396358
0.00017799	1129.38150316
0.000178	9036.44631227
0.00017806	74.6067345
0.00017812	10.0
0.00017814	171.71688795
0.00017815	9.94611421
0.00017816	287.11679538
0.00017818	2048.0395381
0.00017823	102.03961501
0.00017824	2799.65305555
0.00017825	7096.62840225
0.00017842	25.0
0.00017851	28.1121433
0.00017853	26.47086068
0.00017856	8.81765444
0.00017868	174.23252069
0.00017871	100.0
0.00017885	13.08651959
0.00017886	10.74755461
0.00017887	9.90594275
0.00017895	29.73434539
0.000179	778.63136229
0.00017901	2419.48483
0.00017905	3.79205
0.00017906	8.42339632
0.00017916	1500.0
0.00017918	2180.45555673
0.00017923	28.0794442
0.00017928	8.78212157
0.0001793	21.5871166
0.00017933	23.08003492
0.00017213	409.06227821
0.00017216	5693.20718128
0.00017234	30.0
0.00017235	8083.92079386
0.00017257	9840.76608156
0.00017298	50.0
0.000173	297.22046059
0.00017311	984.40634081
0.00017312	13.08651959
0.00017323	6.09392578
0.0001733	5.93029593
0.00017331	11.50621404
0.00017335	728.47826912
0.00017346	6.1625921
0.00017379	67672.348
0.0001738	45.28223192
0.00017399	9387.222
0.000174	11868.4736629
0.00017404	25.0
0.00017419	6.26602942
0.0001742	6.39349723
0.0001743	5.54529641
0.00017431	5.43847411
0.00017463	10000.0
0.0001747	42209.01525
0.0001749	500.0
0.00017498	2355.76757815
0.00017499	781.64550731
0.000175	71358.3939184
0.00017501	617.0
0.00017514	356.08102487
0.00017533	47629.4776426
0.0001755	4050.53291103
0.00017557	18.18360838
0.00017562	8.24563011
0.00017568	356.25132309
0.00017571	100.0
0.0001758	120.0
0.00017591	60.07373088
0.00017598	13.08651959
0.00017599	60.79626746
0.000176	60565.6941945
0.0001762	5206.97140833
0.00017622	25.0
0.00017628	13.94686259
0.00017634	8.21184824
0.00017635	3000.0
0.00017642	2.94046136
0.0001765	373.05842302
0.00017652	31.58
0.00017653	350.14918172
0.00017669	91.0
0.00017671	100.0
0.0001768	6016.369152
0.00017699	13.89073517
0.000177	2005.84561653
0.00017706	8.17834205
0.00017715	1790.0
0.00017717	5.65840718
0.00017736	612.81384518
0.0001775	1300.0
0.00017753	300.0
0.00017766	28.33818153
0.0001777	1007.18378206
0.00017771	100.0
0.00017778	8.14510818
0.00017789	2799.65305555
0.0001779	659.15582575
0.00017791	253.80396358
0.00017799	1129.38150316
0.000178	9036.44631227
0.00017806	74.6067345
0.00017812	10.0
0.00017814	171.71688795
0.00017815	9.94611421
0.00017816	287.11679538
0.00017818	2048.0395381
0.00017823	102.03961501
0.00017825	7096.62840225
0.00017842	25.0
0.00017851	28.1121433
0.00017853	26.47086068
0.00017856	8.81765444
0.00017868	174.23252069
0.00017871	100.0
0.00017885	13.08651959
0.00017886	10.74755461
0.00017887	9.90594275
0.00017895	29.73434539
0.000179	778.63136229
0.00017901	2419.48483
0.00017905	3.79205
0.00017906	8.42339632
0.00017916	1500.0
0.00017918	2180.45555673
0.00017923	28.0794442
0.00017928	8.78212157
0.0001793	21.5871166
0.00017933	23.08003492
0.00017938	8.23694296
0.00017235	7512.15534953
0.00017257	9840.76608156
0.00017298	50.0
0.000173	297.22046059
0.00017312	13.08651959
0.00017322	983.78121266
0.00017323	6.09392578
0.0001733	5.93029593
0.00017331	11.50621404
0.00017335	728.47826912
0.00017346	6.1625921
0.00017379	67672.348
0.0001738	45.28223192
0.00017399	9387.222
0.000174	11868.4736629
0.00017404	25.0
0.00017419	6.26602942
0.0001742	6.39349723
0.0001743	5.54529641
0.00017431	5.43847411
0.00017463	10000.0
0.0001747	42209.01525
0.0001749	500.0
0.00017498	2355.76757815
0.00017499	781.64550731
0.000175	71358.3939184
0.00017501	617.0
0.00017514	356.08102487
0.00017533	47629.4776426
0.0001755	4050.53291103
0.00017557	18.18360838
0.00017562	8.24563011
0.00017568	356.25132309
0.00017571	100.0
0.0001758	120.0
0.00017591	60.07373088
0.00017594	25.0
0.00017598	13.08651959
0.00017599	60.79626746
0.000176	60565.6941945
0.0001762	5206.97140833
0.00017622	25.0
0.00017628	13.94686259
0.00017634	8.21184824
0.00017635	3000.0
0.00017642	2.94046136
0.0001765	373.05842302
0.00017652	31.58
0.00017653	350.14918172
0.00017669	91.0
0.00017671	100.0
0.0001768	6016.369152
0.00017699	13.89073517
0.000177	2005.84561653
0.00017706	8.17834205
0.00017715	1790.0
0.00017717	5.65840718
0.00017736	612.81384518
0.0001775	1300.0
0.00017753	300.0
0.00017766	28.33818153
0.0001777	1007.18378206
0.00017771	100.0
0.00017778	8.14510818
0.00017789	2799.65305555
0.0001779	659.15582575
0.00017791	253.80396358
0.00017799	1129.38150316
0.000178	9036.44631227
0.00017806	74.6067345
0.00017812	10.0
0.00017814	171.71688795
0.00017815	9.94611421
0.00017816	287.11679538
0.00017818	2048.0395381
0.00017823	102.03961501
0.00017825	7096.62840225
0.00017842	25.0
0.00017851	28.1121433
0.00017853	26.47086068
0.00017856	8.81765444
0.00017868	174.23252069
0.00017871	100.0
0.00017885	13.08651959
0.00017886	10.74755461
0.00017887	9.90594275
0.00017895	29.73434539
0.000179	778.63136229
0.00017901	2419.48483
0.00017905	3.79205
0.00017906	8.42339632
0.00017916	1500.0
0.00017918	2180.45555673
0.00017923	28.0794442
0.00017928	8.78212157
0.0001793	21.5871166
0.00017933	23.08003492
0.00017938	8.23694296
0.00017949	10.07203571
0.0001795	58.87225626
0.00017199	16046.988218
0.00017235	22794.8464664
0.00017257	9840.76608156
0.00017298	50.0
0.000173	297.22046059
0.00017312	13.08651959
0.00017315	70543.739
0.00017323	6.09392578
0.0001733	5.93029593
0.00017331	11.50621404
0.00017335	728.47826912
0.00017346	6.1625921
0.00017377	1220.72035677
0.0001738	45.28223192
0.000174	11868.4736629
0.00017404	25.0
0.00017419	6.26602942
0.0001742	6.39349723
0.0001743	5.54529641
0.00017431	5.43847411
0.00017463	10000.0
0.0001747	42209.01525
0.0001749	500.0
0.00017498	2355.76757815
0.00017499	781.64550731
0.000175	71358.3939184
0.00017501	617.0
0.00017514	356.08102487
0.00017533	47629.4776426
0.0001755	4050.53291103
0.00017557	18.18360838
0.00017562	8.24563011
0.00017568	356.25132309
0.00017571	100.0
0.0001758	120.0
0.00017591	60.07373088
0.00017594	25.0
0.00017598	13.08651959
0.00017599	60.79626746
0.000176	60565.6941945
0.0001762	5206.97140833
0.00017622	25.0
0.00017628	13.94686259
0.00017634	8.21184824
0.00017635	3000.0
0.00017642	2.94046136
0.0001765	373.05842302
0.00017652	31.58
0.00017653	350.14918172
0.00017669	91.0
0.00017671	100.0
0.0001768	6016.369152
0.00017699	13.89073517
0.000177	2005.84561653
0.00017706	8.17834205
0.00017715	1790.0
0.00017717	5.65840718
0.00017736	612.81384518
0.0001775	1300.0
0.00017753	300.0
0.00017766	28.33818153
0.0001777	1007.18378206
0.00017771	100.0
0.00017778	8.14510818
0.0001779	659.15582575
0.00017791	253.80396358
0.00017799	1129.38150316
0.000178	9036.44631227
0.00017806	74.6067345
0.00017811	2799.65305555
0.00017812	10.0
0.00017814	171.71688795
0.00017815	9.94611421
0.00017816	287.11679538
0.00017818	2048.0395381
0.00017823	102.03961501
0.00017825	7096.62840225
0.00017842	25.0
0.00017851	28.1121433
0.00017853	26.47086068
0.00017856	8.81765444
0.00017868	174.23252069
0.00017871	100.0
0.00017885	13.08651959
0.00017886	10.74755461
0.00017887	9.90594275
0.00017895	29.73434539
0.000179	778.63136229
0.00017901	2419.48483
0.00017905	3.79205
0.00017906	8.42339632
0.00017916	1500.0
0.00017918	2180.45555673
0.00017923	28.0794442
0.00017928	8.78212157
0.0001793	21.5871166
0.00017933	23.08003492
0.00017938	8.23694296
0.00017949	10.07203571
0.0001795	58.87225626
0.00017214	5.02246654
0.00017235	22794.8464664
0.00017257	9840.76608156
0.00017296	13697.932
0.00017297	985.20310839
0.00017298	50.0
0.000173	303.08810765
0.00017312	13.08651959
0.00017323	6.09392578
0.0001733	5.93029593
0.00017331	11.50621404
0.00017334	65446.441
0.00017335	728.47826912
0.00017346	6.1625921
0.00017377	1220.72035677
0.0001738	45.28223192
0.000174	11868.4736629
0.00017404	25.0
0.00017419	6.26602942
0.0001742	6.39349723
0.0001743	5.54529641
0.00017431	5.43847411
0.0001747	42209.01525
0.0001749	500.0
0.00017498	2355.76757815
0.00017499	781.64550731
0.000175	71358.3939184
0.00017501	617.0
0.00017514	356.08102487
0.00017533	47629.4776426
0.0001755	4050.53291103
0.00017557	18.18360838
0.00017562	8.24563011
0.00017568	356.25132309
0.00017571	100.0
0.0001758	120.0
0.00017591	60.07373088
0.00017594	25.0
0.00017598	13.08651959
0.00017599	60.79626746
0.000176	60565.6941945
0.0001762	5206.97140833
0.00017622	25.0
0.00017628	13.94686259
0.00017634	8.21184824
0.00017635	3000.0
0.00017642	2.94046136
0.0001765	373.05842302
0.00017652	31.58
0.00017653	350.14918172
0.00017669	91.0
0.00017671	100.0
0.0001768	6016.369152
0.00017699	13.89073517
0.000177	2005.84561653
0.00017706	8.17834205
0.00017715	1790.0
0.00017717	5.65840718
0.00017736	612.81384518
0.0001775	1300.0
0.00017753	300.0
0.00017766	28.33818153
0.00017769	2799.65305555
0.0001777	1007.18378206
0.00017771	100.0
0.00017778	8.14510818
0.0001779	659.15582575
0.00017791	253.80396358
0.00017799	1129.38150316
0.000178	9036.44631227
0.00017806	74.6067345
0.00017812	10.0
0.00017814	171.71688795
0.00017815	9.94611421
0.00017816	287.11679538
0.00017818	2048.0395381
0.00017823	102.03961501
0.00017825	7096.62840225
0.00017842	25.0
0.00017851	28.1121433
0.00017853	26.47086068
0.00017856	8.81765444
0.00017868	174.23252069
0.00017871	100.0
0.00017885	13.08651959
0.00017886	10.74755461
0.00017887	9.90594275
0.00017895	29.73434539
0.000179	778.63136229
0.00017901	2419.48483
0.00017905	3.79205
0.00017906	8.42339632
0.00017916	1500.0
0.00017918	2180.45555673
0.00017923	28.0794442
0.00017928	8.78212157
0.0001793	21.5871166
0.00017933	23.08003492
0.00017938	8.23694296
0.00017949	10.07203571
0.00017235	28423.4201824
0.00017257	9840.76608156
0.00017297	985.20310839
0.00017298	50.0
0.000173	303.08810765
0.00017312	13.08651959
0.00017323	6.09392578
0.0001733	5.93029593
0.00017331	11.50621404
0.00017334	61913.255
0.00017335	728.47826912
0.00017346	6.1625921
0.00017377	1220.72035677
0.0001738	45.28223192
0.000174	11868.4736629
0.00017404	25.0
0.00017419	6.26602942
0.0001742	6.39349723
0.0001743	5.54529641
0.00017431	5.43847411
0.00017456	14626.373
0.00017457	10000.0
0.0001747	42209.01525
0.0001749	500.0
0.00017498	2355.76757815
0.00017499	781.64550731
0.000175	71358.3939184
0.00017501	617.0
0.00017514	356.08102487
0.00017533	47629.4776426
0.0001755	4050.53291103
0.00017557	18.18360838
0.00017562	8.24563011
0.00017568	356.25132309
0.00017571	100.0
0.0001758	120.0
0.00017591	60.07373088
0.00017594	25.0
0.00017598	13.08651959
0.00017599	60.79626746
0.000176	60565.6941945
0.0001762	5206.97140833
0.00017622	25.0
0.00017628	13.94686259
0.00017634	8.21184824
0.00017635	3000.0
0.00017642	2.94046136
0.0001765	373.05842302
0.00017652	31.58
0.00017653	350.14918172
0.00017669	91.0
0.00017671	100.0
0.0001768	6016.369152
0.00017699	13.89073517
0.000177	2005.84561653
0.00017706	8.17834205
0.00017715	1790.0
0.00017717	5.65840718
0.00017736	612.81384518
0.0001775	1300.0
0.00017753	300.0
0.00017766	28.33818153
0.00017769	2799.65305555
0.0001777	1007.18378206
0.00017771	100.0
0.00017778	8.14510818
0.0001779	659.15582575
0.00017791	253.80396358
0.00017799	1129.38150316
0.000178	9036.44631227
0.00017806	74.6067345
0.00017812	10.0
0.00017814	171.71688795
0.00017815	9.94611421
0.00017816	287.11679538
0.00017818	2048.0395381
0.00017823	102.03961501
0.00017825	7096.62840225
0.00017842	25.0
0.00017851	28.1121433
0.00017853	26.47086068
0.00017856	8.81765444
0.00017868	174.23252069
0.00017871	100.0
0.00017885	13.08651959
0.00017886	10.74755461
0.00017887	9.90594275
0.00017895	29.73434539
0.000179	778.63136229
0.00017901	2419.48483
0.00017905	3.79205
0.00017906	8.42339632
0.00017916	1500.0
0.00017918	2180.45555673
0.00017923	28.0794442
0.00017928	8.78212157
0.0001793	21.5871166
0.00017933	23.08003492
0.00017938	8.23694296
0.00017949	10.07203571
0.00017234	3.0
0.00017235	29066.660308
0.00017257	9840.76608156
0.00017298	50.0
0.000173	303.08810765
0.00017305	6573.914
0.00017311	984.40634081
0.00017312	13.08651959
0.00017323	6.09392578
0.0001733	5.93029593
0.00017331	11.50621404
0.00017335	740.17914889
0.00017346	6.1625921
0.00017376	64011.574
0.00017377	1220.72035677
0.0001738	45.28223192
0.000174	11868.4736629
0.00017404	25.0
0.00017419	6.26602942
0.0001742	6.39349723
0.0001743	5.54529641
0.00017431	5.43847411
0.00017445	5.32065941
0.00017457	10000.0
0.00017469	11583.495
0.0001747	42209.01525
0.0001749	500.0
0.00017498	2355.76757815
0.00017499	781.64550731
0.000175	71358.3939184
0.00017501	617.0
0.00017514	356.08102487
0.00017533	47629.4776426
0.0001755	4050.53291103
0.00017557	18.18360838
0.00017562	8.24563011
0.00017568	356.25132309
0.00017571	100.0
0.0001758	120.0
0.00017591	60.07373088
0.00017594	25.0
0.00017598	13.08651959
0.00017599	60.79626746
0.000176	60565.6941945
0.0001762	5206.97140833
0.00017622	25.0
0.00017628	13.94686259
0.00017634	8.21184824
0.00017635	3000.0
0.00017642	2.94046136
0.0001765	373.05842302
0.00017652	31.58
0.00017653	350.14918172
0.00017669	91.0
0.00017671	100.0
0.0001768	6016.369152
0.00017699	13.89073517
0.000177	1505.84561653
0.00017706	8.17834205
0.00017715	1790.0
0.00017717	5.65840718
0.00017736	612.81384518
0.0001775	1300.0
0.00017753	300.0
0.00017766	28.33818153
0.00017769	2799.65305555
0.0001777	1007.18378206
0.00017771	100.0
0.00017778	8.14510818
0.0001779	659.15582575
0.00017791	253.80396358
0.00017799	1129.38150316
0.000178	9036.44631227
0.00017806	74.6067345
0.00017812	10.0
0.00017814	171.71688795
0.00017815	9.94611421
0.00017816	287.11679538
0.00017818	2048.0395381
0.00017823	102.03961501
0.00017825	7096.62840225
0.00017842	25.0
0.00017851	28.1121433
0.00017853	26.47086068
0.00017856	8.81765444
0.00017868	174.23252069
0.00017871	100.0
0.00017885	13.08651959
0.00017886	10.74755461
0.00017887	9.90594275
0.00017895	29.73434539
0.000179	778.63136229
0.00017901	2419.48483
0.00017905	3.79205
0.00017906	8.42339632
0.00017916	1500.0
0.00017918	2180.45555673
0.00017923	28.0794442
0.00017928	8.78212157
0.0001793	21.5871166
0.00017198	16032.0803507
0.00017234	988.80458197
0.00017235	27843.6585786
0.00017257	9850.76608156
0.00017298	7697.078
0.000173	1517.68810765
0.00017312	13.08651959
0.00017321	64416.912
0.00017323	6.09392578
0.0001733	5.93029593
0.00017331	11.50621404
0.00017335	740.17914889
0.00017346	6.1625921
0.0001738	45.28223192
0.000174	11868.4736629
0.00017404	25.0
0.00017419	6.26602942
0.0001742	6.39349723
0.0001743	5.54529641
0.00017431	5.43847411
0.00017445	5.32065941
0.0001747	42209.01525
0.0001749	500.0
0.00017498	2355.76757815
0.00017499	781.64550731
0.000175	71358.3939184
0.00017501	617.0
0.00017514	356.08102487
0.00017533	47629.4776426
0.0001755	4050.53291103
0.00017557	18.18360838
0.00017562	8.24563011
0.00017568	356.25132309
0.00017571	100.0
0.0001758	120.0
0.00017591	60.07373088
0.00017594	25.0
0.00017598	13.08651959
0.00017599	60.79626746
0.000176	60565.6941945
0.0001762	5206.97140833
0.00017622	25.0
0.00017628	13.94686259
0.00017634	8.21184824
0.00017635	3000.0
0.00017642	2.94046136
0.0001765	373.05842302
0.00017652	31.58
0.00017653	350.14918172
0.00017669	91.0
0.00017671	100.0
0.0001768	6016.369152
0.00017699	13.89073517
0.000177	1505.84561653
0.00017706	8.17834205
0.00017715	1790.0
0.00017717	5.65840718
0.00017736	612.81384518
0.00017749	2799.65305555
0.0001775	1300.0
0.00017753	300.0
0.00017766	28.33818153
0.0001777	1007.18378206
0.00017771	100.0
0.00017778	8.14510818
0.0001779	659.15582575
0.00017791	253.80396358
0.00017799	1129.38150316
0.000178	9036.44631227
0.00017806	74.6067345
0.00017812	10.0
0.00017814	171.71688795
0.00017815	9.94611421
0.00017816	287.11679538
0.00017818	2048.0395381
0.00017823	102.03961501
0.00017825	7096.62840225
0.00017842	25.0
0.00017851	28.1121433
0.00017853	26.47086068
0.00017856	8.81765444
0.00017868	174.23252069
0.00017871	100.0
0.00017885	13.08651959
0.00017886	10.74755461
0.00017887	9.90594275
0.00017895	29.73434539
0.000179	778.63136229
0.00017901	2419.48483
0.00017905	3.79205
0.00017906	8.42339632
0.00017916	1500.0
0.00017918	2180.45555673
0.00017923	28.0794442
0.00017928	8.78212157
0.0001793	21.5871166
0.00017933	23.08003492
0.00017938	8.23694296
0.00017949	10.07203571
0.0001795	58.87225626
0.00017136	8200.0
0.00017197	990.93203267
0.00017198	350.0
0.0001722	355.0
0.00017233	12554.5931398
0.00017235	27843.6585786
0.00017257	9850.76608156
0.00017295	70621.516
0.00017298	50.0
0.000173	1517.68810765
0.00017312	13.08651959
0.0001732	1220.72035677
0.00017323	6.09392578
0.0001733	5.93029593
0.00017331	11.50621404
0.00017335	740.17914889
0.00017346	6.1625921
0.0001738	45.28223192
0.000174	11868.4736629
0.00017404	25.0
0.00017419	6.26602942
0.0001742	6.39349723
0.0001743	5.54529641
0.00017431	5.43847411
0.00017445	5.32065941
0.00017449	10000.0
0.0001747	42209.01525
0.0001749	500.0
0.00017498	2355.76757815
0.00017499	781.64550731
0.000175	71358.3939184
0.00017501	617.0
0.00017514	356.08102487
0.00017533	47629.4776426
0.0001755	4050.53291103
0.00017557	18.18360838
0.00017562	8.24563011
0.00017568	356.25132309
0.00017571	100.0
0.0001758	120.0
0.00017591	60.07373088
0.00017594	25.0
0.00017598	13.08651959
0.00017599	60.79626746
0.000176	60565.6941945
0.0001762	5206.97140833
0.00017622	25.0
0.00017628	13.94686259
0.00017634	8.21184824
0.00017635	3000.0
0.00017642	2.94046136
0.0001765	373.05842302
0.00017652	31.58
0.00017653	350.14918172
0.00017669	91.0
0.00017671	100.0
0.0001768	6016.369152
0.00017699	13.89073517
0.000177	1505.84561653
0.00017706	8.17834205
0.00017715	1790.0
0.00017717	5.65840718
0.00017736	612.81384518
0.0001775	1300.0
0.00017753	300.0
0.00017765	2799.65305555
0.00017766	28.33818153
0.0001777	1007.18378206
0.00017771	100.0
0.00017778	8.14510818
0.0001779	659.15582575
0.00017791	253.80396358
0.00017799	1129.38150316
0.000178	9036.44631227
0.00017806	74.6067345
0.00017812	10.0
0.00017814	171.71688795
0.00017815	9.94611421
0.00017816	287.11679538
0.00017818	2048.0395381
0.00017823	102.03961501
0.00017825	7096.62840225
0.00017842	25.0
0.00017851	28.1121433
0.00017853	26.47086068
0.00017856	8.81765444
0.00017868	174.23252069
0.00017871	100.0
0.00017885	13.08651959
0.00017886	10.74755461
0.00017887	9.90594275
0.00017895	29.73434539
0.000179	778.63136229
0.00017901	2419.48483
0.00017905	3.79205
0.00017906	8.42339632
0.00017916	1500.0
0.00017918	2180.45555673
0.00017923	28.0794442
0.00017928	8.78212157
0.0001722	355.0
0.00017234	1085.50481276
0.00017235	20843.6585786
0.00017257	9850.76608156
0.00017295	70621.516
0.00017298	50.0
0.000173	1517.68810765
0.00017311	984.40634081
0.00017312	13.08651959
0.0001732	1220.72035677
0.00017323	6.09392578
0.0001733	5.93029593
0.00017331	11.50621404
0.00017335	740.17914889
0.00017346	6.1625921
0.0001738	45.28223192
0.000174	11868.4736629
0.00017404	25.0
0.00017419	6.26602942
0.0001742	6.39349723
0.0001743	5.54529641
0.00017431	5.43847411
0.00017445	5.32065941
0.00017449	10000.0
0.0001747	42209.01525
0.0001749	500.0
0.00017498	2355.76757815
0.00017499	781.64550731
0.000175	71358.3939184
0.00017501	617.0
0.00017514	356.08102487
0.00017533	47629.4776426
0.0001755	4050.53291103
0.00017557	18.18360838
0.00017562	8.24563011
0.00017568	356.25132309
0.00017571	100.0
0.0001758	120.0
0.00017591	60.07373088
0.00017594	25.0
0.00017598	13.08651959
0.00017599	60.79626746
0.000176	60565.6941945
0.0001762	5206.97140833
0.00017622	25.0
0.00017628	13.94686259
0.00017634	8.21184824
0.00017635	3000.0
0.00017642	2.94046136
0.0001765	373.05842302
0.00017652	31.58
0.00017653	350.14918172
0.00017669	91.0
0.00017671	100.0
0.0001768	6016.369152
0.00017699	13.89073517
0.000177	1505.84561653
0.00017706	8.17834205
0.00017715	1790.0
0.00017717	5.65840718
0.00017736	612.81384518
0.0001775	1300.0
0.00017753	300.0
0.00017765	2799.65305555
0.00017766	28.33818153
0.0001777	1007.18378206
0.00017771	100.0
0.00017778	8.14510818
0.0001779	659.15582575
0.00017791	253.80396358
0.00017799	1129.38150316
0.000178	9036.44631227
0.00017806	74.6067345
0.00017812	10.0
0.00017814	171.71688795
0.00017815	9.94611421
0.00017816	287.11679538
0.00017818	2048.0395381
0.00017823	102.03961501
0.00017825	7096.62840225
0.00017842	25.0
0.00017851	28.1121433
0.00017853	26.47086068
0.00017856	8.81765444
0.00017868	174.23252069
0.00017871	100.0
0.00017885	13.08651959
0.00017886	10.74755461
0.00017887	9.90594275
0.00017895	29.73434539
0.000179	778.63136229
0.00017901	2419.48483
0.00017905	3.79205
0.00017906	8.42339632
0.00017916	1500.0
0.00017918	2180.45555673
0.00017923	28.0794442
0.00017928	8.78212157
0.0001793	21.5871166
0.00017933	23.08003492
0.000171	6831.70234284
0.00017253	8228.253
0.00017254	987.65840766
0.00017257	3247.41971404
0.00017298	50.0
0.000173	1517.68810765
0.00017312	13.08651959
0.00017323	6.09392578
0.0001733	5.93029593
0.00017331	11.50621404
0.00017335	740.17914889
0.00017346	6.1625921
0.0001735	3.47985348
0.00017387	45.28223192
0.00017397	5.22863397
0.000174	11868.4736629
0.00017404	25.0
0.00017419	6.26602942
0.0001742	6.39349723
0.0001743	5.54529641
0.00017431	5.43847411
0.00017445	5.32065941
0.00017449	10000.0
0.00017467	5.20761709
0.00017469	28587.819
0.0001747	42209.01525
0.0001749	500.0
0.00017498	2355.76757815
0.00017499	781.64550731
0.000175	71358.3939184
0.00017501	617.0
0.00017514	356.08102487
0.00017533	47629.4776426
0.0001755	4050.53291103
0.00017557	18.18360838
0.00017562	8.24563011
0.00017568	356.25132309
0.00017571	100.0
0.0001758	120.0
0.00017591	60.07373088
0.00017594	25.0
0.00017598	13.08651959
0.00017599	60.79626746
0.000176	60565.6941945
0.0001762	5206.97140833
0.00017622	25.0
0.00017628	13.94686259
0.00017634	8.21184824
0.00017635	3000.0
0.00017642	2.94046136
0.0001765	373.05842302
0.00017652	31.58
0.00017653	350.14918172
0.00017669	91.0
0.00017671	100.0
0.0001768	6016.369152
0.00017699	13.89073517
0.000177	1505.84561653
0.00017706	8.17834205
0.00017715	1790.0
0.00017717	5.65840718
0.00017736	612.81384518
0.00017749	2799.65305555
0.0001775	1300.0
0.00017753	300.0
0.00017766	28.33818153
0.0001777	1007.18378206
0.00017771	100.0
0.00017778	8.14510818
0.0001779	659.15582575
0.00017791	253.80396358
0.00017799	1129.38150316
0.000178	9036.44631227
0.00017806	74.6067345
0.00017812	10.0
0.00017814	171.71688795
0.00017815	9.94611421
0.00017816	287.11679538
0.00017818	2048.0395381
0.00017823	102.03961501
0.00017825	7096.62840225
0.00017842	25.0
0.00017851	28.1121433
0.00017853	26.47086068
0.00017856	8.81765444
0.00017868	174.23252069
0.00017871	100.0
0.00017885	13.08651959
0.00017886	10.74755461
0.00017887	9.90594275
0.00017895	29.73434539
0.000179	778.63136229
0.00017901	2419.48483
0.00017905	3.79205
0.00017906	8.42339632
0.00017916	1500.0
0.00017918	2180.45555673
0.00017923	28.0794442
0.00017928	8.78212157
0.0001793	21.5871166
0.00017226	104.74885195
0.00017241	29794.8594699
0.00017257	3247.41971404
0.00017275	986.45778094
0.00017277	1220.72035677
0.00017298	50.0
0.000173	1517.68810765
0.00017312	13.08651959
0.00017323	6.09392578
0.0001733	5.93029593
0.00017331	11.50621404
0.00017335	740.17914889
0.00017345	45388.675
0.00017346	6.1625921
0.0001735	3.47985348
0.00017387	45.28223192
0.00017397	5.22863397
0.000174	11868.4736629
0.00017404	25.0
0.00017419	6.26602942
0.0001742	6.39349723
0.0001743	5.54529641
0.00017431	5.43847411
0.00017445	5.32065941
0.00017449	10000.0
0.00017467	5.20761709
0.0001747	42209.01525
0.0001749	500.0
0.00017498	2355.76757815
0.00017499	781.64550731
0.000175	68657.1018973
0.00017501	617.0
0.00017514	356.08102487
0.00017533	47629.4776426
0.0001755	4050.53291103
0.00017557	18.18360838
0.00017562	8.24563011
0.00017568	356.25132309
0.00017571	100.0
0.0001758	120.0
0.00017591	60.07373088
0.00017594	25.0
0.00017598	13.08651959
0.00017599	60.79626746
0.000176	60565.6941945
0.0001762	5206.97140833
0.00017622	25.0
0.00017628	13.94686259
0.00017634	8.21184824
0.00017635	3000.0
0.0001765	373.05842302
0.00017652	31.58
0.00017669	91.0
0.00017671	100.0
0.0001768	6016.369152
0.00017699	13.89073517
0.000177	1505.84561653
0.00017706	8.17834205
0.00017715	1790.0
0.00017717	5.65840718
0.00017735	2799.65305555
0.00017736	612.81384518
0.0001775	1300.0
0.00017753	300.0
0.00017766	28.33818153
0.0001777	1007.18378206
0.00017771	100.0
0.00017778	8.14510818
0.0001779	659.15582575
0.00017791	253.80396358
0.00017799	1129.38150316
0.000178	9036.44631227
0.00017806	74.6067345
0.00017812	10.0
0.00017814	171.71688795
0.00017815	9.94611421
0.00017816	287.11679538
0.00017818	2048.0395381
0.00017823	102.03961501
0.00017825	7096.62840225
0.00017842	25.0
0.00017851	28.1121433
0.00017853	26.47086068
0.00017856	8.81765444
0.00017868	174.23252069
0.00017871	100.0
0.00017885	13.08651959
0.00017886	10.74755461
0.00017887	9.90594275
0.00017895	29.73434539
0.000179	778.63136229
0.00017901	2419.48483
0.00017905	3.79205
0.00017906	8.42339632
0.00017916	1500.0
0.00017918	2180.45555673
0.00017923	28.0794442
0.00017928	8.78212157
0.0001793	21.5871166
0.00017933	23.08003492
0.00017201	1223.00172943
0.00017227	17184.893
0.0001724	35197.686
0.00017257	3247.41971404
0.00017298	50.0
0.000173	1517.68810765
0.00017312	13.08651959
0.00017322	983.78121266
0.00017323	6.09392578
0.0001733	5.93029593
0.00017331	11.50621404
0.00017335	740.17914889
0.00017346	6.1625921
0.0001735	3.47985348
0.00017387	45.28223192
0.00017397	5.22863397
0.000174	11868.4736629
0.00017404	25.0
0.00017419	6.26602942
0.0001742	6.39349723
0.0001743	5.54529641
0.00017431	5.43847411
0.00017445	5.32065941
0.00017448	30227.817
0.00017449	10000.0
0.00017467	5.20761709
0.0001747	42209.01525
0.0001749	500.0
0.00017498	2355.76757815
0.00017499	781.64550731
0.000175	71358.3939184
0.00017501	617.0
0.00017514	356.08102487
0.00017533	47629.4776426
0.0001755	3788.0
0.00017557	18.18360838
0.00017562	8.24563011
0.00017568	356.25132309
0.00017571	100.0
0.0001758	120.0
0.00017591	60.07373088
0.00017594	25.0
0.00017598	13.08651959
0.00017599	60.79626746
0.000176	60565.6941945
0.0001762	5206.97140833
0.00017622	25.0
0.00017628	13.94686259
0.00017634	8.21184824
0.00017635	3000.0
0.0001765	373.05842302
0.00017652	31.58
0.00017669	91.0
0.00017671	100.0
0.0001768	6016.369152
0.00017699	13.89073517
0.000177	1505.84561653
0.00017706	8.17834205
0.00017715	1790.0
0.00017717	5.65840718
0.00017736	612.81384518
0.0001775	1300.0
0.00017753	300.0
0.00017766	28.33818153
0.0001777	1007.18378206
0.00017771	100.0
0.00017778	8.14510818
0.0001779	659.15582575
0.00017791	256.74442494
0.00017799	3929.03455871
0.000178	9036.44631227
0.00017806	74.6067345
0.00017812	10.0
0.00017814	171.71688795
0.00017815	9.94611421
0.00017816	287.11679538
0.00017818	2048.0395381
0.00017823	102.03961501
0.00017825	7096.62840225
0.00017842	25.0
0.00017851	28.1121433
0.00017853	26.47086068
0.00017856	8.81765444
0.00017868	174.23252069
0.00017871	100.0
0.00017885	13.08651959
0.00017886	10.74755461
0.00017887	9.90594275
0.00017895	29.73434539
0.000179	778.63136229
0.00017901	2419.48483
0.00017905	3.79205
0.00017906	8.42339632
0.00017916	1500.0
0.00017918	2180.45555673
0.00017923	28.0794442
0.00017928	8.78212157
0.0001793	21.5871166
0.00017933	23.08003492
0.00017938	8.23694296
0.00017232	841.65837937
0.00017236	3000.0
0.00017242	75032.273
0.00017257	3247.41971404
0.00017298	50.0
0.000173	1535.67494462
0.00017312	13.08651959
0.00017322	983.78121266
0.00017323	6.09392578
0.0001733	5.93029593
0.00017331	11.50621404
0.00017335	740.17914889
0.00017346	6.1625921
0.0001735	3.47985348
0.00017387	45.28223192
0.00017397	5.22863397
0.000174	11868.4736629
0.00017404	25.0
0.00017419	6.26602942
0.0001742	6.39349723
0.0001743	5.54529641
0.00017431	5.43847411
0.00017445	5.32065941
0.00017449	10000.0
0.00017467	5.20761709
0.0001747	42209.01525
0.0001749	500.0
0.00017498	2355.76757815
0.00017499	781.64550731
0.000175	71358.3939184
0.00017501	617.0
0.00017514	356.08102487
0.00017533	47629.4776426
0.0001755	3788.0
0.00017557	18.18360838
0.00017562	8.24563011
0.00017568	356.25132309
0.00017571	100.0
0.0001758	120.0
0.00017591	60.07373088
0.00017594	25.0
0.00017598	13.08651959
0.00017599	60.79626746
0.000176	60565.6941945
0.0001762	5206.97140833
0.00017622	25.0
0.00017628	13.94686259
0.00017634	8.21184824
0.00017635	3000.0
0.0001765	373.05842302
0.00017652	31.58
0.00017669	91.0
0.00017671	100.0
0.0001768	6016.369152
0.00017699	13.89073517
0.000177	1505.84561653
0.00017706	8.17834205
0.00017715	1790.0
0.00017717	5.65840718
0.00017736	612.81384518
0.0001775	1300.0
0.00017753	300.0
0.00017766	28.33818153
0.0001777	1007.18378206
0.00017771	100.0
0.00017778	8.14510818
0.0001779	659.15582575
0.00017791	256.74442494
0.00017799	1129.38150316
0.000178	9036.44631227
0.00017806	74.6067345
0.00017812	10.0
0.00017814	171.71688795
0.00017815	9.94611421
0.00017816	287.11679538
0.00017818	2048.0395381
0.00017823	102.03961501
0.00017825	7096.62840225
0.00017842	25.0
0.00017851	28.1121433
0.00017853	26.47086068
0.00017855	2799.65305555
0.00017856	8.81765444
0.00017868	174.23252069
0.00017871	100.0
0.00017885	13.08651959
0.00017886	10.74755461
0.00017887	9.90594275
0.00017895	29.73434539
0.000179	778.63136229
0.00017901	2419.48483
0.00017905	3.79205
0.00017906	8.42339632
0.00017916	1500.0
0.00017918	2180.45555673
0.00017923	28.0794442
0.00017928	8.78212157
0.0001793	21.5871166
0.00017933	23.08003492
0.00017938	8.23694296
0.00017236	25.82212333
0.0001725	30262.574
0.00017257	3247.41971404
0.00017269	986.80051918
0.0001727	5.79908145
0.00017298	50.0
0.000173	1535.67494462
0.00017312	13.08651959
0.00017323	6.09392578
0.0001733	5.93029593
0.00017331	11.50621404
0.00017335	740.17914889
0.00017345	43475.7
0.00017346	6.1625921
0.00017387	45.28223192
0.00017397	5.22863397
0.000174	11868.4736629
0.00017404	25.0
0.00017419	6.26602942
0.0001742	6.39349723
0.0001743	5.54529641
0.00017431	5.43847411
0.00017445	5.32065941
0.00017449	10000.0
0.00017467	5.20761709
0.0001747	42209.01525
0.0001749	500.0
0.00017498	2355.76757815
0.00017499	781.64550731
0.000175	71358.3939184
0.00017501	617.0
0.00017514	356.08102487
0.00017533	47629.4776426
0.0001755	3788.0
0.00017557	18.18360838
0.00017562	8.24563011
0.00017568	356.25132309
0.00017571	100.0
0.0001758	120.0
0.00017591	60.07373088
0.00017594	25.0
0.00017598	13.08651959
0.00017599	60.79626746
0.000176	60565.6941945
0.0001762	5206.97140833
0.00017622	25.0
0.00017628	13.94686259
0.00017634	8.21184824
0.00017635	3000.0
0.0001765	373.05842302
0.00017652	31.58
0.00017669	91.0
0.00017671	100.0
0.00017679	2799.65305555
0.0001768	6016.369152
0.00017699	13.89073517
0.000177	1505.84561653
0.00017706	8.17834205
0.00017715	1790.0
0.00017717	5.65840718
0.00017736	612.81384518
0.0001775	1300.0
0.00017753	300.0
0.00017766	28.33818153
0.0001777	1007.18378206
0.00017771	100.0
0.00017778	8.14510818
0.0001779	659.15582575
0.00017791	256.74442494
0.00017799	1129.38150316
0.000178	9036.44631227
0.00017806	74.6067345
0.00017812	10.0
0.00017814	171.71688795
0.00017815	9.94611421
0.00017816	287.11679538
0.00017818	2048.0395381
0.00017823	102.03961501
0.00017825	7096.62840225
0.00017842	25.0
0.00017851	28.1121433
0.00017853	26.47086068
0.00017856	8.81765444
0.00017868	174.23252069
0.00017871	100.0
0.00017885	13.08651959
0.00017886	10.74755461
0.00017887	9.90594275
0.00017895	29.73434539
0.000179	778.63136229
0.00017901	2419.48483
0.00017905	3.79205
0.00017906	8.42339632
0.00017916	1500.0
0.00017918	2180.45555673
0.00017923	28.0794442
0.00017928	8.78212157
0.0001793	21.5871166
0.00017933	23.08003492
0.00017938	8.23694296
0.00017253	1133.28987686
0.00017254	28626.896
0.00017257	3247.41971404
0.00017269	986.80051918
0.0001727	5.79908145
0.00017298	50.0
0.000173	1535.67494462
0.00017312	13.08651959
0.00017323	6.09392578
0.0001733	5.93029593
0.00017331	11.50621404
0.00017335	740.17914889
0.00017346	6.1625921
0.00017388	45.28223192
0.00017397	5.22863397
0.000174	11868.4736629
0.00017404	25.0
0.00017418	5.02129775
0.00017419	6.26602942
0.0001742	6.39349723
0.0001743	5.54529641
0.00017431	5.43847411
0.00017445	5.32065941
0.00017448	45807.897
0.00017449	10000.0
0.00017467	5.20761709
0.0001747	42209.01525
0.00017488	5.00113895
0.0001749	500.0
0.00017498	2355.76757815
0.00017499	781.64550731
0.000175	71358.3939184
0.00017501	617.0
0.00017514	356.08102487
0.00017533	47629.4776426
0.0001755	3788.0
0.00017557	18.18360838
0.00017562	8.24563011
0.00017568	356.25132309
0.00017571	100.0
0.0001758	120.0
0.00017591	60.07373088
0.00017594	25.0
0.00017598	13.08651959
0.00017599	60.79626746
0.000176	60565.6941945
0.0001762	5206.97140833
0.00017622	25.0
0.00017628	13.94686259
0.00017634	8.21184824
0.00017635	3000.0
0.0001765	373.05842302
0.00017652	31.58
0.00017669	91.0
0.00017671	100.0
0.0001768	6016.369152
0.00017699	2813.54379072
0.000177	1505.84561653
0.00017706	8.17834205
0.00017715	1790.0
0.00017717	5.65840718
0.00017736	612.81384518
0.0001775	1300.0
0.00017753	300.0
0.00017766	28.33818153
0.0001777	1007.18378206
0.00017771	100.0
0.00017778	8.14510818
0.0001779	659.15582575
0.00017791	256.74442494
0.00017799	1129.38150316
0.000178	9036.44631227
0.00017806	74.6067345
0.00017812	10.0
0.00017814	171.71688795
0.00017815	9.94611421
0.00017816	287.11679538
0.00017818	2048.0395381
0.00017823	102.03961501
0.00017825	7096.62840225
0.00017842	25.0
0.00017851	28.1121433
0.00017853	26.47086068
0.00017856	8.81765444
0.00017868	174.23252069
0.00017871	100.0
0.00017885	13.08651959
0.00017886	10.74755461
0.00017887	9.90594275
0.00017895	29.73434539
0.000179	778.63136229
0.00017901	2419.48483
0.00017905	3.79205
0.00017906	8.42339632
0.00017916	1500.0
0.00017918	2180.45555673
0.00017923	28.0794442
0.00017928	8.78212157
0.0001793	21.5871166
0.00017933	23.08003492
0.000172	6488.0
0.00017201	1115.72507668
0.00017233	1220.72035677
0.00017236	1000.0
0.00017239	16076.852
0.00017256	987.54393636
0.00017257	3247.41971404
0.0001727	5.79908145
0.00017298	50.0
0.00017299	56194.202
0.000173	1535.67494462
0.00017312	13.08651959
0.00017323	6.09392578
0.0001733	5.93029593
0.00017331	11.50621404
0.00017335	740.17914889
0.00017346	6.1625921
0.00017388	45.28223192
0.00017397	5.22863397
0.000174	11868.4736629
0.00017404	25.0
0.00017418	5.02129775
0.00017419	6.26602942
0.0001742	6.39349723
0.0001743	5.54529641
0.00017431	5.43847411
0.00017445	5.32065941
0.00017449	10000.0
0.00017467	5.20761709
0.0001747	42209.01525
0.00017488	5.00113895
0.0001749	500.0
0.00017498	2355.76757815
0.00017499	781.64550731
0.000175	71358.3939184
0.00017501	617.0
0.00017514	356.08102487
0.00017533	47629.4776426
0.0001755	3788.0
0.00017557	18.18360838
0.00017562	8.24563011
0.00017568	356.25132309
0.00017571	100.0
0.0001758	120.0
0.00017591	60.07373088
0.00017594	25.0
0.00017598	13.08651959
0.00017599	60.79626746
0.000176	60565.6941945
0.0001762	5206.97140833
0.00017622	25.0
0.00017628	13.94686259
0.00017634	8.21184824
0.00017635	3000.0
0.0001765	373.05842302
0.00017652	31.58
0.00017669	91.0
0.00017671	100.0
0.0001768	6016.369152
0.00017699	2813.54379072
0.000177	1505.84561653
0.00017706	8.17834205
0.00017715	1790.0
0.00017717	5.65840718
0.00017736	612.81384518
0.0001775	1300.0
0.00017753	300.0
0.00017766	28.33818153
0.0001777	1007.18378206
0.00017771	100.0
0.00017778	8.14510818
0.0001779	659.15582575
0.00017791	256.74442494
0.00017799	1129.38150316
0.000178	9036.44631227
0.00017806	74.6067345
0.00017812	10.0
0.00017814	171.71688795
0.00017815	9.94611421
0.00017816	287.11679538
0.00017818	2048.0395381
0.00017823	102.03961501
0.00017825	7096.62840225
0.00017842	25.0
0.00017851	28.1121433
0.00017853	26.47086068
0.00017856	8.81765444
0.00017868	174.23252069
0.00017871	100.0
0.00017885	13.08651959
0.00017886	10.74755461
0.00017887	9.90594275
0.00017895	29.73434539
0.000179	778.63136229
0.00017901	2419.48483
0.00017905	3.79205
0.00017906	8.42339632
0.00017916	1500.0
0.00017918	2180.45555673
0.00017923	28.0794442
0.00017201	385.25166051
0.00017232	988.91934574
0.00017233	1220.72035677
0.00017236	1000.0
0.00017237	1133.28987686
0.0001724	10432.179
0.00017257	3247.41971404
0.0001727	5.79908145
0.00017298	63960.235
0.000173	1535.67494462
0.00017312	13.08651959
0.00017323	6.09392578
0.0001733	5.93029593
0.00017331	11.50621404
0.00017335	740.17914889
0.00017346	6.1625921
0.00017388	45.28223192
0.00017397	5.22863397
0.000174	11868.4736629
0.00017404	25.0
0.00017418	5.02129775
0.00017419	6.26602942
0.0001742	6.39349723
0.0001743	5.54529641
0.00017431	5.43847411
0.00017445	5.32065941
0.00017449	10000.0
0.00017467	5.20761709
0.0001747	45070.87921
0.00017488	5.00113895
0.0001749	500.0
0.00017498	2355.76757815
0.00017499	781.64550731
0.000175	71358.3939184
0.00017501	617.0
0.00017514	356.08102487
0.00017533	47629.4776426
0.0001755	3788.0
0.00017557	18.18360838
0.00017562	8.24563011
0.00017568	356.25132309
0.00017571	100.0
0.0001758	120.0
0.00017591	60.07373088
0.00017594	25.0
0.00017598	13.08651959
0.00017599	60.79626746
0.000176	60565.6941945
0.0001762	5206.97140833
0.00017622	25.0
0.00017628	13.94686259
0.00017634	8.21184824
0.00017635	3000.0
0.0001765	373.05842302
0.00017652	31.58
0.00017669	91.0
0.00017671	100.0
0.0001768	6016.369152
0.00017699	13.89073517
0.000177	1505.84561653
0.00017706	8.17834205
0.00017715	1790.0
0.00017716	2799.65305555
0.00017717	5.65840718
0.00017736	612.81384518
0.0001775	1300.0
0.00017753	300.0
0.00017766	28.33818153
0.0001777	1007.18378206
0.00017771	100.0
0.00017778	8.14510818
0.0001779	659.15582575
0.00017791	256.74442494
0.00017799	1129.38150316
0.000178	9036.44631227
0.00017806	74.6067345
0.00017812	10.0
0.00017814	171.71688795
0.00017815	9.94611421
0.00017816	287.11679538
0.00017818	2048.0395381
0.00017823	102.03961501
0.00017825	7096.62840225
0.00017842	25.0
0.00017851	28.1121433
0.00017853	26.47086068
0.00017856	8.81765444
0.00017868	174.23252069
0.00017871	100.0
0.00017885	13.08651959
0.00017886	10.74755461
0.00017887	9.90594275
0.00017895	29.73434539
0.000179	778.63136229
0.00017901	2419.48483
0.00017905	3.79205
0.00017906	8.42339632
0.00017916	1500.0
0.00017918	2180.45555673
0.00017923	28.0794442
0.00017201	380.17653639
0.00017233	1220.72035677
0.00017236	1000.0
0.00017256	987.54393636
0.00017257	3247.41971404
0.0001727	5.79908145
0.00017298	30003.761
0.000173	1535.67494462
0.00017312	13.08651959
0.00017323	6.09392578
0.0001733	5.93029593
0.00017331	11.50621404
0.00017335	740.17914889
0.00017346	6.1625921
0.00017388	45.28223192
0.00017397	5.22863397
0.00017399	42753.976
0.000174	11868.4736629
0.00017404	25.0
0.00017418	5.02129775
0.00017419	6.26602942
0.0001742	6.39349723
0.0001743	5.54529641
0.00017431	5.43847411
0.00017445	5.32065941
0.00017449	10000.0
0.00017467	5.20761709
0.0001747	45070.87921
0.00017488	5.00113895
0.0001749	500.0
0.00017498	2355.76757815
0.00017499	781.64550731
0.000175	71358.3939184
0.00017501	617.0
0.00017514	356.08102487
0.00017533	47629.4776426
0.0001755	3788.0
0.00017557	18.18360838
0.00017562	8.24563011
0.00017568	356.25132309
0.00017571	100.0
0.0001758	120.0
0.00017591	60.07373088
0.00017594	25.0
0.00017598	13.08651959
0.00017599	60.79626746
0.000176	60565.6941945
0.0001762	5206.97140833
0.00017622	25.0
0.00017628	13.94686259
0.00017634	8.21184824
0.00017635	3000.0
0.0001765	373.05842302
0.00017652	31.58
0.00017669	91.0
0.00017671	100.0
0.0001768	6016.369152
0.00017699	13.89073517
0.000177	1505.84561653
0.00017706	8.17834205
0.00017715	1790.0
0.00017716	2799.65305555
0.00017717	5.65840718
0.00017736	612.81384518
0.0001775	1300.0
0.00017753	300.0
0.00017766	28.33818153
0.0001777	1007.18378206
0.00017771	100.0
0.00017778	8.14510818
0.0001779	659.15582575
0.00017791	256.74442494
0.00017799	1129.38150316
0.000178	9036.44631227
0.00017806	74.6067345
0.00017812	10.0
0.00017814	171.71688795
0.00017815	9.94611421
0.00017816	287.11679538
0.00017818	2048.0395381
0.00017823	102.03961501
0.00017825	7096.62840225
0.00017842	25.0
0.00017851	28.1121433
0.00017853	26.47086068
0.00017856	8.81765444
0.00017868	174.23252069
0.00017871	100.0
0.00017885	13.08651959
0.00017886	10.74755461
0.00017887	9.90594275
0.00017895	29.73434539
0.000179	778.63136229
0.00017901	2419.48483
0.00017905	3.79205
0.00017906	8.42339632
0.00017916	1500.0
0.00017918	2180.45555673
0.00017923	28.0794442
0.00017928	8.78212157
0.00017201	380.17653639
0.00017233	1220.72035677
0.00017236	1000.0
0.00017245	1133.28987686
0.00017256	987.54393636
0.00017257	3247.41971404
0.0001727	5.79908145
0.00017298	30003.761
0.000173	321.07494462
0.00017312	18.08651959
0.00017323	6.09392578
0.0001733	5.93029593
0.00017331	11.50621404
0.00017335	740.17914889
0.00017346	6.1625921
0.00017388	45.28223192
0.00017397	5.22863397
0.00017398	4.82076384
0.00017399	42753.976
0.000174	11868.4736629
0.00017404	25.0
0.00017418	5.02129775
0.00017419	6.26602942
0.0001742	6.39349723
0.0001743	5.54529641
0.00017431	5.43847411
0.00017445	5.32065941
0.00017467	5.20761709
0.00017468	4.80138755
0.0001747	45070.87921
0.00017488	5.00113895
0.0001749	500.0
0.00017498	2355.76757815
0.00017499	781.64550731
0.000175	71358.3939184
0.00017501	617.0
0.00017514	356.08102487
0.00017533	47629.4776426
0.0001755	3788.0
0.00017557	18.18360838
0.00017562	8.24563011
0.00017568	356.25132309
0.00017571	100.0
0.0001758	120.0
0.00017591	60.07373088
0.00017594	25.0
0.00017598	13.08651959
0.00017599	60.79626746
0.000176	60565.6941945
0.0001762	5206.97140833
0.00017622	25.0
0.00017628	13.94686259
0.00017634	8.21184824
0.00017635	3000.0
0.0001765	373.05842302
0.00017652	31.58
0.00017669	91.0
0.00017671	100.0
0.0001768	6016.369152
0.00017699	13.89073517
0.000177	1505.84561653
0.00017706	8.17834205
0.00017715	1790.0
0.00017717	5.65840718
0.00017736	612.81384518
0.0001775	1300.0
0.00017753	300.0
0.00017765	2799.65305555
0.00017766	28.33818153
0.0001777	1007.18378206
0.00017771	100.0
0.00017778	8.14510818
0.0001779	659.15582575
0.00017791	256.74442494
0.00017799	1129.38150316
0.000178	9036.44631227
0.00017806	74.6067345
0.00017812	10.0
0.00017814	171.71688795
0.00017815	9.94611421
0.00017816	287.11679538
0.00017818	2048.0395381
0.00017823	102.03961501
0.00017825	7096.62840225
0.00017842	25.0
0.00017851	28.1121433
0.00017853	26.47086068
0.00017856	8.81765444
0.00017868	174.23252069
0.00017871	100.0
0.00017885	13.08651959
0.00017886	10.74755461
0.00017887	9.90594275
0.00017895	29.73434539
0.000179	778.63136229
0.00017901	2419.48483
0.00017905	3.79205
0.00017906	8.42339632
0.00017916	1500.0
0.00017918	2180.45555673
0.000172	2908.86928247
0.00017201	380.17653639
0.00017233	1220.72035677
0.00017236	1000.0
0.00017257	3247.41971404
0.00017297	985.20310839
0.00017298	50.0
0.000173	321.07494462
0.00017312	18.08651959
0.00017323	6.09392578
0.0001733	5.93029593
0.00017331	11.50621404
0.00017333	17211.859
0.00017335	740.17914889
0.00017346	6.1625921
0.00017388	45.28223192
0.00017397	5.22863397
0.00017398	4.82076384
0.00017399	53096.334
0.000174	11868.4736629
0.00017404	25.0
0.00017418	5.02129775
0.00017419	6.26602942
0.0001742	6.39349723
0.0001743	5.54529641
0.00017431	5.43847411
0.00017445	5.32065941
0.00017467	5.20761709
0.00017468	4.80138755
0.0001747	45070.87921
0.00017488	5.00113895
0.0001749	500.0
0.00017496	10000.0
0.00017498	2355.76757815
0.00017499	781.64550731
0.000175	71358.3939184
0.00017501	617.0
0.00017514	356.08102487
0.00017533	47629.4776426
0.0001755	3788.0
0.00017557	18.18360838
0.00017562	8.24563011
0.00017568	356.25132309
0.00017571	100.0
0.0001758	120.0
0.00017591	60.07373088
0.00017594	25.0
0.00017598	13.08651959
0.00017599	60.79626746
0.000176	60565.6941945
0.0001762	5206.97140833
0.00017622	25.0
0.00017628	13.94686259
0.00017634	8.21184824
0.00017635	3000.0
0.0001765	373.05842302
0.00017652	31.58
0.00017669	91.0
0.00017671	100.0
0.0001768	6016.369152
0.00017699	13.89073517
0.000177	1505.84561653
0.00017706	8.17834205
0.00017715	1790.0
0.00017717	5.65840718
0.00017736	612.81384518
0.0001775	1300.0
0.00017753	300.0
0.00017766	28.33818153
0.0001777	1007.18378206
0.00017771	100.0
0.00017778	8.14510818
0.0001779	659.15582575
0.00017791	256.74442494
0.00017798	2799.65305555
0.00017799	1129.38150316
0.000178	9036.44631227
0.00017806	74.6067345
0.00017812	10.0
0.00017814	171.71688795
0.00017815	9.94611421
0.00017816	287.11679538
0.00017818	2048.0395381
0.00017823	102.03961501
0.00017825	7096.62840225
0.00017842	25.0
0.00017851	28.1121433
0.00017853	26.47086068
0.00017856	8.81765444
0.00017868	174.23252069
0.00017871	100.0
0.00017885	13.08651959
0.00017886	10.74755461
0.00017887	9.90594275
0.00017895	29.73434539
0.000179	778.63136229
0.00017901	2419.48483
0.00017905	3.79205
0.00017906	8.42339632
0.00017916	1500.0
0.00017236	1000.0
0.00017257	3247.41971404
0.00017298	50.0
0.000173	321.07494462
0.00017312	18.08651959
0.00017323	6.09392578
0.00017329	983.38381705
0.0001733	5.93029593
0.00017331	11.50621404
0.00017335	740.17914889
0.00017346	6.1625921
0.00017393	70154.854
0.00017394	45.28223192
0.00017397	5.22863397
0.00017398	4.82076384
0.000174	11868.4736629
0.00017404	25.0
0.00017418	5.02129775
0.00017419	6.26602942
0.0001742	6.39349723
0.0001743	5.54529641
0.00017431	5.43847411
0.00017445	5.32065941
0.00017467	5.20761709
0.00017468	4.80138755
0.0001747	45070.87921
0.00017488	5.00113895
0.0001749	500.0
0.00017498	2355.76757815
0.00017499	781.64550731
0.000175	71358.3939184
0.00017501	617.0
0.00017514	356.08102487
0.00017533	47629.4776426
0.00017548	10000.0
0.0001755	3788.0
0.00017557	18.18360838
0.00017562	8.24563011
0.00017568	356.25132309
0.00017571	100.0
0.0001758	120.0
0.00017591	60.07373088
0.00017594	25.0
0.00017598	13.08651959
0.00017599	60.79626746
0.000176	60565.6941945
0.0001762	5206.97140833
0.00017622	25.0
0.00017628	13.94686259
0.00017634	8.21184824
0.00017635	3000.0
0.0001765	373.05842302
0.00017652	31.58
0.00017669	91.0
0.00017671	100.0
0.0001768	6016.369152
0.00017699	13.89073517
0.000177	1505.84561653
0.00017706	8.17834205
0.00017715	1790.0
0.00017717	5.65840718
0.00017736	612.81384518
0.0001775	1300.0
0.00017753	300.0
0.00017766	28.33818153
0.0001777	1007.18378206
0.00017771	100.0
0.00017778	8.14510818
0.0001779	659.15582575
0.00017791	256.74442494
0.00017799	3929.03455871
0.000178	9036.44631227
0.00017806	74.6067345
0.00017812	10.0
0.00017814	171.71688795
0.00017815	9.94611421
0.00017816	287.11679538
0.00017818	2048.0395381
0.00017823	102.03961501
0.00017825	7096.62840225
0.00017842	25.0
0.00017851	28.1121433
0.00017853	26.47086068
0.00017856	8.81765444
0.00017868	174.23252069
0.00017871	100.0
0.00017885	13.08651959
0.00017886	10.74755461
0.00017887	9.90594275
0.00017895	29.73434539
0.000179	778.63136229
0.00017901	2419.48483
0.00017905	3.79205
0.00017906	8.42339632
0.00017916	1500.0
0.00017918	2180.45555673
0.00017923	28.0794442
0.00017928	8.78212157
0.0001793	21.5871166
0.00017933	23.08003492
0.00017319	7089.98
0.00017324	138.92319923
0.00017332	983.21360292
0.00017333	11810.3244139
0.00017335	740.17914889
0.00017346	6.1625921
0.00017393	61068.122
0.00017394	45.28223192
0.00017397	5.22863397
0.00017398	4.82076384
0.000174	11868.4736629
0.00017404	25.0
0.00017418	5.02129775
0.00017419	6.26602942
0.0001742	6.39349723
0.0001743	5.54529641
0.00017431	5.43847411
0.00017445	5.32065941
0.00017467	5.20761709
0.00017468	4.80138755
0.0001747	45070.87921
0.00017488	5.00113895
0.0001749	500.0
0.00017497	8767.231
0.00017498	2355.76757815
0.00017499	781.64550731
0.000175	71358.3939184
0.00017501	617.0
0.00017514	356.08102487
0.00017533	47629.4776426
0.00017548	10000.0
0.0001755	3788.0
0.00017557	18.18360838
0.00017562	8.24563011
0.00017568	356.25132309
0.00017571	100.0
0.0001758	120.0
0.00017591	60.07373088
0.00017594	25.0
0.00017598	13.08651959
0.00017599	60.79626746
0.000176	60565.6941945
0.0001762	5206.97140833
0.00017622	25.0
0.00017628	13.94686259
0.00017634	8.21184824
0.00017635	3000.0
0.0001765	373.05842302
0.00017652	31.58
0.00017669	91.0
0.00017671	100.0
0.0001768	6016.369152
0.00017699	13.89073517
0.000177	1505.84561653
0.00017706	8.17834205
0.00017715	1790.0
0.00017717	5.65840718
0.00017736	609.02179518
0.0001775	1300.0
0.00017753	300.0
0.00017765	2799.65305555
0.00017766	28.33818153
0.0001777	1007.18378206
0.00017771	100.0
0.00017778	8.14510818
0.0001779	659.15582575
0.00017791	256.74442494
0.00017799	1129.38150316
0.000178	9036.44631227
0.00017806	74.6067345
0.00017812	10.0
0.00017814	171.71688795
0.00017815	9.94611421
0.00017816	287.11679538
0.00017818	2048.0395381
0.00017823	102.03961501
0.00017825	7096.62840225
0.00017833	3.79205
0.00017842	25.0
0.00017851	28.1121433
0.00017853	26.47086068
0.00017856	8.81765444
0.00017868	174.23252069
0.00017871	100.0
0.00017885	13.08651959
0.00017886	10.74755461
0.00017887	9.90594275
0.00017895	29.73434539
0.000179	778.63136229
0.00017901	2419.48483
0.00017906	8.42339632
0.00017916	1500.0
0.00017918	2180.45555673
0.00017923	28.0794442
0.00017928	8.78212157
0.0001793	21.5871166
0.00017933	23.08003492
0.00017936	3.19178482
0.00017938	8.23694296
0.00017949	10.07203571
0.00017259	1731.90162798
0.00017321	21.46526839
0.00017322	1873.76179999
0.00017324	138.92319923
0.00017333	11810.3244139
0.00017335	740.17914889
0.00017346	6.1625921
0.00017378	75910.352
0.00017379	980.5545869
0.00017394	45.28223192
0.00017397	5.22863397
0.00017398	4.82076384
0.000174	11868.4736629
0.00017404	25.0
0.00017418	5.02129775
0.00017419	6.26602942
0.0001742	6.39349723
0.0001743	5.54529641
0.00017431	5.43847411
0.00017445	5.32065941
0.00017467	5.20761709
0.00017468	4.80138755
0.0001747	45070.87921
0.00017488	5.00113895
0.0001749	500.0
0.00017498	2355.76757815
0.00017499	781.64550731
0.000175	71358.3939184
0.00017501	617.0
0.00017514	356.08102487
0.00017533	47629.4776426
0.00017548	10000.0
0.0001755	3788.0
0.00017557	18.18360838
0.00017562	8.24563011
0.00017568	356.25132309
0.00017571	100.0
0.0001758	120.0
0.00017591	60.07373088
0.00017594	25.0
0.00017598	13.08651959
0.00017599	60.79626746
0.000176	60565.6941945
0.0001762	5206.97140833
0.00017622	25.0
0.00017628	13.94686259
0.00017634	8.21184824
0.00017635	3000.0
0.0001765	373.05842302
0.00017652	31.58
0.00017669	91.0
0.00017671	100.0
0.0001768	6016.369152
0.00017699	13.89073517
0.000177	1505.84561653
0.00017706	8.17834205
0.00017715	1790.0
0.00017717	5.65840718
0.00017736	609.02179518
0.0001775	1300.0
0.00017753	300.0
0.00017765	2799.65305555
0.00017766	28.33818153
0.0001777	1007.18378206
0.00017771	100.0
0.00017778	8.14510818
0.0001779	659.15582575
0.00017791	256.74442494
0.00017799	1129.38150316
0.000178	9036.44631227
0.00017806	74.6067345
0.00017812	10.0
0.00017814	171.71688795
0.00017815	9.94611421
0.00017816	287.11679538
0.00017818	2048.0395381
0.00017823	102.03961501
0.00017825	7096.62840225
0.00017833	3.79205
0.00017842	25.0
0.00017851	28.1121433
0.00017853	26.47086068
0.00017856	8.81765444
0.00017868	174.23252069
0.00017871	100.0
0.00017885	13.08651959
0.00017886	10.74755461
0.00017887	9.90594275
0.00017895	29.73434539
0.000179	778.63136229
0.00017901	2419.48483
0.00017906	8.42339632
0.00017916	1500.0
0.00017918	2180.45555673
0.00017923	28.0794442
0.00017928	8.78212157
0.0001793	21.5871166
0.00017933	23.08003492
0.00017936	3.19178482
0.00017938	8.23694296
