0.04854887	24.379
0.04854886	4.5199205
0.0485488	127.248
0.04854879	0.46039652
0.04854856	0.32099786
0.04854796	0.49696406
0.0485475	0.01474485
0.04854682	0.01474485
0.04854343	0.01474485
0.04854342	0.01474485
0.048543	0.49033658
0.04831317	1.00846888
0.0481684	1.0
0.04812301	51.757
0.048123	10.0
0.04811999	0.01072807
0.04805331	5.0
0.04801999	0.01072807
0.048	7.79308616
0.04797347	54.32240551
0.04797346	0.01881311
0.04791999	0.01072807
0.0479	0.75178243
0.04788911	0.02082937
0.04781999	0.01072807
0.047777	0.04175649
0.04772	2.30511316
0.04771999	0.01072807
0.0477	3.0
0.04761999	0.01072807
0.04761416	2.31023712
0.04757278	7.5
0.04751999	0.01072807
0.0475	0.07679805
0.04741999	0.01072807
0.04741124	115.68
0.04740205	0.22521557
0.0474	0.25456843
0.04737933	0.29336804
0.04731999	0.01058741
0.04721999	0.01058741
0.04711999	0.01058741
0.04701999	0.01081933
0.047	2.12234043
0.04693406	0.63919456
0.04692467	0.63932243
0.04691999	0.01081933
0.0469059	0.63957826
0.04681999	0.01081933
0.04672	2.27253441
0.04671999	0.01081933
0.04668041	0.2286593
0.04661999	0.01081933
0.04652	4.04739549
0.04651999	0.01081933
0.04642	3.26051028
0.04641999	0.01081933
0.04640485	0.1030684
0.04631999	0.01081933
0.04622543	0.42523418
0.04621999	0.01081933
0.04612	3.20538765
0.04611999	0.01081933
0.04601999	0.01105444
0.046019	1.0
0.04600766	1.54890706
0.046	82.18396271
0.04585001	2.88054392
0.04585	2.82532835
0.04579429	0.0139968
0.0457	3.7
0.04569279	15.27746372
0.04566575	1.0
0.04566557	0.23374086
0.0456605	0.0356065
0.045583	0.03823882
0.04554	20.00037879
0.0455	0.02192308
0.04524615	0.26011943
0.0452297	0.0359456
0.04521243	0.15571261
0.0452	4.0
0.04512945	0.03858434
0.0451	0.01145223
0.04501969	0.044425
0.045008	4.43254533
0.045	18.4
0.04497786	0.20004801
0.04468041	0.0389722
0.0446757	8.93102962
0.0446	2.23654709
0.0445986	0.0364542
0.0445	1.68117978
0.04435875	0.02248801
0.04423584	0.03936387
0.04423335	1.18565661
0.04403826	1.27546225
0.0440382	1.69880922
0.044	16.32272727
0.04395	0.018157
0.04854942	0.54993191
0.04854939	11.568
0.04854922	115.68
0.04854912	0.55599378
0.04854856	0.32099786
0.0485475	0.01474485
0.04854682	0.01474485
0.04854343	0.01474485
0.04854342	0.01474485
0.04831318	74.126
0.04831317	1.00846888
0.0481684	1.0
0.048123	10.0
0.04811999	0.01072807
0.04805331	5.0
0.04801999	0.01072807
0.048	7.79308616
0.04797347	54.32240551
0.04797346	0.01881311
0.04791999	0.01072807
0.0479	0.75178243
0.04788911	0.02082937
0.04781999	0.01072807
0.047777	0.04175649
0.04771999	0.01072807
0.0477	3.0
0.04761999	0.01072807
0.04761416	2.31023712
0.04757278	7.5
0.04751999	0.01072807
0.0475	0.07679805
0.04741999	0.01072807
0.04741124	115.68
0.04740205	0.22521557
0.0474	0.25456843
0.04737933	0.29336804
0.04731999	0.01058741
0.04721999	0.01058741
0.04711999	0.01058741
0.04701999	0.01081933
0.047	2.12234043
0.04693406	0.63919456
0.04692467	0.63932243
0.04691999	0.01081933
0.0469059	0.63957826
0.04681999	0.01081933
0.04672	2.27253441
0.04671999	0.01081933
0.04668041	0.2286593
0.04661999	0.01081933
0.04652	4.04739549
0.04651999	0.01081933
0.04642	3.26051028
0.04641999	0.01081933
0.04640485	0.1030684
0.04631999	0.01081933
0.04622543	0.42523418
0.04621999	0.01081933
0.04612	3.20538765
0.04611999	0.01081933
0.04601999	0.01105444
0.046019	1.0
0.04600766	1.54890706
0.046	82.18396271
0.04585001	2.88054392
0.04585	2.82532835
0.04579429	0.0139968
0.0457	3.7
0.04569279	15.27746372
0.04566575	1.0
0.04566557	0.23374086
0.0456605	0.0356065
0.045583	0.03823882
0.04554	20.00037879
0.0455	0.02192308
0.04524615	0.26011943
0.0452297	0.0359456
0.04521243	0.15571261
0.0452	4.0
0.04512945	0.03858434
0.0451	0.01145223
0.04501969	0.044425
0.045008	4.43254533
0.045	18.4
0.04497786	0.20004801
0.04468041	0.0389722
0.0446757	8.93102962
0.0446	2.23654709
0.0445986	0.0364542
0.0445	1.68117978
0.04435875	0.02248801
0.04423584	0.03936387
0.04423335	1.18565661
0.04403828	1.47954278
0.0440382	1.69880922
0.044	16.32272727
0.04395	0.018157
0.0439	0.45418091
0.04389	15.0
0.0438807	0.18467709
0.04854981	0.35132494
0.04854978	0.01130051
0.04854971	11.568
0.0485497	0.56975029
0.04854961	0.30821599
0.04854922	115.68
0.04854856	0.32099786
0.0485475	0.01474485
0.04854682	0.01474485
0.04854343	0.01474485
0.04854342	0.01474485
0.04831318	74.126
0.04831317	1.00846888
0.04818325	0.01037705
0.0481684	1.0
0.048123	10.0
0.04811999	0.01072807
0.04805331	5.0
0.04801999	0.01072807
0.048	7.79308616
0.04797346	0.01881311
0.04791999	0.01072807
0.0479	0.75178243
0.04788912	54.32148801
0.04788911	0.02082937
0.04781999	0.01072807
0.047777	0.04175649
0.04771999	0.01072807
0.0477	3.0
0.04761999	0.01072807
0.04757278	7.5
0.04751999	0.01072807
0.0475	0.07679805
0.04741999	0.01072807
0.04741124	115.68
0.04740205	0.22521557
0.0474	0.25456843
0.04737933	0.29336804
0.04731999	0.01058741
0.04721999	0.01058741
0.04711999	0.01058741
0.04701999	0.01081933
0.047	2.12234043
0.04693406	0.63919456
0.04692467	0.63932243
0.04691999	0.01081933
0.0469059	0.63957826
0.04681999	0.01081933
0.04672	2.27253441
0.04671999	0.01081933
0.04668041	0.2286593
0.04661999	0.01081933
0.04651999	0.01081933
0.04642	3.26051028
0.04641999	0.01081933
0.04640485	0.1030684
0.04631999	0.01081933
0.04622543	0.42523418
0.04621999	0.01081933
0.04612	3.20538765
0.04611999	0.01081933
0.04601999	0.01105444
0.046019	1.0
0.04600766	1.54890706
0.046	82.18396271
0.04585001	2.88054392
0.04585	2.82532835
0.04579429	0.0139968
0.0457	3.7
0.04569279	15.27746372
0.04566575	1.0
0.04566557	0.23374086
0.0456605	0.0356065
0.045583	0.03823882
0.04554	20.00037879
0.0455	0.02192308
0.04524615	0.26011943
0.0452297	0.0359456
0.04521243	0.15571261
0.0452	4.0
0.04512945	0.03858434
0.0451	0.01145223
0.04501969	0.044425
0.045008	4.43254533
0.045	18.4
0.04497786	0.20004801
0.04468041	0.0389722
0.0446757	8.93102962
0.0446	2.23654709
0.0445986	0.0364542
0.0445	1.68117978
0.04435875	0.02248801
0.04423584	0.03936387
0.04423335	1.18565661
0.0440382	1.69880922
0.04400001	0.85319966
0.044	16.32272727
0.04395	0.018157
0.0439	0.45418091
0.04389	15.0
0.04855012	0.01130044
0.0485501	11.568
0.04855009	0.42183492
0.04855005	0.35967465
0.04854968	0.1
0.04854961	0.30821599
0.04854922	115.68
0.04854856	0.32099786
0.0485475	0.01474485
0.04854682	0.01474485
0.04854343	0.01474485
0.04854342	0.01474485
0.04831318	74.126
0.04831317	1.00846888
0.04818325	0.01037705
0.0481684	1.0
0.048123	10.0
0.04811999	0.01072807
0.04805331	5.0
0.04801999	0.01072807
0.048	7.79308616
0.04797346	0.01881311
0.04791999	0.01072807
0.0479	0.75178243
0.04788912	54.32148801
0.04788911	0.02082937
0.04781999	0.01072807
0.047777	0.04175649
0.04771999	0.01072807
0.0477	3.0
0.04761999	0.01072807
0.04757278	7.5
0.04751999	0.01072807
0.0475	0.07679805
0.04741999	0.01072807
0.04741124	115.68
0.04740205	0.22521557
0.0474	0.25456843
0.04737933	0.29336804
0.04731999	0.01058741
0.04721999	0.01058741
0.04711999	0.01058741
0.04701999	0.01081933
0.047	2.12234043
0.04693406	0.63919456
0.04692467	0.63932243
0.04691999	0.01081933
0.0469059	0.63957826
0.04681999	0.01081933
0.04671999	0.01081933
0.04668041	0.2286593
0.04662	2.277409
0.04661999	0.01081933
0.04652	4.04739549
0.04651999	0.01081933
0.04642	3.26051028
0.04641999	0.01081933
0.04640485	0.1030684
0.04631999	0.01081933
0.04622543	0.42523418
0.04621999	0.01081933
0.04611999	0.01081933
0.04601999	0.01105444
0.046019	1.0
0.04600766	1.54890706
0.046	82.18396271
0.04585001	2.88054392
0.04585	2.82532835
0.04579429	0.0139968
0.0457	3.7
0.04569279	15.27746372
0.04566575	1.0
0.04566557	0.23374086
0.0456605	0.0356065
0.045583	0.03823882
0.04554	20.00037879
0.0455	0.02192308
0.04524615	0.26011943
0.0452297	0.0359456
0.04521243	0.15571261
0.0452	4.0
0.04512945	0.03858434
0.0451	0.01145223
0.04501969	0.044425
0.045008	4.43254533
0.045	18.4
0.04497786	0.20004801
0.04468041	0.0389722
0.0446757	8.93102962
0.0446	2.23654709
0.0445986	0.0364542
0.0445	1.68117978
0.04435875	0.02248801
0.04423584	0.03936387
0.04423335	1.18565661
0.0440382	1.69880922
0.04400003	1.18036397
0.04400001	0.85319966
0.044	16.32272727
0.04395	0.018157
0.04855042	0.01130037
0.04855037	7.438
0.04855036	11.568
0.04855035	0.50869533
0.04854968	0.1
0.04854961	0.30821599
0.04854955	1.0
0.04854922	115.68
0.04854856	0.32099786
0.04831319	64.049
0.04831317	1.00846888
0.04818325	0.01037705
0.0481684	1.0
0.048123	10.0
0.04811999	0.01072807
0.04805331	5.0
0.04801999	0.01072807
0.048	7.79308616
0.04797346	0.01881311
0.04792	54.32066005
0.04791999	0.01072807
0.0479	0.75178243
0.04788911	0.02082937
0.04781999	0.01072807
0.047777	0.04175649
0.04771999	0.01072807
0.0477	3.0
0.04761999	0.01072807
0.04757278	7.5
0.04751999	0.01072807
0.0475	0.07679805
0.04741999	0.01072807
0.04741124	115.68
0.04740205	0.22521557
0.0474	0.25456843
0.04737933	0.29336804
0.04731999	0.01058741
0.04721999	0.01058741
0.04711999	0.01058741
0.04701999	0.01081933
0.047	2.12234043
0.04693406	0.63919456
0.04692467	0.63932243
0.04691999	0.01081933
0.0469059	0.63957826
0.04681999	0.01081933
0.04671999	0.01081933
0.04668041	0.2286593
0.04662	2.277409
0.04661999	0.01081933
0.04652	4.04739549
0.04651999	0.01081933
0.04641999	0.01081933
0.04640485	0.1030684
0.04632	3.26754937
0.04631999	0.01081933
0.04622543	0.42523418
0.04621999	0.01081933
0.04611999	0.01081933
0.04602	3.21235285
0.04601999	0.01105444
0.046019	1.0
0.04600766	1.54890706
0.046	82.18396271
0.04585001	2.88054392
0.04585	2.82532835
0.04579429	0.0139968
0.0457	3.7
0.04569279	15.27746372
0.04566575	1.0
0.04566557	0.23374086
0.0456605	0.0356065
0.045583	0.03823882
0.04554	20.00037879
0.0455	0.02192308
0.04524615	0.26011943
0.0452297	0.0359456
0.04521243	0.15571261
0.0452	4.0
0.04512945	0.03858434
0.0451	0.01145223
0.04501969	0.044425
0.045008	4.43254533
0.045	18.4
0.04497786	0.20004801
0.04468041	0.0389722
0.0446757	8.93102962
0.0446	2.23654709
0.0445986	0.0364542
0.0445	1.68117978
0.04435875	0.02248801
0.04423584	0.03936387
0.04423335	1.18565661
0.0440382	1.69880922
0.04400005	1.44823227
0.044	16.32272727
0.04395	0.018157
0.0439	0.45418091
0.04389	15.0
0.0438807	0.18467709
0.0485506	0.01130032
0.04855057	7.571
0.04855056	11.568
0.04855053	0.35506216
0.04855045	0.41960071
0.04854968	0.1
0.04854961	0.30821599
0.04854955	1.0
0.04854922	115.68
0.04854856	0.32099786
0.04831319	64.049
0.04831317	1.00846888
0.0481684	1.0
0.048123	10.0
0.04811999	0.01072807
0.04805331	5.0
0.04801999	0.01072807
0.048	7.79308616
0.04797346	0.01881311
0.04791999	0.01072807
0.0479	0.75178243
0.04788912	54.32045865
0.04788911	0.02082937
0.04781999	0.01072807
0.047777	0.04175649
0.04771999	0.01072807
0.0477	3.0
0.04761999	0.01072807
0.04757278	7.5
0.04751999	0.01072807
0.0475	0.07679805
0.04741999	0.01072807
0.04741124	115.68
0.04740205	0.22521557
0.0474	0.25456843
0.04737933	0.29336804
0.04731999	0.01058741
0.04721999	0.01058741
0.04711999	0.01058741
0.04701999	0.01081933
0.047	2.12234043
0.04693406	0.63919456
0.04692467	0.63932243
0.04691999	0.01081933
0.0469059	0.63957826
0.04681999	0.01081933
0.04671999	0.01081933
0.04668041	0.2286593
0.04662	2.277409
0.04661999	0.01081933
0.04652	4.04739549
0.04651999	0.01081933
0.04641999	0.01081933
0.04640485	0.1030684
0.04632	3.26754937
0.04631999	0.01081933
0.04622543	0.42523418
0.04621999	0.01081933
0.04611999	0.01081933
0.04602	3.21235285
0.04601999	0.01105444
0.046019	1.0
0.04600766	1.54890706
0.046	82.18396271
0.04585001	2.88054392
0.04585	2.82532835
0.04579429	0.0139968
0.0457	3.7
0.04569279	15.27746372
0.04566575	1.0
0.04566557	0.23374086
0.0456605	0.0356065
0.045583	0.03823882
0.04554	20.00037879
0.0455	0.02192308
0.04524615	0.26011943
0.0452297	0.0359456
0.04521243	0.15571261
0.0452	4.0
0.04512945	0.03858434
0.0451	0.01145223
0.04501969	0.044425
0.045008	4.43254533
0.045	18.4
0.04497786	0.20004801
0.04468041	0.0389722
0.0446757	8.93102962
0.0446	2.23654709
0.0445986	0.0364542
0.0445	1.68117978
0.04435875	0.02248801
0.04423584	0.03936387
0.04423335	1.18565661
0.0440382	1.69880922
0.04400006	2.03792088
0.04400001	6.96215504
0.044	16.32272727
0.04395	0.018157
0.0439	0.45418091
0.04389	15.0
0.04855093	0.01130025
0.04855089	18.157
0.04855084	0.29884707
0.04855045	0.41960071
0.04854968	0.1
0.04854961	0.30821599
0.04854955	1.0
0.04854922	115.68
0.04854856	0.32099786
0.04831318	65.415
0.04831317	1.00846888
0.0481684	1.0
0.048123	10.0
0.04811999	0.01072807
0.04805331	5.0
0.04801999	0.01072807
0.048	7.79308616
0.04797346	0.01881311
0.04791999	0.01072807
0.04790001	54.32021251
0.0479	0.75178243
0.04788911	0.02082937
0.04781999	0.01072807
0.047777	0.04175649
0.04771999	0.01072807
0.0477	3.0
0.04761999	0.01072807
0.04757278	7.5
0.04751999	0.01072807
0.0475	0.07679805
0.04741999	0.01072807
0.04741124	115.68
0.04740205	0.22521557
0.0474	0.25456843
0.04737933	0.29336804
0.04731999	0.01058741
0.04721999	0.01058741
0.04711999	0.01058741
0.04701999	0.01081933
0.047	2.12234043
0.04693406	0.63919456
0.04692467	0.63932243
0.04691999	0.01081933
0.0469059	0.63957826
0.04681999	0.01081933
0.04671999	0.01081933
0.04668041	0.2286593
0.04662	2.277409
0.04661999	0.01081933
0.04652	4.04739549
0.04651999	0.01081933
0.04641999	0.01081933
0.04640485	0.1030684
0.04632	3.26754937
0.04631999	0.01081933
0.04622543	0.42523418
0.04621999	0.01081933
0.04611999	0.01081933
0.04602	3.21235285
0.04601999	0.01105444
0.046019	1.0
0.04600766	1.54890706
0.046	82.18396271
0.04585001	2.88054392
0.04585	2.82532835
0.04579429	0.0139968
0.0457	3.7
0.04569279	15.27746372
0.04566575	1.0
0.04566557	0.23374086
0.0456605	0.0356065
0.045583	0.03823882
0.04554	20.00037879
0.0455	0.02192308
0.04524615	0.26011943
0.0452297	0.0359456
0.04521243	0.15571261
0.0452	4.0
0.04512945	0.03858434
0.0451	0.01145223
0.04501969	0.044425
0.045008	4.43254533
0.045	18.76755902
0.04497786	0.20004801
0.04468041	0.0389722
0.0446757	8.93102962
0.0446	2.23654709
0.0445986	0.0364542
0.0445	1.68117978
0.04435875	0.02248801
0.04423584	0.03936387
0.04423335	1.18565661
0.0440382	1.69880922
0.04400008	1.71851859
0.04400001	6.96215504
0.044	16.32272727
0.04395	0.018157
0.0439	0.45418091
0.04389	15.0
0.0438807	0.18467709
0.04855104	0.01130022
0.04855098	11.568
0.04855097	0.46334087
0.04855084	0.29884707
0.04854968	0.1
0.04854961	0.30821599
0.04854955	1.0
0.04854922	115.68
0.04854856	0.32099786
0.04831319	55.793
0.04831317	1.00846888
0.0481684	1.0
0.04812301	20.899
0.048123	10.0
0.04811999	0.01072807
0.04805331	5.0
0.04801999	0.01072807
0.048	7.79308616
0.04797346	0.01881311
0.04791999	0.01072807
0.0479	0.75178243
0.04788912	54.31997755
0.04788911	0.02082937
0.04781999	0.01072807
0.047777	0.04175649
0.04771999	0.01072807
0.0477	3.0
0.04761999	0.01072807
0.04757278	7.5
0.04751999	0.01072807
0.0475	0.07679805
0.04741999	0.01072807
0.04741124	115.68
0.04740205	0.22521557
0.0474	0.25456843
0.04737933	0.29336804
0.04731999	0.01058741
0.04721999	0.01058741
0.04711999	0.01058741
0.04701999	0.01081933
0.047	2.12234043
0.04693406	0.63919456
0.04692467	0.63932243
0.04691999	0.01081933
0.0469059	0.63957826
0.04681999	0.01081933
0.04671999	0.01081933
0.04668041	0.2286593
0.04662	2.277409
0.04661999	0.01081933
0.04652	4.04739549
0.04651999	0.01081933
0.04641999	0.01081933
0.04640485	0.1030684
0.04632	3.26754937
0.04631999	0.01081933
0.04622543	0.42523418
0.04621999	0.01081933
0.04611999	0.01081933
0.04602	3.21235285
0.04601999	0.01105444
0.046019	1.0
0.04600766	1.54890706
0.046	82.18396271
0.04585001	2.88054392
0.04585	2.82532835
0.04579429	0.0139968
0.0457	3.7
0.04569279	15.27746372
0.04566575	1.0
0.04566557	0.23374086
0.0456605	0.0356065
0.045583	0.03823882
0.04554	20.00037879
0.0455	0.02192308
0.04524615	0.26011943
0.0452297	0.0359456
0.04521243	0.15571261
0.0452	4.0
0.04512945	0.03858434
0.0451	0.01145223
0.04501969	0.044425
0.045008	4.43254533
0.045	18.76755902
0.04497786	0.20004801
0.04468041	0.0389722
0.0446757	8.93102962
0.0446	2.23654709
0.0445986	0.0364542
0.0445	1.68117978
0.04435875	0.02248801
0.04423584	0.03936387
0.04423335	1.18565661
0.0440382	1.69880922
0.0440001	1.99550932
0.04400001	6.96215504
0.044	16.32272727
0.04395	0.018157
0.0439	0.45418091
0.04389	15.0
0.04855116	0.01130019
0.0485511	11.568
0.04855109	0.4979006
0.04855084	0.29884707
0.04854968	0.1
0.04854961	0.30821599
0.04854955	1.0
0.04854922	115.68
0.04854856	0.32099786
0.04831318	28.298
0.04831317	1.00846888
0.0481684	1.0
0.04812301	20.899
0.048123	10.0
0.04811999	0.01072807
0.04805332	27.049
0.04805331	5.0
0.04801999	0.01072807
0.048	7.79308616
0.04797346	0.01881311
0.04791999	0.01072807
0.0479	0.75178243
0.04788912	54.31985448
0.04788911	0.02082937
0.04781999	0.01072807
0.047777	0.04175649
0.04771999	0.01072807
0.0477	3.0
0.04761999	0.01072807
0.04757278	7.5
0.04751999	0.01072807
0.0475	0.07679805
0.04741999	0.01072807
0.04741124	115.68
0.04740205	0.22521557
0.0474	0.25456843
0.04737933	0.29336804
0.04731999	0.01058741
0.04721999	0.01058741
0.04711999	0.01058741
0.04701999	0.01081933
0.047	2.12234043
0.04693406	0.63919456
0.04692467	0.63932243
0.04691999	0.01081933
0.0469059	0.63957826
0.04681999	0.01081933
0.04671999	0.01081933
0.04668041	0.2286593
0.04661999	0.01081933
0.04652	4.04739549
0.04651999	0.01081933
0.04641999	0.01081933
0.04640485	0.1030684
0.04632	3.26754937
0.04631999	0.01081933
0.04622543	0.42523418
0.04621999	0.01081933
0.04611999	0.01081933
0.04601999	0.01105444
0.046019	1.0
0.04600766	1.54890706
0.046	82.18396271
0.04585001	2.88054392
0.04585	2.82532835
0.04579429	0.0139968
0.0457	3.7
0.04569279	15.27746372
0.04566575	1.0
0.04566557	0.23374086
0.0456605	0.0356065
0.045583	0.03823882
0.04554	20.00037879
0.0455	0.02192308
0.04524615	0.26011943
0.0452297	0.0359456
0.04521243	0.15571261
0.0452	4.0
0.04512945	0.03858434
0.0451	0.01145223
0.04501969	0.044425
0.045008	4.43254533
0.045	18.76755902
0.04497786	0.20004801
0.04468041	0.0389722
0.0446757	8.93102962
0.0446	2.23654709
0.0445986	0.0364542
0.0445	1.68117978
0.04435875	0.02248801
0.04423584	0.03936387
0.04423335	1.18565661
0.0440382	1.69880922
0.04400012	2.31313114
0.04400001	6.96215504
0.044	16.32272727
0.04395	0.018157
0.0439	0.45418091
0.04389	15.0
0.0438807	0.18467709
0.04855147	0.01130012
0.04855141	11.568
0.0485514	0.300867
0.04854968	0.1
0.04854961	0.30821599
0.04854955	1.0
0.04854922	115.68
0.04854856	0.32099786
0.04831318	28.298
0.04831317	1.00846888
0.0481684	1.0
0.04812301	20.899
0.048123	10.0
0.04811999	0.01072807
0.04811086	0.01039266
0.04805332	27.049
0.04805331	5.0
0.04801999	0.01072807
0.048	7.79308616
0.04797346	0.01881311
0.04791999	0.01072807
0.04790001	54.31967547
0.0479	0.75178243
0.04788911	0.02082937
0.04781999	0.01072807
0.047777	0.04175649
0.04771999	0.01072807
0.0477	3.0
0.04761999	0.01072807
0.04757278	7.5
0.04751999	0.01072807
0.0475	0.07679805
0.04741999	0.01072807
0.04741124	115.68
0.04740205	0.22521557
0.0474	0.25456843
0.04737933	0.29336804
0.04731999	0.01058741
0.04721999	0.01058741
0.04711999	0.01058741
0.04701999	0.01081933
0.047	2.12234043
0.04693406	0.63919456
0.04692467	0.63932243
0.04691999	0.01081933
0.0469059	0.63957826
0.04681999	0.01081933
0.04672	2.27253441
0.04671999	0.01081933
0.04668041	0.2286593
0.04661999	0.01081933
0.04652	4.04739549
0.04651999	0.01081933
0.04641999	0.01081933
0.04640485	0.1030684
0.04632	3.26754937
0.04631999	0.01081933
0.04622543	0.42523418
0.04622	3.19845258
0.04621999	0.01081933
0.04611999	0.01081933
0.04601999	0.01105444
0.046019	1.0
0.04600766	1.54890706
0.046	82.18396271
0.04585001	2.88054392
0.04585	2.82532835
0.04579429	0.0139968
0.0457	3.7
0.04569279	15.27746372
0.04566575	1.0
0.04566557	0.23374086
0.0456605	0.0356065
0.045583	0.03823882
0.04554	20.00037879
0.0455	0.02192308
0.04524615	0.26011943
0.0452297	0.0359456
0.04521243	0.15571261
0.0452	4.0
0.04512945	0.03858434
0.0451	0.01145223
0.04501969	0.044425
0.045008	4.43254533
0.045	18.76755902
0.04497786	0.20004801
0.04468041	0.0389722
0.0446757	8.93102962
0.0446	2.23654709
0.0445986	0.0364542
0.0445	1.68117978
0.04435875	0.02248801
0.04423584	0.03936387
0.04423335	1.18565661
0.0440382	1.69880922
0.04400014	1.98355691
0.04400001	6.96215504
0.044	16.32272727
0.04395	0.018157
0.0439	0.45418091
0.04855182	0.01130004
0.04855175	11.568
0.04855174	0.36007451
0.04855162	0.56623623
0.0485514	0.300867
0.04854968	0.1
0.04854955	1.0
0.04854922	115.68
0.04831318	28.298
0.04831317	1.00846888
0.0481684	1.0
0.04812301	20.899
0.048123	10.0
0.04811999	0.01072807
0.04808817	0.01039757
0.04805332	27.049
0.04805331	5.0
0.04801999	0.01072807
0.048	7.79308616
0.04797346	0.01881311
0.04791999	0.01072807
0.04790001	54.31967547
0.0479	0.75178243
0.04788911	0.02082937
0.04781999	0.01072807
0.047777	0.04175649
0.04771999	0.01072807
0.0477	3.0
0.04761999	0.01072807
0.04757278	7.5
0.04751999	0.01072807
0.0475	0.07679805
0.04741999	0.01072807
0.04741124	115.68
0.04740205	0.22521557
0.0474	0.25456843
0.04737933	0.29336804
0.04731999	0.01058741
0.04721999	0.01058741
0.04711999	0.01058741
0.04701999	0.01081933
0.047	2.12234043
0.04693406	0.63919456
0.04692467	0.63932243
0.04691999	0.01081933
0.0469059	0.63957826
0.04681999	0.01081933
0.04672	2.27253441
0.04671999	0.01081933
0.04668041	0.2286593
0.04661999	0.01081933
0.04652	4.04739549
0.04651999	0.01081933
0.04641999	0.01081933
0.04640485	0.1030684
0.04632	3.26754937
0.04631999	0.01081933
0.04622543	0.42523418
0.04622	3.19845258
0.04621999	0.01081933
0.04611999	0.01081933
0.04601999	0.01105444
0.046019	1.0
0.04600766	1.54890706
0.046	82.18396271
0.04585001	2.88054392
0.04585	2.82532835
0.04579429	0.0139968
0.0457	3.7
0.04569279	15.27746372
0.04566575	1.0
0.04566557	0.23374086
0.0456605	0.0356065
0.045583	0.03823882
0.04554	20.00037879
0.0455	0.02192308
0.04524615	0.26011943
0.0452297	0.0359456
0.04521243	0.15571261
0.0452	4.0
0.04512945	0.03858434
0.0451	0.01145223
0.04501969	0.044425
0.045008	4.43254533
0.045	18.76755902
0.04497786	0.20004801
0.04468041	0.0389722
0.0446757	8.93102962
0.0446	2.23654709
0.0445986	0.0364542
0.0445	1.68117978
0.04435875	0.02248801
0.04423584	0.03936387
0.04423335	1.18565661
0.0440382	1.69880922
0.04400016	2.51550608
0.04400001	6.96215504
0.044	16.32272727
0.04395	0.018157
0.0439	0.45418091
0.04855212	0.01129997
0.04855205	0.39219414
0.04855186	11.568
0.04854968	0.1
0.04854955	1.0
0.04854922	115.68
0.04831319	27.031
0.04831317	1.00846888
0.0481684	1.0
0.04812301	20.899
0.048123	10.0
0.04811999	0.01072807
0.04805332	27.049
0.04805331	5.0
0.04801999	0.01072807
0.048	7.79308616
0.04797346	0.01881311
0.04791999	0.01072807
0.0479	0.75178243
0.04788911	0.02082937
0.04782	54.31906013
0.04781999	0.01072807
0.047777	0.04175649
0.04771999	0.01072807
0.0477	3.0
0.04761999	0.01072807
0.04757278	7.5
0.04751999	0.01072807
0.0475	0.07679805
0.04741999	0.01072807
0.04741124	115.68
0.04740205	0.22521557
0.0474	0.25456843
0.04737933	0.29336804
0.04731999	0.01058741
0.04721999	0.01058741
0.04711999	0.01058741
0.04701999	0.01081933
0.047	2.12234043
0.04693406	0.63919456
0.04692467	0.63932243
0.04691999	0.01081933
0.0469059	0.63957826
0.04681999	0.01081933
0.04672	2.27253441
0.04671999	0.01081933
0.04668041	0.2286593
0.04661999	0.01081933
0.04652	4.04739549
0.04651999	0.01081933
0.04641999	0.01081933
0.04640485	0.1030684
0.04632	3.26754937
0.04631999	0.01081933
0.04622543	0.42523418
0.04622	3.19845258
0.04621999	0.01081933
0.04611999	0.01081933
0.04601999	0.01105444
0.046019	1.0
0.04600766	1.54890706
0.046	82.18396271
0.04585001	2.88054392
0.04585	2.82532835
0.04579429	0.0139968
0.0457	3.7
0.04569279	15.27746372
0.04566575	1.0
0.04566557	0.23374086
0.0456605	0.0356065
0.045583	0.03823882
0.04554	20.00037879
0.0455	0.02192308
0.04524615	0.26011943
0.0452297	0.0359456
0.04521243	0.15571261
0.0452	4.0
0.04512945	0.03858434
0.0451	0.01145223
0.04501969	0.044425
0.045008	4.43254533
0.045	18.76755902
0.04497786	0.20004801
0.04468041	0.0389722
0.0446757	8.93102962
0.0446	2.23654709
0.0445986	0.0364542
0.0445	1.68117978
0.04435875	0.02248801
0.04423584	0.03936387
0.04423335	1.18565661
0.0440382	1.69880922
0.04400017	2.44048434
0.04400001	6.96215504
0.044	16.32272727
0.04395	0.018157
0.0439	0.45418091
0.04389	15.0
0.0438807	0.18467709
0.04379569	0.03975948
0.048553	15.68628381
0.04855226	0.27282034
0.04855217	0.4274378
0.04854968	0.1
0.04854955	1.0
0.04831321	25.91
0.0483132	11.568
0.04831317	1.00846888
0.04816841	115.68
0.0481684	1.0
0.04812301	20.899
0.048123	10.0
0.04811999	0.01072807
0.04802	0.01041233
0.04801999	0.01072807
0.04800001	30.86
0.048	7.79308616
0.04797346	0.01881311
0.04791999	0.01072807
0.0479	0.75178243
0.04788911	0.02082937
0.04782	54.31906013
0.04781999	0.01072807
0.047777	0.04175649
0.04771999	0.01072807
0.04770007	0.01150182
0.0477	3.0
0.04761999	0.01072807
0.04751999	0.01072807
0.0475	0.07679805
0.04741999	0.01072807
0.04741124	115.68
0.04740205	0.22521557
0.0474	0.25456843
0.04737933	0.29336804
0.04731999	0.01058741
0.04721999	0.01058741
0.04711999	0.01058741
0.04701999	0.01081933
0.047	2.12234043
0.04693406	0.63919456
0.04692467	0.63932243
0.04691999	0.01081933
0.0469059	0.63957826
0.04681999	0.01081933
0.04672	2.27253441
0.04671999	0.01081933
0.04668041	0.2286593
0.04661999	0.01081933
0.04652	4.04739549
0.04651999	0.01081933
0.04641999	0.01081933
0.04640485	0.1030684
0.04632	3.26754937
0.04631999	0.01081933
0.04622543	0.42523418
0.04622	3.19845258
0.04621999	0.01081933
0.04611999	0.01081933
0.04601999	0.01105444
0.046019	1.0
0.04600766	1.54890706
0.046	82.18396271
0.04585001	2.88054392
0.04585	2.82532835
0.04579429	0.0139968
0.0457	3.7
0.04569279	15.27746372
0.04566575	1.0
0.04566557	0.23374086
0.0456605	0.0356065
0.045583	0.03823882
0.04554	20.00037879
0.0455	0.02192308
0.04524615	0.26011943
0.0452297	0.0359456
0.04521243	0.15571261
0.0452	4.0
0.04512945	0.03858434
0.0451	0.01145223
0.04501969	0.044425
0.045008	4.43254533
0.045	18.76755902
0.04497786	0.20004801
0.04468041	0.0389722
0.0446757	8.93102962
0.0446	2.23654709
0.0445986	0.0364542
0.0445	1.68117978
0.04435875	0.02248801
0.04423584	0.03936387
0.04423335	1.18565661
0.0440382	1.69880922
0.04400018	3.20609367
0.04400001	6.96215504
0.044	16.32272727
0.04395	0.018157
0.0439	0.45418091
0.04389	15.0
0.0438807	0.18467709
0.048553	15.30275607
0.04854968	0.1
0.04854955	1.0
0.04831318	11.384
0.04831317	1.00846888
0.04816844	60.809
0.04816843	11.568
0.04816841	115.68
0.0481684	1.0
0.048123	10.0
0.04811999	0.01072807
0.04802	0.01041233
0.04801999	0.01072807
0.048	7.79308616
0.04797346	0.01881311
0.04791999	0.01072807
0.0479	0.75178243
0.04788911	0.02082937
0.04782	54.31906013
0.04781999	0.01072807
0.04779907	5.0
0.047777	0.04175649
0.04771999	0.01072807
0.04770007	0.01150182
0.0477	3.0
0.04761999	0.01072807
0.04751999	0.01072807
0.0475	0.07679805
0.04741999	0.01072807
0.04741124	115.68
0.04740205	0.22521557
0.0474	0.25456843
0.04737933	0.29336804
0.04732108	7.5
0.04731999	0.01058741
0.04721999	0.01058741
0.04711999	0.01058741
0.04701999	0.01081933
0.047	2.12234043
0.04693406	0.63919456
0.04692467	0.63932243
0.04691999	0.01081933
0.0469059	0.63957826
0.04681999	0.01081933
0.04672	2.27253441
0.04671999	0.01081933
0.04668041	0.2286593
0.04661999	0.01081933
0.04652	4.04739549
0.04651999	0.01081933
0.04641999	0.01081933
0.04640485	0.1030684
0.04632	3.26754937
0.04631999	0.01081933
0.04622544	3.19807617
0.04622543	0.42523418
0.04621999	0.01081933
0.04611999	0.01081933
0.04602	2.86990368
0.04601999	0.01105444
0.046019	1.0
0.04600766	1.54890706
0.046	82.18396271
0.04585	2.82532835
0.04579429	0.0139968
0.0457	3.7
0.04569279	15.27746372
0.04566575	1.0
0.04566557	0.23374086
0.0456605	0.0356065
0.045583	0.03823882
0.04554	20.00037879
0.0455	0.02192308
0.04524615	0.26011943
0.0452297	0.0359456
0.04521243	0.15571261
0.0452	4.0
0.04512945	0.03858434
0.0451	0.01145223
0.04501969	0.044425
0.045008	4.43254533
0.045	18.76755902
0.04497786	0.20004801
0.04468041	0.0389722
0.0446757	8.93102962
0.0446	2.23654709
0.0445986	0.0364542
0.0445	1.68117978
0.04435875	0.02248801
0.04423584	0.03936387
0.04423335	1.18565661
0.0440382	1.69880922
0.044	16.32272727
0.04395001	2.80056271
0.04395	0.018157
0.0439	0.45418091
0.04389	15.0
0.0438807	0.18467709
0.04379569	0.03975948
0.043784	0.0371325
0.04854955	6e-08
0.04831325	0.01135584
0.04831319	2.10138895
0.04831318	11.568
0.04831317	1.00846888
0.04816844	77.467
0.04816841	115.68
0.0481684	1.0
0.048123	10.0
0.04811999	0.01072807
0.04801999	0.01072807
0.048	7.79308616
0.04797346	0.01881311
0.04791999	0.01072807
0.0479	0.75178243
0.04788911	0.02082937
0.04781999	0.01072807
0.04779907	5.0
0.047777	0.04175649
0.04772	54.31766169
0.04771999	0.01072807
0.0477	3.0
0.04761999	0.01072807
0.04751999	0.01072807
0.0475	0.07679805
0.04741999	0.01072807
0.04741124	115.68
0.04740205	0.22521557
0.0474	0.25456843
0.04737933	0.29336804
0.04732108	7.5
0.04731999	0.01058741
0.04721999	0.01058741
0.04711999	0.01058741
0.04701999	0.01081933
0.047	2.12234043
0.04693406	0.63919456
0.04692467	0.63932243
0.04691999	0.01081933
0.0469059	0.63957826
0.04681999	0.01081933
0.04672	2.27253441
0.04671999	0.01081933
0.04668041	0.2286593
0.04661999	0.01081933
0.04652	4.04739549
0.04651999	0.01081933
0.04641999	0.01081933
0.04640485	0.1030684
0.04631999	0.01081933
0.04622544	3.19807617
0.04622543	0.42523418
0.04621999	0.01081933
0.04612	3.28171914
0.04611999	0.01081933
0.04602	2.86990368
0.04601999	0.01105444
0.046019	1.0
0.04600766	1.54890706
0.046	82.18396271
0.04585	2.82532835
0.04579429	0.0139968
0.0457	3.7
0.04569279	15.27746372
0.04566575	1.0
0.04566557	0.23374086
0.0456605	0.0356065
0.045583	0.03823882
0.04554	20.00037879
0.0455	0.02192308
0.04524615	0.26011943
0.0452297	0.0359456
0.04521243	0.15571261
0.0452	4.0
0.04512945	0.03858434
0.0451	0.01145223
0.04501969	0.044425
0.045008	4.43254533
0.045	18.76755902
0.04497786	0.20004801
0.04468041	0.0389722
0.0446757	8.93102962
0.0446	2.23654709
0.0445986	0.0364542
0.0445	1.68117978
0.04435875	0.02248801
0.04423584	0.03936387
0.04423335	1.18565661
0.0440382	1.69880922
0.044	16.32272727
0.04395	0.018157
0.04390001	2.7237531
0.0439	0.45418091
0.04389	15.0
0.0438807	0.18467709
0.04379569	0.03975948
0.043784	0.0371325
0.04371545	0.75077448
0.04369969	0.45652498
0.04365585	0.01254207
0.04831341	0.0113558
0.04831335	11.568
0.04831334	2.10138243
0.04831326	2.10138591
0.04831317	1.00846888
0.04816846	73.349
0.04816841	115.68
0.0481684	1.0
0.048123	10.0
0.04811999	0.01072807
0.04801999	0.01072807
0.048	7.79308616
0.04797346	0.01881311
0.04791999	0.01072807
0.0479	0.75178243
0.04788911	0.02082937
0.04781999	0.01072807
0.047777	0.04175649
0.04772	54.31766169
0.04771999	0.01072807
0.0477	3.0
0.04761999	0.01072807
0.04751999	0.01072807
0.0475	0.07679805
0.04741999	0.01072807
0.04741124	115.68
0.04740205	0.22521557
0.0474	0.25456843
0.04737933	0.29336804
0.04731999	0.01058741
0.04721999	0.01058741
0.04711999	0.01058741
0.04701999	0.01081933
0.047	2.12234043
0.04693406	0.63919456
0.04692467	0.63932243
0.04691999	0.01081933
0.0469059	0.63957826
0.04681999	0.01081933
0.04672	2.27253441
0.04671999	0.01081933
0.04668041	0.2286593
0.04661999	0.01081933
0.04652	4.04739549
0.04651999	0.01081933
0.04641999	0.01081933
0.04640485	0.1030684
0.04631999	0.01081933
0.04622544	3.19807617
0.04622543	0.42523418
0.04621999	0.01081933
0.04612	3.28171914
0.04611999	0.01081933
0.04602	2.86990368
0.04601999	0.01105444
0.046019	1.0
0.04600766	1.54890706
0.046	82.18396271
0.04585	2.82532835
0.04579429	0.0139968
0.0457	3.7
0.04569279	15.27746372
0.04566575	1.0
0.04566557	0.23374086
0.0456605	0.0356065
0.045583	0.03823882
0.04554	20.00037879
0.0455	0.02192308
0.04524615	0.26011943
0.0452297	0.0359456
0.04521243	0.15571261
0.0452	4.0
0.04512945	0.03858434
0.0451	0.01145223
0.04501969	0.044425
0.045008	4.43254533
0.045	18.76755902
0.04497786	0.20004801
0.04468041	0.0389722
0.0446757	8.93102962
0.0446	2.23654709
0.0445986	0.0364542
0.0445	1.68117978
0.04435875	0.02248801
0.04423584	0.03936387
0.04423335	1.18565661
0.0440382	1.69880922
0.044	16.32272727
0.04395	0.018157
0.0439	0.45418091
0.04389	15.0
0.0438807	0.18467709
0.04379571	1.78739441
0.04379569	0.03975948
0.043784	0.0371325
0.04371545	0.75077448
0.0436997	9.64932391
0.04369969	0.45652498
0.04365585	0.01254207
0.04353846	0.03818056
0.04831373	0.01135573
0.04831366	0.2683713
0.04831356	0.45493253
0.04831352	0.01082763
0.04831321	0.40529315
0.04831317	1.00846888
0.04823634	3.46635552
0.04816841	76.923
0.0481684	1.0
0.048123	10.0
0.04811999	0.01072807
0.04801999	0.01072807
0.048	7.79308616
0.04797347	0.01046134
0.04797346	0.01881311
0.04791999	0.01072807
0.0479	0.75178243
0.04788911	0.02082937
0.04781999	0.01072807
0.047777	0.04175649
0.04772002	54.32152158
0.04772001	11.568
0.04771999	0.01072807
0.0477	3.0
0.04761999	0.01072807
0.04758544	5.0
0.04751999	0.01072807
0.0475	0.07679805
0.04748731	115.68
0.04741999	0.01072807
0.04740205	0.22521557
0.0474	0.25456843
0.04737933	0.29336804
0.04731999	0.01058741
0.04726345	7.5
0.04721999	0.01058741
0.04711999	0.01058741
0.04701999	0.01081933
0.047	2.12234043
0.04693406	0.63919456
0.04692467	0.63932243
0.04691999	0.01081933
0.0469059	0.63957826
0.04681999	0.01081933
0.04672	2.27253441
0.04671999	0.01081933
0.04668041	0.2286593
0.04666411	115.68
0.04661999	0.01081933
0.04651999	0.01081933
0.04641999	0.01081933
0.04640485	0.1030684
0.04631999	0.01081933
0.04622544	3.19807617
0.04622543	0.42523418
0.04621999	0.01081933
0.04612001	4.08249777
0.04612	3.28171914
0.04611999	0.01081933
0.04602	2.86990368
0.04601999	0.01105444
0.046019	1.0
0.04600766	1.54890706
0.046	82.18396271
0.04585	2.82532835
0.04579429	0.0139968
0.0457	3.7
0.04569279	15.27746372
0.04566575	1.0
0.04566557	0.23374086
0.0456605	0.0356065
0.045583	0.03823882
0.04554	20.00037879
0.0455	0.02192308
0.04524615	0.26011943
0.0452297	0.0359456
0.04521243	0.15571261
0.0452	4.0
0.04512945	0.03858434
0.0451	0.01145223
0.04501969	0.044425
0.045008	4.43254533
0.045	18.76755902
0.04497786	0.20004801
0.04468041	0.0389722
0.0446757	8.93102962
0.0446	2.23654709
0.0445986	0.0364542
0.0445	1.68117978
0.04435875	0.02248801
0.04423584	0.03936387
0.04423335	1.18565661
0.0440382	1.69880922
0.044	16.32272727
0.04395	0.018157
0.0439	0.45418091
0.04389	15.0
0.0438807	0.18467709
0.04379573	2.7521798
0.04379569	0.03975948
0.04854955	8.08912515
0.04816844	0.27866135
0.04816841	76.923
0.0481684	1.0
0.048123	10.0
0.04811999	0.01072807
0.04801999	0.01072807
0.048	7.79308616
0.04797346	0.01881311
0.04791999	0.01072807
0.0479	0.75178243
0.04788911	0.02082937
0.04781999	0.01072807
0.047777	0.04175649
0.04772001	11.568
0.04771999	0.01072807
0.0477	3.0
0.04761999	0.01072807
0.04758544	5.0
0.04751999	0.01072807
0.0475	0.07679805
0.04748732	54.32152158
0.04748731	115.68
0.04741999	0.01072807
0.04740205	0.22521557
0.0474	0.25456843
0.04737933	0.29336804
0.04731999	0.01058741
0.04726345	7.5
0.04721999	0.01058741
0.04711999	0.01058741
0.04701999	0.01081933
0.047	2.12234043
0.04693406	0.63919456
0.04692467	0.63932243
0.04691999	0.01081933
0.0469059	0.63957826
0.04681999	0.01081933
0.04672	2.27253441
0.04671999	0.01081933
0.04668041	0.2286593
0.04666411	115.68
0.04661999	0.01081933
0.04651999	0.01081933
0.04641999	0.01081933
0.04640485	0.1030684
0.04631999	0.01081933
0.04622544	3.19807617
0.04622543	0.42523418
0.04621999	0.01081933
0.04612	3.28171914
0.04611999	0.01081933
0.04602	2.86990368
0.04601999	0.01105444
0.046019	1.0
0.04600766	1.54890706
0.046	82.18396271
0.04585	2.82532835
0.04579429	0.0139968
0.0457	3.7
0.04569279	15.27746372
0.04566575	1.0
0.04566557	0.23374086
0.0456605	0.0356065
0.045583	0.03823882
0.04554	20.00037879
0.0455	0.02192308
0.04524615	0.26011943
0.0452297	0.0359456
0.04521243	0.15571261
0.0452	4.0
0.04512945	0.03858434
0.0451	0.01145223
0.04501969	0.044425
0.045008	4.43254533
0.045	18.76755902
0.04497786	0.20004801
0.04468041	0.0389722
0.0446757	8.93102962
0.0446	2.23654709
0.0445986	0.0364542
0.0445	1.68117978
0.04435875	0.02248801
0.04423584	0.03936387
0.04423335	1.18565661
0.0440382	1.69880922
0.044	16.32272727
0.04395	0.018157
0.0439	0.45418091
0.04389	15.0
0.0438807	0.18467709
0.04379574	3.21983452
0.04379569	0.03975948
0.043784	0.0371325
0.04371545	0.75077448
0.04369969	0.45652498
0.04365585	0.01254207
0.04353846	0.03818056
0.04351843	0.36113419
0.0435	11.8099533
0.04817423	0.50425543
0.04817422	13.306
0.04817421	11.568
0.04817414	0.36176544
0.04817412	2.10745528
0.0481741	4.5414
0.04817409	0.56204178
0.04817404	2.10745878
0.04817403	0.01485792
0.04817309	0.01485821
0.04816845	0.01485964
0.04816844	0.293521
0.0481684	1.0
0.048123	10.0
0.04811999	0.01072807
0.04801999	0.01072807
0.04800001	29.309
0.048	7.79308616
0.04797347	0.01043841
0.04797346	0.01881311
0.04791999	0.01072807
0.0479	0.75178243
0.04788911	0.02082937
0.04781999	0.01072807
0.047777	0.04175649
0.04775984	115.68
0.04771999	0.01072807
0.0477	3.0
0.04761999	0.01072807
0.04752	54.75131492
0.04751999	0.01072807
0.0475	0.07679805
0.04741999	0.01072807
0.04740205	0.22521557
0.0474	0.25456843
0.04737933	0.29336804
0.04731999	0.01058741
0.04721999	0.01058741
0.04711999	0.01058741
0.04701999	0.01081933
0.04700005	115.68
0.047	2.12234043
0.04693406	0.63919456
0.04692467	0.63932243
0.04691999	0.01081933
0.0469059	0.63957826
0.04681999	0.01081933
0.04671999	0.01081933
0.04668041	0.2286593
0.04666412	2.27525576
0.04661999	0.01081933
0.04651999	0.01081933
0.04641999	0.01081933
0.04640485	0.1030684
0.04632	4.06487129
0.04631999	0.01081933
0.04622543	0.42523418
0.04621999	0.01081933
0.04612	3.28171914
0.04611999	0.01081933
0.04602	3.21235285
0.04601999	0.01105444
0.046019	1.0
0.04600766	1.54890706
0.046	82.18396271
0.04585	2.82532835
0.04579429	0.0139968
0.04570001	2.88999865
0.0457	3.7
0.04569279	15.27746372
0.04566575	1.0
0.04566557	0.23374086
0.0456605	0.0356065
0.045583	0.03823882
0.04554	20.00037879
0.0455	0.02192308
0.04524615	0.26011943
0.0452297	0.0359456
0.04521243	0.15571261
0.0452	4.0
0.04512945	0.03858434
0.0451	0.01145223
0.04501969	0.044425
0.045008	4.43254533
0.045	18.76755902
0.04497786	0.20004801
0.04468041	0.0389722
0.0446757	8.93102962
0.0446	2.23654709
0.0445986	0.0364542
0.0445	1.68117978
0.04435875	0.02248801
0.04423584	0.03936387
0.04423335	1.18565661
0.0440382	1.69880922
0.044	16.32272727
0.04395	0.018157
0.0439	0.45418091
0.04389	15.0
0.0438807	0.18467709
0.04817443	11.568
0.04817442	0.39361969
0.04817436	0.25505836
0.04817432	0.40521773
0.04817423	0.50425543
0.0481741	4.5414
0.0481684	1.0
0.048123	10.0
0.04811999	0.01072807
0.04801999	0.01072807
0.048	7.79308616
0.04797346	0.01881311
0.04791999	0.01072807
0.0479	0.75178243
0.04788911	0.02082937
0.04781999	0.01072807
0.047777	0.04175649
0.04775986	64.571
0.04775984	115.68
0.04771999	0.01072807
0.04770001	12.722
0.0477	3.0
0.04761999	0.01072807
0.04751999	0.01072807
0.0475	0.07679805
0.04746106	5.0
0.04741999	0.01072807
0.04740206	54.74450716
0.04740205	0.22521557
0.0474	0.25456843
0.04737933	0.29336804
0.04731999	0.01058741
0.04721999	0.01058741
0.04711999	0.01058741
0.04701999	0.01081933
0.04700005	115.68
0.047	2.12234043
0.04698645	7.5
0.04693406	0.63919456
0.04692467	0.63932243
0.04691999	0.01081933
0.0469059	0.63957826
0.04681999	0.01081933
0.04671999	0.01081933
0.04668041	0.2286593
0.04666412	2.27525576
0.04661999	0.01081933
0.04651999	0.01081933
0.04641999	0.01081933
0.04640485	0.1030684
0.04632	4.06487129
0.04631999	0.01081933
0.04622543	0.42523418
0.04621999	0.01081933
0.04611999	0.01081933
0.04602	3.21235285
0.04601999	0.01105444
0.046019	1.0
0.04600766	1.54890706
0.046	82.18396271
0.04585001	3.30104371
0.04585	2.82532835
0.04579429	0.0139968
0.04570001	2.88999865
0.0457	3.7
0.04569279	15.27746372
0.04566575	1.0
0.04566557	0.23374086
0.045583	0.03823882
0.04554	20.00037879
0.0455	0.02192308
0.0453856	0.0358222
0.04524615	0.26011943
0.04521243	0.15571261
0.0452	4.0
0.04512945	0.03858434
0.0451	0.01145223
0.04501969	0.044425
0.045008	4.43254533
0.045	18.76755902
0.04497786	0.20004801
0.0449574	0.0361633
0.04468041	0.0389722
0.0446757	8.93102962
0.0446	2.23654709
0.0445	1.68117978
0.04435875	0.02248801
0.0443301	0.0366751
0.04423584	0.03936387
0.04423335	1.18565661
0.0440382	1.69880922
0.044	16.32272727
0.04395	0.018157
0.0439	0.45418091
0.04389	15.0
0.0438807	0.18467709
0.04379569	0.03975948
0.04371545	0.75077448
0.04369972	3.05149117
0.04369969	0.45652498
0.0481684	1.0
0.048123	10.0
0.04811999	0.01072807
0.04802001	20.083
0.04802	11.568
0.04801999	0.01072807
0.048	7.79308616
0.04797346	0.01881311
0.04791999	0.01072807
0.0479	0.75178243
0.04788911	0.02082937
0.04781999	0.01072807
0.047777	0.04175649
0.04775985	10.76048218
0.04775984	115.68
0.04771999	0.01072807
0.04770001	0.01051745
0.0477	3.0
0.04762001	44.055
0.04761999	0.01072807
0.04751999	0.01072807
0.0475	0.07679805
0.04742	54.74450716
0.04741999	0.01072807
0.04740205	0.22521557
0.0474	0.25456843
0.04737933	0.29336804
0.04731999	0.01058741
0.04721999	0.01058741
0.04711999	0.01058741
0.04701999	0.01081933
0.04700005	115.68
0.047	2.12234043
0.04693406	0.63919456
0.04692467	0.63932243
0.04691999	0.01081933
0.0469059	0.63957826
0.04681999	0.01081933
0.04671999	0.01081933
0.04668041	0.2286593
0.04666412	2.27525576
0.04661999	0.01081933
0.04651999	0.01081933
0.04641999	0.01081933
0.04640485	0.1030684
0.04632	4.06487129
0.04631999	0.01081933
0.04622543	0.42523418
0.04621999	0.01081933
0.04611999	0.01081933
0.04602	3.21235285
0.04601999	0.01105444
0.046019	1.0
0.04600766	1.54890706
0.046	82.18396271
0.04585001	3.30104371
0.04585	2.82532835
0.04579429	0.0139968
0.04570001	2.88999865
0.0457	3.7
0.04569279	15.27746372
0.04566575	1.0
0.04566557	0.23374086
0.045583	0.03823882
0.04554	20.00037879
0.0455	0.02192308
0.0453856	0.0358222
0.04524615	0.26011943
0.04521243	0.15571261
0.0452	4.0
0.04512945	0.03858434
0.0451	0.01145223
0.04501969	0.044425
0.045008	4.43254533
0.045	18.76755902
0.04497786	0.20004801
0.0449574	0.0361633
0.04468041	0.0389722
0.0446757	8.93102962
0.0446	2.23654709
0.0445	1.68117978
0.04435875	0.02248801
0.0443301	0.0366751
0.04423584	0.03936387
0.04423335	1.18565661
0.0440382	1.69880922
0.044	16.32272727
0.04395	0.018157
0.0439	0.45418091
0.04389	15.0
0.0438807	0.18467709
0.04379569	0.03975948
0.04371545	0.75077448
0.04369974	0.51892074
0.04369969	0.45652498
0.04365585	0.01254207
0.04353846	0.03818056
0.0435204	0.0373574
0.04351843	0.36113419
0.04350001	10.11612753
0.048123	10.0
0.04811999	0.01072807
0.04802	11.568
0.04801999	0.01072807
0.048	7.79308616
0.04797346	0.01881311
0.04791999	0.01072807
0.0479	0.75178243
0.04788911	0.02082937
0.04781999	0.01072807
0.047777	0.04175649
0.04775986	62.189
0.04775984	115.68
0.04771999	0.01072807
0.0477	3.0
0.04761999	0.01072807
0.04752705	2.31447144
0.04751999	0.01072807
0.0475	0.07679805
0.04746101	5.0
0.04741999	0.01072807
0.04740207	14.813
0.04740205	0.22521557
0.0474	0.25456843
0.04737934	54.75136039
0.04737933	0.29336804
0.04731999	0.01058741
0.04721999	0.01058741
0.04711999	0.01058741
0.04701999	0.01081933
0.04700005	115.68
0.047	2.12234043
0.0469864	7.5
0.04691999	0.01081933
0.04681999	0.01081933
0.04671999	0.01081933
0.04668041	0.2286593
0.04666412	2.27525576
0.04661999	0.01081933
0.04651999	0.01081933
0.04641999	0.01081933
0.04640485	0.1030684
0.04631999	0.01081933
0.04622543	0.42523418
0.04621999	0.01081933
0.04611999	0.01081933
0.04602	3.21235285
0.04601999	0.01105444
0.046019	1.0
0.04600766	1.54890706
0.046	82.18396271
0.04585001	3.30104371
0.04585	2.82532835
0.04579429	0.0139968
0.04570001	2.88999865
0.0457	3.7
0.04569279	15.27746372
0.04566575	1.0
0.04566557	0.23374086
0.045583	0.03823882
0.04554	20.00037879
0.0455	0.02192308
0.0453856	0.0358222
0.04524615	0.26011943
0.04521243	0.15571261
0.0452	4.0
0.04512945	0.03858434
0.0451	0.01145223
0.04501969	0.044425
0.045008	4.43254533
0.045	18.76755902
0.04497786	0.20004801
0.0449574	0.0361633
0.04468041	0.0389722
0.0446757	8.93102962
0.0446	2.23654709
0.0445	1.68117978
0.04435875	0.02248801
0.0443301	0.0366751
0.04423584	0.03936387
0.04423335	1.18565661
0.0440382	1.69880922
0.044	16.32272727
0.04395	0.018157
0.0439	0.45418091
0.04389	15.0
0.0438807	0.18467709
0.04379569	0.03975948
0.04371545	0.75077448
0.04369976	0.4923221
0.04369969	0.45652498
0.04365585	0.01254207
0.04353846	0.03818056
0.0435204	0.0373574
0.04351843	0.36113419
0.04350001	10.11612753
0.0435	11.8099533
0.04335992	0.04015906
0.04323166	0.01676676
0.0432	1.73927125
0.04812306	3.55210528
0.04812301	0.01063594
0.048123	10.0
0.04811999	0.01072807
0.04802	11.568
0.04801999	0.01072807
0.048	7.79308616
0.04797346	0.01881311
0.04791999	0.01072807
0.0479	0.75178243
0.04788911	0.02082937
0.04781999	0.01072807
0.047777	0.04175649
0.04775986	62.189
0.04775984	115.68
0.04771999	0.01072807
0.0477	3.0
0.04761999	0.01072807
0.04758956	0.01050651
0.04751999	0.01072807
0.0475	0.07679805
0.04746101	5.0
0.04741999	0.01072807
0.04740211	13.991
0.04740205	0.22521557
0.0474	0.25456843
0.04737934	54.80294536
0.04737933	0.29336804
0.04731999	0.01058741
0.04721999	0.01058741
0.04711999	0.01058741
0.04701999	0.01081933
0.04700005	115.68
0.047	2.12234043
0.0469864	7.5
0.04691999	0.01081933
0.04681999	0.01081933
0.04671999	0.01081933
0.04668041	0.2286593
0.04666412	2.27525576
0.04661999	0.01081933
0.04651999	0.01081933
0.04641999	0.01081933
0.04640485	0.1030684
0.04631999	0.01081933
0.04622544	4.0731865
0.04622543	0.42523418
0.04621999	0.01081933
0.04611999	0.01081933
0.04602	3.21235285
0.04601999	0.01105444
0.046019	1.0
0.04600766	1.54890706
0.046	82.18396271
0.04585001	3.30104371
0.04585	2.82532835
0.04579429	0.0139968
0.04570001	2.88999865
0.0457	3.7
0.04569279	15.27746372
0.04566575	1.0
0.04566557	0.23374086
0.045583	0.03823882
0.04554	20.00037879
0.0455	0.02192308
0.0453856	0.0358222
0.04524615	0.26011943
0.04521243	0.15571261
0.0452	4.0
0.04512945	0.03858434
0.0451	0.01145223
0.04501969	0.044425
0.045008	4.43254533
0.045	18.76755902
0.04497786	0.20004801
0.0449574	0.0361633
0.04468041	0.0389722
0.0446757	8.93102962
0.0446	2.23654709
0.0445	1.68117978
0.04435875	0.02248801
0.0443301	0.0366751
0.04423584	0.03936387
0.04423335	1.18565661
0.0440382	1.69880922
0.044	16.32272727
0.04395	0.018157
0.0439	0.45418091
0.04389	15.0
0.0438807	0.18467709
0.04379569	0.03975948
0.04371545	0.75077448
0.04369969	0.45652498
0.04365585	0.01254207
0.04353848	0.58615094
0.04353846	0.03818056
0.0435204	0.0373574
0.04351843	0.36113419
0.0435	11.8099533
0.04335992	0.04015906
0.0481287	0.01487365
0.04812776	0.01487365
0.04812307	0.01487365
0.04812306	3.56697893
0.04812301	0.01063594
0.048123	10.0
0.04811999	0.01072807
0.04802	11.568
0.04801999	0.01072807
0.048	7.79308616
0.04797346	0.01881311
0.04791999	0.01072807
0.0479	0.75178243
0.04788911	0.02082937
0.04781999	0.01072807
0.047777	0.04175649
0.04776327	0.01046829
0.04775986	62.189
0.04775984	115.68
0.04771999	0.01072807
0.0477	3.0
0.04761999	0.01072807
0.04751999	0.01072807
0.0475	0.07679805
0.04746102	13.991
0.04741999	0.01072807
0.04740205	0.22521557
0.0474	0.25456843
0.04737934	54.80294536
0.04737933	0.29336804
0.04731999	0.01058741
0.04721999	0.01058741
0.04711999	0.01058741
0.04701999	0.01081933
0.04700005	115.68
0.047	2.12234043
0.04691999	0.01081933
0.04681999	0.01081933
0.04671999	0.01081933
0.04668041	0.2286593
0.04661999	0.01081933
0.04651999	0.01081933
0.04642	2.28722119
0.04641999	0.01081933
0.04640485	0.1030684
0.04631999	0.01081933
0.04622544	4.0731865
0.04622543	0.42523418
0.04621999	0.01081933
0.04611999	0.01081933
0.04601999	0.01105444
0.046019	1.0
0.04600766	1.54890706
0.046	82.18396271
0.04585003	3.30104227
0.04585002	3.22426203
0.04585	2.82532835
0.04579429	0.0139968
0.0457	3.7
0.04569279	15.27746372
0.04566575	1.0
0.04566557	0.23374086
0.04558301	2.89741654
0.045583	0.03823882
0.04554	20.00037879
0.0455	0.02192308
0.0453856	0.0358222
0.04524615	0.26011943
0.04521243	0.15571261
0.0452	4.0
0.04512945	0.03858434
0.0451	0.01145223
0.04501969	0.044425
0.045008	4.43254533
0.045	18.76755902
0.04497786	0.20004801
0.0449574	0.0361633
0.04468041	0.0389722
0.0446757	8.93102962
0.0446	2.23654709
0.0445	1.68117978
0.04435875	0.02248801
0.0443301	0.0366751
0.04423584	0.03936387
0.04423335	1.18565661
0.0440382	1.69880922
0.044	16.32272727
0.04395	0.018157
0.0439	0.45418091
0.04389	15.0
0.0438807	0.18467709
0.04379569	0.03975948
0.04371545	0.75077448
0.04369969	0.45652498
0.04365585	0.01254207
0.0435385	0.62740891
0.04353846	0.03818056
0.0435204	0.0373574
0.04351843	0.36113419
0.0435	11.8099533
0.04812873	0.39285195
0.0481287	0.01487365
0.04812776	0.01487365
0.04812307	0.01487365
0.04812306	3.56697893
0.04812301	0.01063594
0.048123	10.0
0.04811999	0.01072807
0.04802001	38.831
0.04802	11.568
0.04801999	0.01072807
0.048	7.79308616
0.04797346	0.01881311
0.04791999	0.01072807
0.0479	0.75178243
0.04788911	0.02082937
0.04781999	0.01072807
0.047777	0.04175649
0.04775984	115.68
0.04771999	0.01072807
0.0477	3.0
0.04762844	0.01049793
0.04761999	0.01072807
0.04751999	0.01072807
0.0475	0.07679805
0.04747987	37.431
0.04747986	5.0
0.04742	54.79652324
0.04741999	0.01072807
0.04740205	0.22521557
0.0474	0.25456843
0.04737933	0.29336804
0.04731999	0.01058741
0.04721999	0.01058741
0.04711999	0.01058741
0.04701999	0.01081933
0.04700506	7.5
0.04700005	115.68
0.047	2.12234043
0.04691999	0.01081933
0.04681999	0.01081933
0.04671999	0.01081933
0.04668041	0.2286593
0.04661999	0.01081933
0.04651999	0.01081933
0.04642	2.28722119
0.04641999	0.01081933
0.04640485	0.1030684
0.04631999	0.01081933
0.04622544	4.0731865
0.04622543	0.42523418
0.04621999	0.01081933
0.04611999	0.01081933
0.04601999	0.01105444
0.046019	1.0
0.04600766	1.54890706
0.046	82.18396271
0.04585003	3.30104227
0.04585002	3.22426203
0.04585	2.82532835
0.04579429	0.0139968
0.0457	3.7
0.04569279	15.27746372
0.04566575	1.0
0.04566557	0.23374086
0.04558301	2.89741654
0.045583	0.03823882
0.04554	20.00037879
0.0455	0.02192308
0.0453856	0.0358222
0.04524615	0.26011943
0.04521243	0.15571261
0.0452	4.0
0.04512945	0.03858434
0.0451	0.01145223
0.04501969	0.044425
0.045008	4.43254533
0.045	18.76755902
0.04497786	0.20004801
0.0449574	0.0361633
0.04468041	0.0389722
0.0446757	8.93102962
0.0446	2.23654709
0.0445	1.68117978
0.04435875	0.02248801
0.0443301	0.0366751
0.04423584	0.03936387
0.04423335	1.18565661
0.0440382	1.69880922
0.044	16.32272727
0.04395	0.018157
0.0439	0.45418091
0.04389	15.0
0.0438807	0.18467709
0.04379569	0.03975948
0.04371545	0.75077448
0.04369969	0.45652498
0.04365585	0.01254207
0.04353852	0.58485812
0.04353846	0.03818056
0.04812985	0.51525543
0.04812877	0.30848357
0.04812875	0.01044941
0.04812873	0.39285195
0.04812306	3.55210528
0.048123	10.0
0.04811999	0.01072807
0.04802001	38.831
0.04802	11.568
0.04801999	0.01072807
0.048	7.79308616
0.04797346	0.01881311
0.04791999	0.01072807
0.0479	0.75178243
0.04788911	0.02082937
0.04781999	0.01072807
0.047777	0.04175649
0.04775984	115.68
0.04771999	0.01072807
0.04770001	36.83117132
0.0477	3.0
0.04761999	0.01072807
0.04760988	1.38626688
0.04751999	0.01072807
0.0475	0.07679805
0.04747986	5.0
0.04741999	0.01072807
0.04740205	0.22521557
0.0474	0.25456843
0.04737933	0.29336804
0.04731999	0.01058741
0.04721999	0.01058741
0.04711999	0.01058741
0.04701999	0.01081933
0.04700506	7.5
0.04700005	115.68
0.047	2.12234043
0.04691999	0.01081933
0.04681999	0.01081933
0.04671999	0.01081933
0.04668041	0.2286593
0.04661999	0.01081933
0.04651999	0.01081933
0.04642	2.28722119
0.04641999	0.01081933
0.04640485	0.1030684
0.04631999	0.01081933
0.04622544	4.0731865
0.04622543	0.42523418
0.04621999	0.01081933
0.04611999	0.01081933
0.04601999	0.01105444
0.046019	1.0
0.04600766	1.54890706
0.046	82.18396271
0.04585003	3.30104227
0.04585002	3.22426203
0.04585	2.82532835
0.04579429	0.0139968
0.0457	3.7
0.04569279	15.27746372
0.04566575	1.0
0.04566557	0.23374086
0.04558301	2.89741654
0.045583	0.03823882
0.04554	20.00037879
0.0455	0.02192308
0.0453856	0.0358222
0.04524615	0.26011943
0.04521243	0.15571261
0.0452	4.0
0.04512945	0.03858434
0.0451	0.01145223
0.04501969	0.044425
0.045008	4.43254533
0.045	18.76755902
0.04497786	0.20004801
0.0449574	0.0361633
0.04468041	0.0389722
0.0446757	8.93102962
0.0446	2.23654709
0.0445	1.68117978
0.04435875	0.02248801
0.0443301	0.0366751
0.04432	1.83963217
0.04423584	0.03936387
0.04423335	1.18565661
0.0440382	1.69880922
0.044	16.32272727
0.04395	0.018157
0.0439	0.45418091
0.04389	15.0
0.0438807	0.18467709
0.04379569	0.03975948
0.04371545	0.75077448
0.04369969	0.45652498
0.04365585	0.01254207
0.04353854	0.61553942
0.04353846	0.03818056
0.0435204	0.0373574
0.04813537	0.01487155
0.04813445	0.01487155
0.04812986	0.01487155
0.04812985	0.53012698
0.04812875	0.01044941
0.048123	10.0
0.04811999	0.01072807
0.04802001	38.831
0.04802	11.568
0.04801999	0.01072807
0.048	7.79308616
0.04797346	0.01881311
0.04791999	0.01072807
0.0479	0.75178243
0.04788911	0.02082937
0.04781999	0.01072807
0.047777	0.04175649
0.04775984	115.68
0.04771999	0.01072807
0.04770001	35.215
0.0477	3.0
0.04761999	0.01072807
0.04751999	0.01072807
0.0475	0.07679805
0.04742	54.79521394
0.04741999	0.01072807
0.04740205	0.22521557
0.0474	0.25456843
0.04737933	0.29336804
0.04734415	5.0
0.04731999	0.01058741
0.04721999	0.01058741
0.04711999	0.01058741
0.04701999	0.01081933
0.04700005	115.68
0.047	2.12234043
0.04691999	0.01081933
0.04687071	7.18640564
0.04681999	0.01081933
0.04671999	0.01081933
0.04668041	0.2286593
0.04661999	0.01081933
0.04651999	0.01081933
0.04642	2.28722119
0.04641999	0.01081933
0.04640485	0.1030684
0.04631999	0.01081933
0.04622544	4.0731865
0.04622543	0.42523418
0.04621999	0.01081933
0.04611999	0.01081933
0.04601999	0.01105444
0.046019	1.0
0.04600766	1.54890706
0.046	82.18396271
0.04585003	3.30104227
0.04585002	3.22426203
0.04585	2.82532835
0.04579429	0.0139968
0.0457	3.7
0.04569279	15.27746372
0.04566575	1.0
0.04566557	0.23374086
0.04558301	2.89741654
0.045583	0.03823882
0.04554	20.00037879
0.0455	0.02192308
0.0453856	0.0358222
0.04524615	0.26011943
0.04521243	0.15571261
0.0452	4.0
0.04512945	0.03858434
0.0451	0.01145223
0.04501969	0.044425
0.045008	4.43254533
0.045	18.76755902
0.04497786	0.20004801
0.0449574	0.0361633
0.04468041	0.0389722
0.0446757	8.93102962
0.0446	2.23654709
0.0445	1.68117978
0.04435875	0.02248801
0.0443301	0.0366751
0.04432	1.83963217
0.04423584	0.03936387
0.04423335	1.18565661
0.0440382	1.69880922
0.044	16.32272727
0.04395	0.018157
0.0439	0.45418091
0.04389	15.0
0.0438807	0.18467709
0.04379569	0.03975948
0.04371545	0.75077448
0.04369969	0.45652498
0.04365585	0.01254207
0.04353856	0.4912823
0.04353846	0.03818056
0.0435204	0.0373574
0.04814031	0.01486984
0.04813949	0.01486984
0.04813538	0.01486984
0.04813537	0.01486984
0.04812985	0.51525543
0.04812875	0.01044941
0.048123	10.0
0.04811999	0.01072807
0.04806201	3.92233286
0.04802	11.568
0.04801999	0.01072807
0.048	7.79308616
0.04797346	0.01881311
0.04791999	0.01072807
0.0479	0.75178243
0.04788911	0.02082937
0.04781999	0.01072807
0.047777	0.04175649
0.04776128	0.01046873
0.04775985	77.156
0.04775984	115.68
0.04771999	0.01072807
0.0477	3.0
0.04761999	0.01072807
0.04751999	0.01072807
0.0475	0.07679805
0.04742	54.78893022
0.04741999	0.01072807
0.04740205	0.22521557
0.0474	0.25456843
0.04737933	0.29336804
0.04734415	5.0
0.04731999	0.01058741
0.04721999	0.01058741
0.04711999	0.01058741
0.04701999	0.01081933
0.04700005	115.68
0.047	2.12234043
0.04691999	0.01081933
0.04687071	7.18640564
0.04681999	0.01081933
0.04671999	0.01081933
0.04668041	0.2286593
0.04661999	0.01081933
0.04651999	0.01081933
0.04641999	0.01081933
0.04640485	0.1030684
0.04631999	0.01081933
0.04622546	4.07318473
0.04622545	2.29684747
0.04622543	0.42523418
0.04621999	0.01081933
0.04611999	0.01081933
0.04601999	0.01105444
0.046019	1.0
0.04600766	1.54890706
0.046	82.18396271
0.04585003	3.30104227
0.04585	2.82532835
0.04579429	0.0139968
0.04570001	3.23484564
0.0457	3.7
0.04569279	15.27746372
0.04566575	1.0
0.04566557	0.23374086
0.045583	0.03823882
0.04554	20.00037879
0.0455	0.02192308
0.0453856	0.0358222
0.04524615	0.26011943
0.04521243	0.15571261
0.0452	4.0
0.04512945	0.03858434
0.0451	0.01145223
0.04501969	0.044425
0.045008	4.43254533
0.045	18.76755902
0.04497786	0.20004801
0.0449574	0.0361633
0.04468041	0.0389722
0.0446757	8.93102962
0.0446	2.23654709
0.0445	1.68117978
0.04435875	0.02248801
0.0443301	0.0366751
0.04432	1.83963217
0.04423584	0.03936387
0.04423335	1.18565661
0.0440382	1.69880922
0.044	16.32272727
0.04395	0.018157
0.0439	0.45418091
0.04389	15.0
0.0438807	0.18467709
0.04379569	0.03975948
0.04371545	0.75077448
0.04369969	0.45652498
0.04365585	0.01254207
0.04353858	0.43352348
0.04353846	0.03818056
0.04814031	3.13836984
0.04813949	0.01486984
0.04813538	0.01486984
0.04813537	0.01486984
0.04812985	0.51525543
0.04812875	0.01044941
0.048123	10.0
0.04811999	0.01072807
0.04806201	3.92233286
0.04802	11.568
0.04801999	0.01072807
0.048	7.79308616
0.04797346	0.01881311
0.04791999	0.01072807
0.0479	0.75178243
0.04788911	0.02082937
0.04781999	0.01072807
0.047777	0.04175649
0.04775986	67.799
0.04775984	115.68
0.04771999	0.01072807
0.04770001	9.297
0.0477	3.0
0.04761999	0.01072807
0.04751999	0.01072807
0.0475	0.07679805
0.04742	54.78893022
0.04741999	0.01072807
0.04740205	0.22521557
0.0474	0.25456843
0.04737933	0.29336804
0.04734415	5.0
0.04731999	0.01058741
0.04721999	0.01058741
0.04711999	0.01058741
0.04701999	0.01081933
0.04700005	115.68
0.047	2.12234043
0.04691999	0.01081933
0.04687071	7.18640564
0.04681999	0.01081933
0.04671999	0.01081933
0.04668041	0.2286593
0.04661999	0.01081933
0.04651999	0.01081933
0.04641999	0.01081933
0.04640485	0.1030684
0.04631999	0.01081933
0.04622546	4.07318473
0.04622545	2.29684747
0.04622543	0.42523418
0.04621999	0.01081933
0.04611999	0.01081933
0.04601999	0.01105444
0.046019	1.0
0.04600766	1.54890706
0.046	82.18396271
0.04585001	3.30104371
0.04585	2.82532835
0.04579429	0.0139968
0.04570001	3.23484564
0.0457	3.7
0.04569279	15.27746372
0.04566575	1.0
0.04566557	0.23374086
0.045583	0.03823882
0.04554	20.00037879
0.04550001	2.90270194
0.0455	0.02192308
0.0453856	0.0358222
0.04524615	0.26011943
0.04521243	0.15571261
0.0452	4.0
0.04512945	0.03858434
0.0451	0.01145223
0.04501969	0.044425
0.045008	4.43254533
0.045	18.76755902
0.04497786	0.20004801
0.0449574	0.0361633
0.04468041	0.0389722
0.0446757	8.93102962
0.0446	2.23654709
0.0445	1.68117978
0.04435875	0.02248801
0.0443301	0.0366751
0.04432	1.83963217
0.04423584	0.03936387
0.04423335	1.18565661
0.0440382	1.69880922
0.044	16.32272727
0.04395	0.018157
0.0439	0.45418091
0.04389	15.0
0.0438807	0.18467709
0.04379569	0.03975948
0.04371545	0.75077448
0.04369969	0.45652498
0.04365585	0.01254207
0.0435386	0.65052537
0.04814032	0.01063228
0.04814031	3.13836984
0.04813949	0.01486984
0.04813538	0.01486984
0.04813537	0.01486984
0.04812985	0.51525543
0.048123	10.51820335
0.04811999	0.01072807
0.04802	11.568
0.04801999	0.01072807
0.048	7.79308616
0.04797346	0.01881311
0.04791999	0.01072807
0.0479	0.75178243
0.04788911	0.02082937
0.04781999	0.01072807
0.04778618	72.96
0.047777	0.04175649
0.04775984	115.68
0.04771999	0.01072807
0.0477	3.0
0.04761999	0.01072807
0.0475659	5.55906488
0.04751999	0.01072807
0.0475	0.07679805
0.04742	54.78893022
0.04741999	0.01072807
0.04740205	0.22521557
0.0474	0.25456843
0.04737933	0.29336804
0.04734415	5.0
0.04731999	0.01058741
0.04721999	0.01058741
0.04711999	0.01058741
0.04701999	0.01081933
0.04700005	115.68
0.047	2.12234043
0.04691999	0.01081933
0.04687071	7.18640564
0.04681999	0.01081933
0.04671999	0.01081933
0.04668041	0.2286593
0.04661999	0.01081933
0.04651999	0.01081933
0.04641999	0.01081933
0.04640485	0.1030684
0.04631999	0.01081933
0.04622546	4.07318473
0.04622545	2.29684747
0.04622543	0.42523418
0.04621999	0.01081933
0.04611999	0.01081933
0.04601999	0.01105444
0.046019	1.0
0.04600766	1.54890706
0.046	82.18396271
0.04585001	3.30104371
0.04585	2.82532835
0.04579429	0.0139968
0.04570001	3.23484564
0.0457	3.7
0.04569279	15.27746372
0.04566575	1.0
0.04566557	0.23374086
0.045583	0.03823882
0.04554	20.00037879
0.04550001	2.90270194
0.0455	0.02192308
0.0453856	0.0358222
0.04524615	0.26011943
0.04521243	0.15571261
0.0452	4.0
0.04512945	0.03858434
0.0451	0.01145223
0.04501969	0.044425
0.045008	4.43254533
0.045	18.76755902
0.04497786	0.20004801
0.0449574	0.0361633
0.04468041	0.0389722
0.0446757	8.93102962
0.0446	2.23654709
0.0445	1.68117978
0.04435875	0.02248801
0.0443301	0.0366751
0.04432	1.83963217
0.04423584	0.03936387
0.04423335	1.18565661
0.0440382	1.69880922
0.044	16.32272727
0.04395	0.018157
0.0439	0.45418091
0.04389	15.0
0.0438807	0.18467709
0.04379569	0.03975948
0.04371545	0.75077448
0.04369969	0.45652498
0.04365585	0.01254207
0.04353862	0.42825889
0.04353846	0.03818056
0.04814516	0.01486832
0.04814435	0.01486832
0.04814033	0.01486832
0.04814032	0.0255006
0.04812985	0.51525543
0.048123	10.51820335
0.04811999	0.01072807
0.04802	11.568
0.04801999	0.01072807
0.048	7.79308616
0.04797346	0.01881311
0.04791999	0.01072807
0.0479	0.75178243
0.04788911	0.02082937
0.04781999	0.01072807
0.04778618	72.96
0.047777	0.04175649
0.04775984	115.68
0.04771999	0.01072807
0.0477	3.0
0.04761999	0.01072807
0.0475659	5.55906488
0.04751999	0.01072807
0.0475	0.07679805
0.04742	54.78893022
0.04741999	0.01072807
0.04740205	0.22521557
0.0474	0.25456843
0.04737933	0.29336804
0.04731999	0.01058741
0.04721999	0.01058741
0.04711999	0.01058741
0.04701999	0.01081933
0.04700005	115.68
0.047	2.12234043
0.04691999	0.01081933
0.04681999	0.01081933
0.04671999	0.01081933
0.04668041	0.2286593
0.04661999	0.01081933
0.04651999	0.01081933
0.04641999	0.01081933
0.04640485	0.1030684
0.04631999	0.01081933
0.04622546	4.07318473
0.04622545	2.29684747
0.04622543	0.42523418
0.04621999	0.01081933
0.04611999	0.01081933
0.04601999	0.01105444
0.046019	1.0
0.04600766	1.54890706
0.046	82.18396271
0.04585001	3.30104371
0.04585	2.82532835
0.04579429	0.0139968
0.04570001	3.23484564
0.0457	3.7
0.04569279	15.27746372
0.04566575	1.0
0.04566557	0.23374086
0.045583	0.03823882
0.04554	20.00037879
0.04550001	2.90270194
0.0455	0.02192308
0.04524615	0.26011943
0.04521243	0.15571261
0.0452	4.0
0.04512945	0.03858434
0.0451146	0.0360373
0.0451	0.01145223
0.04501969	0.044425
0.045008	4.43254533
0.045	18.76755902
0.04497786	0.20004801
0.044689	0.0363805
0.04468041	0.0389722
0.0446757	8.93102962
0.0446	2.23654709
0.0445	1.68117978
0.04435875	0.02248801
0.04432	1.83963217
0.04423584	0.03936387
0.04423335	1.18565661
0.0440654	0.0368953
0.0440382	1.69880922
0.044	16.32272727
0.04395	0.018157
0.0439	0.45418091
0.04389	15.0
0.0438807	0.18467709
0.04379569	0.03975948
0.04371545	0.75077448
0.04369969	0.45652498
0.04365585	0.01254207
0.04353864	0.50558874
0.04353846	0.03818056
0.04351843	0.36113419
0.04350001	6.32645983
0.0435	11.8099533
0.04814997	0.01486682
0.04814917	0.01486682
0.04814518	0.01486682
0.04814517	0.0254671
0.04812985	0.51525543
0.048123	10.51820335
0.04811999	0.01072807
0.04801999	0.01072807
0.04800001	11.568
0.048	7.79308616
0.04797346	0.01881311
0.04791999	0.01072807
0.0479	0.75178243
0.04788911	0.02082937
0.04781999	0.01072807
0.047777	0.04175649
0.04775985	61.045
0.04775984	115.68
0.04771999	0.01072807
0.0477	3.0
0.04761999	0.01072807
0.04759851	0.01050453
0.0475659	5.55906488
0.04751999	0.01072807
0.0475	0.07679805
0.04742001	15.672
0.04742	54.78893022
0.04741999	0.01072807
0.04740205	0.22521557
0.0474	0.25456843
0.04737933	0.29336804
0.04731999	0.01058741
0.04721999	0.01058741
0.04711999	0.01058741
0.04701999	0.01081933
0.04700005	115.68
0.047	2.12234043
0.04691999	0.01081933
0.04681999	0.01081933
0.04671999	0.01081933
0.04668041	0.2286593
0.04661999	0.01081933
0.04651999	0.01081933
0.04641999	0.01081933
0.04640485	0.1030684
0.04631999	0.01081933
0.04622544	4.0731865
0.04622543	0.42523418
0.04621999	0.01081933
0.04611999	0.01081933
0.04601999	0.01105444
0.046019	1.0
0.04600766	1.54890706
0.046	82.18396271
0.04585001	3.30104371
0.04585	2.82532835
0.04579429	0.0139968
0.04570001	3.23484564
0.0457	3.7
0.04569279	15.27746372
0.04566575	1.0
0.04566557	0.23374086
0.045583	0.03823882
0.04554	20.00037879
0.04550001	2.90270194
0.0455	0.02192308
0.04524615	0.26011943
0.04521243	0.15571261
0.0452	4.0
0.04512945	0.03858434
0.0451146	0.0360373
0.0451	0.01145223
0.04501969	0.044425
0.045008	4.43254533
0.045	18.76755902
0.04497786	0.20004801
0.044689	0.0363805
0.04468041	0.0389722
0.0446757	8.93102962
0.0446	2.23654709
0.0445	1.68117978
0.04435875	0.02248801
0.04432	1.83963217
0.04423584	0.03936387
0.04423335	1.18565661
0.0440654	0.0368953
0.0440382	1.69880922
0.044	16.32272727
0.04395	0.018157
0.0439	0.45418091
0.04389	15.0
0.0438807	0.18467709
0.04379569	0.03975948
0.04371545	0.75077448
0.04369969	0.45652498
0.04365585	0.01254207
0.04353866	0.63493761
0.04353846	0.03818056
0.04351843	0.36113419
0.04350001	6.32645983
0.04814997	0.01486682
0.04814917	0.01486682
0.04814518	0.01486682
0.04814517	0.0254671
0.04812985	0.51525543
0.048123	10.51820335
0.04811999	0.01072807
0.04801999	0.01072807
0.04800001	11.568
0.048	7.79308616
0.04797346	0.01881311
0.04791999	0.01072807
0.0479	0.75178243
0.04788911	0.02082937
0.04781999	0.01072807
0.047777	0.04175649
0.04775985	61.045
0.04775984	115.68
0.04771999	0.01072807
0.0477	3.0
0.04761999	0.01072807
0.0475659	5.55906488
0.04751999	0.01072807
0.0475	0.07679805
0.04742002	54.77231715
0.04742001	15.672
0.04741999	0.01072807
0.04740205	0.22521557
0.0474	0.25456843
0.04737933	0.29336804
0.04734394	5.0
0.04731999	0.01058741
0.04721999	0.01058741
0.04711999	0.01058741
0.04701999	0.01081933
0.04700005	115.68
0.047	2.12234043
0.04691999	0.01081933
0.0468705	7.5
0.04681999	0.01081933
0.04671999	0.01081933
0.04668041	0.2286593
0.04661999	0.01081933
0.04651999	0.01081933
0.04642	2.28722119
0.04641999	0.01081933
0.04640485	0.1030684
0.04631999	0.01081933
0.04622544	4.0731865
0.04622543	0.42523418
0.04621999	0.01081933
0.04611999	0.01081933
0.04601999	0.01105444
0.046019	1.0
0.04600766	1.54890706
0.046	82.18396271
0.04585003	3.30104227
0.04585002	3.22426203
0.04585	2.82532835
0.04579429	0.0139968
0.0457	3.7
0.04569279	15.27746372
0.04566576	2.89216619
0.04566575	1.0
0.04566557	0.23374086
0.045583	0.03823882
0.04554	20.00037879
0.0455	0.02192308
0.04524615	0.26011943
0.04521243	0.15571261
0.0452	4.0
0.04512945	0.03858434
0.0451146	0.0360373
0.0451	0.01145223
0.04501969	0.044425
0.045008	4.43254533
0.045	18.76755902
0.04497786	0.20004801
0.044689	0.0363805
0.04468041	0.0389722
0.0446757	8.93102962
0.0446	2.23654709
0.0445	1.68117978
0.04435875	0.02248801
0.04432	1.83963217
0.04423584	0.03936387
0.04423335	1.18565661
0.0440654	0.0368953
0.0440382	1.69880922
0.044	16.32272727
0.04395	0.018157
0.0439	0.45418091
0.04389	15.0
0.0438807	0.18467709
0.04379569	0.03975948
0.04371545	0.75077448
0.04369969	0.45652498
0.04365585	0.01254207
0.04353868	0.46693322
0.04353846	0.03818056
0.04825179	0.01483523
0.0482511	0.01483523
0.04824768	0.01483523
0.04824767	0.04501742
0.04814517	0.01060028
0.04812985	0.51525543
0.048123	10.51820335
0.04811999	0.01072807
0.04801999	0.01072807
0.04800001	11.568
0.048	7.79308616
0.04797346	0.01881311
0.04791999	0.01072807
0.0479	0.75178243
0.04788911	0.02082937
0.04781999	0.01072807
0.047777	0.04175649
0.04775985	61.045
0.04775984	115.68
0.04771999	0.01072807
0.0477	3.0
0.04761999	0.01072807
0.0475659	5.55906488
0.04751999	0.01072807
0.0475	0.07679805
0.04742001	15.672
0.04741999	0.01072807
0.04740205	0.22521557
0.0474	0.25456843
0.04737934	54.77231715
0.04737933	0.29336804
0.04734394	5.0
0.04731999	0.01058741
0.04721999	0.01058741
0.04711999	0.01058741
0.04701999	0.01081933
0.04700005	115.68
0.047	2.12234043
0.04691999	0.01081933
0.0468705	7.5
0.04681999	0.01081933
0.04671999	0.01081933
0.04668041	0.2286593
0.04661999	0.01081933
0.04651999	0.01081933
0.04642	2.28722119
0.04641999	0.01081933
0.04640485	0.1030684
0.04631999	0.01081933
0.04622544	4.0731865
0.04622543	0.42523418
0.04621999	0.01081933
0.04611999	0.01081933
0.04601999	0.01105444
0.046019	1.0
0.04600766	1.54890706
0.046	82.18396271
0.04585003	3.30104227
0.04585002	3.22426203
0.04585	2.82532835
0.04579429	0.0139968
0.0457	3.7
0.04569279	15.27746372
0.04566576	2.89216619
0.04566575	1.0
0.04566557	0.23374086
0.045583	0.03823882
0.04554	20.00037879
0.0455	0.02192308
0.04524615	0.26011943
0.04521243	0.15571261
0.0452	4.0
0.04512945	0.03858434
0.0451146	0.0360373
0.0451	0.01145223
0.04501969	0.044425
0.045008	4.43254533
0.045	18.76755902
0.04497786	0.20004801
0.044689	0.0363805
0.04468041	0.0389722
0.0446757	8.93102962
0.0446	2.23654709
0.0445	1.68117978
0.04435875	0.02248801
0.04432	1.83963217
0.04423584	0.03936387
0.04423335	1.18565661
0.0440654	0.0368953
0.0440382	1.69880922
0.044	16.32272727
0.04395	0.018157
0.0439	0.45418091
0.04389	15.0
0.0438807	0.18467709
0.04379569	0.03975948
0.04371545	0.75077448
0.04369971	1.67950028
0.04369969	0.45652498
0.04365585	0.01254207
0.04802545	0.01490557
0.04802454	0.01490557
0.04802001	11.568
0.04802	1.98756107
0.04801999	0.02563364
0.048	7.79308616
0.04797346	0.01881311
0.04791999	0.01072807
0.0479	0.75178243
0.04788911	0.02082937
0.04781999	0.01072807
0.047777	0.04175649
0.04775985	61.045
0.04775984	115.68
0.04772	0.01052822
0.04771999	0.01072807
0.0477	3.0
0.04761999	0.01072807
0.0475659	5.55906488
0.04751999	0.01072807
0.0475	0.07679805
0.04749141	1.38972501
0.04742001	15.672
0.04741999	0.01072807
0.04740205	0.22521557
0.04740001	54.77231715
0.0474	0.25456843
0.04737933	0.29336804
0.04734394	5.0
0.04731999	0.01058741
0.04721999	0.01058741
0.04711999	0.01058741
0.04701999	0.01081933
0.04700005	115.68
0.047	2.12234043
0.04691999	0.01081933
0.0468705	7.5
0.04681999	0.01081933
0.04671999	0.01081933
0.04668041	0.2286593
0.04661999	0.01081933
0.04651999	0.01081933
0.04642	2.28722119
0.04641999	0.01081933
0.04640485	0.1030684
0.04631999	0.01081933
0.04622543	0.42523418
0.04621999	0.01081933
0.04612	4.08223737
0.04611999	0.01081933
0.04601999	0.01105444
0.046019	1.0
0.04600766	1.54890706
0.046	82.18396271
0.04585003	3.30104227
0.04585002	3.22426203
0.04585	2.82532835
0.04579429	0.0139968
0.0457	3.7
0.04569279	15.27746372
0.04566576	2.89216619
0.04566575	1.0
0.04566557	0.23374086
0.045583	0.03823882
0.04554	20.00037879
0.0455	0.02192308
0.04524615	0.26011943
0.04521243	0.15571261
0.0452	4.0
0.04512945	0.03858434
0.0451146	0.0360373
0.0451	0.01145223
0.04501969	0.044425
0.045008	4.43254533
0.045	18.76755902
0.04497786	0.20004801
0.044689	0.0363805
0.04468041	0.0389722
0.0446757	8.93102962
0.0446	2.23654709
0.0445	1.68117978
0.04435875	0.02248801
0.04432	1.83963217
0.04423584	0.03936387
0.04423335	1.18565661
0.0440654	0.0368953
0.0440382	1.69880922
0.044	16.32272727
0.04395	0.018157
0.0439	0.45418091
0.04389	15.0
0.0438807	0.18467709
0.04379569	0.03975948
0.04371545	0.75077448
0.04369972	1.75821356
0.04369969	0.45652498
0.04365585	0.01254207
0.04353846	0.03818056
0.04351843	0.36113419
0.04350001	6.32645983
0.0480656	25.623
0.04806559	10.33484911
0.04806556	127.248
0.04806545	0.51594579
0.04802546	1.97243123
0.04802545	0.01490557
0.04802454	0.01490557
0.04802	0.01490557
0.04801999	0.02563364
0.048	7.79308616
0.04797346	0.01881311
0.04791999	0.01072807
0.04790001	0.010521
0.0479	0.75178243
0.04788911	0.02082937
0.04781999	0.01072807
0.04777701	1.53589583
0.047777	0.04175649
0.04771999	0.01072807
0.04770003	27.817
0.04770001	0.01052426
0.0477	3.0
0.04761999	0.01072807
0.04756591	24.062
0.0475659	5.55906488
0.04752401	2.31461959
0.04751999	0.01072807
0.0475	0.07679805
0.04741999	0.01072807
0.04740205	0.22521557
0.04740001	54.77231715
0.0474	0.25456843
0.04737933	0.29336804
0.04734394	5.0
0.04731999	0.01058741
0.04721999	0.01058741
0.04711999	0.01058741
0.04701999	0.01081933
0.04700005	115.68
0.047	2.12234043
0.04691999	0.01081933
0.0468705	7.5
0.04681999	0.01081933
0.04671999	0.01081933
0.04668041	0.2286593
0.04661999	0.01081933
0.04651999	0.01081933
0.04642	2.28722119
0.04641999	0.01081933
0.04640485	0.1030684
0.04631999	0.01081933
0.04622543	0.42523418
0.04621999	0.01081933
0.04612	4.08223737
0.04611999	0.01081933
0.04601999	0.01105444
0.046019	1.0
0.04600766	1.54890706
0.046	82.18396271
0.04585003	3.30104227
0.04585002	3.22426203
0.04585	2.82532835
0.04579429	0.0139968
0.0457	3.7
0.04569279	15.27746372
0.04566576	2.89216619
0.04566575	1.0
0.04566557	0.23374086
0.045583	0.03823882
0.04554	20.00037879
0.0455	0.02192308
0.04524615	0.26011943
0.04521243	0.15571261
0.0452	4.0
0.04512945	0.03858434
0.0451146	0.0360373
0.0451	0.01145223
0.04501969	0.044425
0.045008	4.43254533
0.045	18.76755902
0.04497786	0.20004801
0.044689	0.0363805
0.04468041	0.0389722
0.0446757	8.93102962
0.0446	2.23654709
0.0445	1.68117978
0.04435875	0.02248801
0.04432	1.83963217
0.04423584	0.03936387
0.04423335	1.18565661
0.0440654	0.0368953
0.0440382	1.69880922
0.044	16.32272727
0.04395	0.018157
0.0439	0.45418091
0.04389	15.0
0.0438807	0.18467709
0.04379569	0.03975948
0.04371545	0.75077448
0.04369969	0.45652498
0.0480706	59.994
0.04807059	1.97057945
0.04807058	10.33103529
0.04807053	11.568
0.0480704	1.97058724
0.04807026	0.01488999
0.04806951	0.01489023
0.04806581	115.68
0.04806576	0.01489139
0.04806575	0.01489139
0.04806545	0.51594579
0.04801999	0.01072807
0.048	7.79308616
0.04797347	0.01052189
0.04797346	0.01881311
0.04791999	0.01072807
0.0479	0.75178243
0.04788912	1.37269687
0.04788911	0.02082937
0.04781999	0.01072807
0.04777701	0.9953035
0.047777	0.04175649
0.04771999	0.01072807
0.0477	3.0
0.04768261	5.0
0.04761999	0.01072807
0.0475659	5.55906488
0.04751999	0.01072807
0.0475	0.07679805
0.04742	54.86823121
0.04741999	0.01072807
0.04740205	0.22521557
0.0474	0.25456843
0.04737933	0.29336804
0.04731999	0.01058741
0.04721999	0.01058741
0.04720578	5.25738236
0.04711999	0.01058741
0.04701999	0.01081933
0.04700005	115.68
0.047	2.12234043
0.04691999	0.01081933
0.04681999	0.01081933
0.04671999	0.01081933
0.04668041	0.2286593
0.04661999	0.01081933
0.04652	2.28230454
0.04651999	0.01081933
0.04641999	0.01081933
0.04640485	0.1030684
0.04631999	0.01081933
0.04622543	0.42523418
0.04621999	0.01081933
0.04612	4.08223737
0.04611999	0.01081933
0.04602	3.21235285
0.04601999	0.01105444
0.046019	1.0
0.04600766	1.54890706
0.046	82.18396271
0.04585003	3.30104227
0.04585	2.82532835
0.04579429	0.0139968
0.04570001	2.88999865
0.0457	3.7
0.04569279	15.27746372
0.04566575	1.0
0.04566557	0.23374086
0.045583	0.03823882
0.04554	20.00037879
0.0455	0.02192308
0.04524615	0.26011943
0.04521243	0.15571261
0.0452	4.0
0.04512945	0.03858434
0.0451146	0.0360373
0.0451	0.01145223
0.04501969	0.044425
0.045008	4.43254533
0.045	18.76755902
0.04497786	0.20004801
0.044689	0.0363805
0.04468041	0.0389722
0.0446757	8.93102962
0.0446	2.23654709
0.0445	1.68117978
0.04435875	0.02248801
0.04423584	0.03936387
0.04423335	1.18565661
0.0440654	0.0368953
0.0440382	1.69880922
0.044	16.32272727
0.04395	0.018157
0.0439	0.45418091
0.04389	15.0
0.0438807	0.18467709
0.04379569	0.03975948
0.04371545	0.75077448
0.04369969	0.45652498
0.04365585	0.01254207
0.04807878	0.01485607
0.04807512	11.568
0.04807061	115.68
0.04806545	0.51594579
0.04801999	0.01072807
0.048	7.79308616
0.04797346	0.01881311
0.04794249	64.218
0.04791999	0.01072807
0.0479	0.75178243
0.04788911	0.02082937
0.04781999	0.01072807
0.047777	0.04175649
0.04771999	0.01072807
0.04770001	11.985
0.0477	3.0
0.04761999	0.01072807
0.04751999	0.01072807
0.0475	0.07679805
0.04742	54.85763992
0.04741999	0.01072807
0.04740205	0.22521557
0.0474	0.25456843
0.04737933	0.29336804
0.04731999	0.01058741
0.04721999	0.01058741
0.04711999	0.01058741
0.04701999	0.01081933
0.04700005	115.68
0.047	2.12234043
0.04691999	0.01081933
0.04681999	0.01081933
0.04671999	0.01081933
0.04668041	0.2286593
0.04661999	0.01081933
0.04652	2.28230454
0.04651999	0.01081933
0.04641999	0.01081933
0.04640485	0.1030684
0.04631999	0.01081933
0.04622543	0.42523418
0.04621999	0.01081933
0.04612	4.08223737
0.04611999	0.01081933
0.04602	3.21235285
0.04601999	0.01105444
0.046019	1.0
0.04600766	1.54890706
0.046	82.18396271
0.04585001	3.30104371
0.04585	2.82532835
0.04579429	0.0139968
0.04570001	2.88999865
0.0457	3.7
0.04569279	15.27746372
0.04566575	1.0
0.04566557	0.23374086
0.045583	0.03823882
0.04554	20.00037879
0.0455	0.02192308
0.04524615	0.26011943
0.04521243	0.15571261
0.0452	4.0
0.04512945	0.03858434
0.0451146	0.0360373
0.0451	0.01145223
0.04501969	0.044425
0.045008	4.43254533
0.045	18.76755902
0.04497786	0.20004801
0.044689	0.0363805
0.04468041	0.0389722
0.0446757	8.93102962
0.0446	2.23654709
0.0445	1.68117978
0.04435875	0.02248801
0.04423584	0.03936387
0.04423335	1.18565661
0.0440654	0.0368953
0.0440382	1.69880922
0.044	16.32272727
0.04395	0.018157
0.0439	0.45418091
0.04389	15.0
0.0438807	0.18467709
0.04379569	0.03975948
0.04371545	0.75077448
0.04369969	0.45652498
0.04365585	0.01254207
0.04353846	0.03818056
0.04351848	1.96351341
0.04351843	0.36113419
0.04350001	8.28427603
0.0435	11.8099533
0.04335992	0.04015906
0.0432606	0.0375818
0.04323166	0.01676676
0.0432	1.73927125
0.04317746	0.01676676
0.04303	0.5
0.04808405	0.01488572
0.04808333	0.01488595
0.04807977	42.635
0.04807976	127.248
0.04807975	0.39007827
0.04807972	0.01488707
0.04807971	0.01488707
0.04807968	1.97020689
0.04801999	0.01072807
0.048	7.79308616
0.04797346	0.01881311
0.04791999	0.01072807
0.0479	0.75178243
0.04788911	0.02082937
0.04781999	0.01072807
0.047777	0.04175649
0.04771999	0.01072807
0.0477	3.0
0.04767488	2.44524476
0.04761999	0.01072807
0.04751999	0.01072807
0.0475	0.07679805
0.04742005	32.049
0.04742004	54.85250553
0.04741999	0.01072807
0.04740205	0.22521557
0.0474	0.25456843
0.04737933	0.29336804
0.04731999	0.01058741
0.04722	0.01076079
0.04721999	0.01058741
0.04711999	0.01058741
0.04701999	0.01081933
0.04700005	115.68
0.047	2.12234043
0.04691999	0.01081933
0.04682	1.81080738
0.04681999	0.01081933
0.04671999	0.01081933
0.04668041	0.2286593
0.04661999	0.01081933
0.04652	2.28230454
0.04651999	0.01081933
0.04641999	0.01081933
0.04640485	0.1030684
0.04631999	0.01081933
0.04622543	0.42523418
0.04621999	0.01081933
0.04612	4.08223737
0.04611999	0.01081933
0.04602	3.21235285
0.04601999	0.01105444
0.046019	1.0
0.04600766	1.54890706
0.046	82.18396271
0.04585001	3.30104371
0.04585	2.82532835
0.04579429	0.0139968
0.04570001	2.88999865
0.0457	3.7
0.04569279	15.27746372
0.04566575	1.0
0.04566557	0.23374086
0.045583	0.03823882
0.04554	20.00037879
0.0455	0.02192308
0.04524615	0.26011943
0.04521243	0.15571261
0.0452	4.0
0.04512945	0.03858434
0.0451146	0.0360373
0.0451	0.01145223
0.04501969	0.044425
0.045008	4.43254533
0.045	18.76755902
0.04497786	0.20004801
0.044689	0.0363805
0.04468041	0.0389722
0.0446757	8.93102962
0.0446	2.23654709
0.0445	1.68117978
0.04435875	0.02248801
0.04423584	0.03936387
0.04423335	1.18565661
0.0440654	0.0368953
0.0440382	1.69880922
0.044	16.32272727
0.04395	0.018157
0.0439	0.45418091
0.04389	15.0
0.0438807	0.18467709
0.04379569	0.03975948
0.04371545	0.75077448
0.04369969	0.45652498
0.04365585	0.01254207
0.04353846	0.03818056
0.0435185	1.91914399
0.04351843	0.36113419
0.0435	11.8099533
0.04335992	0.04015906
0.04812002	14.114
0.04812001	7.3192
0.04812	0.5153609
0.04808853	0.01488566
0.04808781	0.01488566
0.0480844	127.248
0.04808433	0.50892707
0.0480843	0.40785534
0.04808428	0.56333191
0.04808425	0.01488566
0.04808424	0.01488566
0.04808423	0.43979735
0.04801999	0.01072807
0.048	7.79308616
0.04797346	0.01881311
0.04791999	0.01072807
0.0479	0.75178243
0.04788911	0.02082937
0.04781999	0.01072807
0.047777	0.04175649
0.04771999	0.01072807
0.04770001	63.522
0.0477	3.0
0.04761999	0.01072807
0.04752	54.84731507
0.04751999	0.01072807
0.0475	0.07679805
0.04741999	0.01072807
0.04740205	0.22521557
0.0474	0.25456843
0.04737933	0.29336804
0.04731999	0.01058741
0.04721999	0.01058741
0.04712	0.01074345
0.04711999	0.01058741
0.04701999	0.01081933
0.04700005	115.68
0.047	2.12234043
0.04691999	0.01081933
0.04681999	0.01081933
0.04671999	0.01081933
0.04668041	0.2286593
0.04661999	0.01081933
0.04652	2.28230454
0.04651999	0.01081933
0.04641999	0.01081933
0.04640485	0.1030684
0.04631999	0.01081933
0.04622543	0.42523418
0.04621999	0.01081933
0.04612	4.08223737
0.04611999	0.01081933
0.04602	3.21235285
0.04601999	0.01105444
0.046019	1.0
0.04600766	1.54890706
0.046	82.18396271
0.04585001	3.30104371
0.04585	2.82532835
0.04579429	0.0139968
0.04570001	2.88999865
0.0457	3.7
0.04569279	15.27746372
0.04566575	1.0
0.04566557	0.23374086
0.045583	0.03823882
0.04554	20.00037879
0.0455	0.02192308
0.04524615	0.26011943
0.04521243	0.15571261
0.0452	4.0
0.04512945	0.03858434
0.0451146	0.0360373
0.0451	0.01145223
0.04501969	0.044425
0.045008	4.43254533
0.045	18.76755902
0.04497786	0.20004801
0.044689	0.0363805
0.04468041	0.0389722
0.0446757	8.93102962
0.0446	2.23654709
0.0445	1.68117978
0.04435875	0.02248801
0.04423584	0.03936387
0.04423335	1.18565661
0.0440654	0.0368953
0.0440382	1.69880922
0.044	16.32272727
0.04395	0.018157
0.0439	0.45418091
0.04389	15.0
0.0438807	0.18467709
0.04379569	0.03975948
0.04371545	0.75077448
0.04369969	0.45652498
0.04365585	0.01254207
0.04353846	0.03818056
0.04351852	2.13173429
0.04351843	0.36113419
0.04812426	0.28162971
0.04812424	0.01487329
0.04812357	0.0148735
0.04812021	0.01487454
0.0481202	0.01487454
0.04812019	127.248
0.04812013	0.32950795
0.04812	0.5153609
0.04808433	0.50892707
0.0480843	0.40785534
0.04808428	0.56333191
0.04801999	0.01072807
0.048	7.79308616
0.04797346	0.01881311
0.04791999	0.01072807
0.0479	0.75178243
0.04788911	0.02082937
0.04781999	0.01072807
0.047777	0.04175649
0.04771999	0.01072807
0.04770002	69.697
0.0477	3.0
0.04767488	2.44595284
0.04761999	0.01072807
0.04751999	0.01072807
0.0475	0.07679805
0.04742	54.80617977
0.04741999	0.01072807
0.04740205	0.22521557
0.0474	0.25456843
0.04737933	0.29336804
0.04731999	0.01058741
0.04721999	0.01058741
0.04717504	1.39904492
0.04711999	0.01058741
0.04701999	0.01081933
0.04700005	115.68
0.047	2.12234043
0.04691999	0.01081933
0.04681999	0.01081933
0.04671999	0.01081933
0.04668041	0.2286593
0.04661999	0.01081933
0.04652	2.28230454
0.04651999	0.01081933
0.04641999	0.01081933
0.04640485	0.1030684
0.04631999	0.01081933
0.04622543	0.42523418
0.04621999	0.01081933
0.04612	4.08223737
0.04611999	0.01081933
0.04602	3.21235285
0.04601999	0.01105444
0.046019	1.0
0.04600766	1.54890706
0.046	82.18396271
0.04585001	3.30104371
0.04585	2.82532835
0.04579429	0.0139968
0.04570001	2.88999865
0.0457	3.7
0.04569279	15.27746372
0.04566575	1.0
0.04566557	0.23374086
0.045583	0.03823882
0.04554	20.00037879
0.0455	0.02192308
0.04524615	0.26011943
0.04521243	0.15571261
0.0452	4.0
0.04512945	0.03858434
0.0451146	0.0360373
0.0451	0.01145223
0.04501969	0.044425
0.045008	4.43254533
0.045	18.76755902
0.04497786	0.20004801
0.044689	0.0363805
0.04468041	0.0389722
0.0446757	8.93102962
0.0446	2.23654709
0.0445	1.68117978
0.04435875	0.02248801
0.04423584	0.03936387
0.04423335	1.18565661
0.0440654	0.0368953
0.0440382	1.69880922
0.044	16.32272727
0.04395	0.018157
0.0439	0.45418091
0.04389	15.0
0.0438807	0.18467709
0.04379569	0.03975948
0.04371545	0.75077448
0.04369969	0.45652498
0.04365585	0.01254207
0.04353846	0.03818056
0.04351854	1.16683453
0.04351843	0.36113419
0.0481283	12.40019599
0.04812829	0.43713623
0.04812825	0.01487328
0.04812759	0.01487328
0.04812427	0.01487328
0.04812426	0.01487328
0.04812024	0.31948597
0.0481202	10.47792447
0.04812019	115.68
0.04812	0.5153609
0.0480843	0.40785534
0.04801999	0.01072807
0.048	7.79308616
0.04797346	0.01881311
0.04791999	0.01072807
0.0479	0.75178243
0.04788911	0.02082937
0.04781999	0.01072807
0.04780669	67.258
0.047777	0.04175649
0.04771999	0.01072807
0.0477	3.0
0.04761999	0.01072807
0.04751999	0.01072807
0.0475	0.07679805
0.04746809	5.0
0.04742003	9.784
0.04742002	54.80157883
0.04741999	0.01072807
0.04740205	0.22521557
0.0474	0.25456843
0.04737933	0.29336804
0.04731999	0.01058741
0.04721999	0.01058741
0.04711999	0.01058741
0.04701999	0.01081933
0.04700005	115.68
0.047	2.12234043
0.04691999	0.01081933
0.04681999	0.01081933
0.04671999	0.01081933
0.04668041	0.2286593
0.04661999	0.01081933
0.04651999	0.01081933
0.04641999	0.01081933
0.04640485	0.1030684
0.04632	2.29215906
0.04631999	0.01081933
0.04622543	0.42523418
0.04621999	0.01081933
0.04612	4.08223737
0.04611999	0.01081933
0.04601999	0.01105444
0.046019	1.0
0.04600766	1.54890706
0.046	82.18396271
0.04585001	3.30104371
0.04585	2.82532835
0.0457943	3.22818513
0.04579429	0.0139968
0.0457	3.7
0.04569279	15.27746372
0.04566575	1.0
0.04566557	0.23374086
0.04558301	2.89741654
0.045583	0.03823882
0.04554	20.00037879
0.0455	0.02192308
0.04524615	0.26011943
0.04521243	0.15571261
0.0452	4.0
0.04512945	0.03858434
0.0451146	0.0360373
0.0451	0.01145223
0.04501969	0.044425
0.045008	4.43254533
0.045	18.76755902
0.04497786	0.20004801
0.044689	0.0363805
0.04468041	0.0389722
0.0446757	8.93102962
0.0446	2.23654709
0.0445	1.68117978
0.04435875	0.02248801
0.04423584	0.03936387
0.04423335	1.18565661
0.0440654	0.0368953
0.0440382	1.69880922
0.044	16.32272727
0.04395	0.018157
0.0439	0.45418091
0.04389	15.0
0.0438807	0.18467709
0.04379569	0.03975948
0.04371545	0.75077448
0.04369969	0.45652498
0.04365585	0.01254207
0.04353846	0.03818056
0.04351855	1.6328036
0.04351843	0.36113419
0.04813271	23.574
0.0481327	7.1659
0.04813269	10.3021603
0.04813267	127.248
0.04813265	0.41690582
0.04813262	0.83219599
0.04813259	0.50577365
0.04813237	6.75695299
0.04813172	0.01487098
0.04812844	0.014872
0.04812843	0.014872
0.0481284	0.43972185
0.0481202	10.47792447
0.0480843	0.40785534
0.04801999	0.01072807
0.048	7.79308616
0.04797346	0.01881311
0.04791999	0.01072807
0.0479	0.75178243
0.04788911	0.02082937
0.04781999	0.01072807
0.047777	0.04175649
0.04771999	0.01072807
0.04770001	51.266
0.0477	3.0
0.04761999	0.01072807
0.04751999	0.01072807
0.04751003	0.01052409
0.0475	0.07679805
0.04741999	0.01072807
0.04740205	0.22521557
0.0474	0.25456843
0.04737933	0.29336804
0.04731999	0.01058741
0.04721999	0.01058741
0.04711999	0.01058741
0.04701999	0.01081933
0.04700005	115.68
0.047	2.12234043
0.04691999	0.01081933
0.04681999	0.01081933
0.04671999	0.01081933
0.04668041	0.2286593
0.04661999	0.01081933
0.04651999	0.01081933
0.04641999	0.01081933
0.04640485	0.1030684
0.04632	2.29215906
0.04631999	0.01081933
0.04622543	0.42523418
0.04621999	0.01081933
0.04612	4.08223737
0.04611999	0.01081933
0.04602	3.28885021
0.04601999	0.01105444
0.046019	1.0
0.04600766	1.54890706
0.046	82.18396271
0.04585	2.82532835
0.0457943	3.22818513
0.04579429	0.0139968
0.0457	3.7
0.04569279	15.27746372
0.04566575	1.0
0.04566557	0.23374086
0.04558301	2.89741654
0.045583	0.03823882
0.04554	20.00037879
0.0455	0.02192308
0.04524615	0.26011943
0.04521243	0.15571261
0.0452	4.0
0.04512945	0.03858434
0.0451146	0.0360373
0.0451	0.01145223
0.04501969	0.044425
0.045008	4.43254533
0.045	18.76755902
0.04497786	0.20004801
0.044689	0.0363805
0.04468041	0.0389722
0.0446757	8.93102962
0.0446	2.23654709
0.0445	1.68117978
0.04435875	0.02248801
0.04423584	0.03936387
0.04423335	1.18565661
0.0440654	0.0368953
0.0440382	1.69880922
0.044	16.32272727
0.04395	0.018157
0.0439	0.45418091
0.04389	15.0
0.0438807	0.18467709
0.04379569	0.03975948
0.04371545	0.75077448
0.04369969	0.45652498
0.04365585	0.01254207
0.04353846	0.03818056
0.04351843	0.36113419
0.04823603	0.01483983
0.04823548	0.01483983
0.04823273	0.01483983
0.04823272	0.83219599
0.04823271	0.51415661
0.04813237	6.74208221
0.0481202	10.47792447
0.0480843	0.40785534
0.04801999	0.01072807
0.04800002	35.256
0.048	7.79308616
0.04797346	0.01881311
0.04791999	0.01072807
0.0479	0.75178243
0.04788911	0.02082937
0.04781999	0.01072807
0.04781627	5.0
0.047777	0.04175649
0.04771999	0.01072807
0.04770001	39.624
0.0477	3.0
0.04767028	11.568
0.04761999	0.01072807
0.04752	54.79308506
0.04751999	0.01072807
0.0475	0.07679805
0.04741999	0.01072807
0.04740205	0.22521557
0.0474	0.25456843
0.04738985	115.68
0.04737933	0.29336804
0.04731999	0.01058741
0.04721999	0.01058741
0.04711999	0.01058741
0.04701999	0.01081933
0.047	2.12234043
0.04691999	0.01081933
0.04681999	0.01081933
0.04671999	0.01081933
0.04668041	0.2286593
0.04661999	0.01081933
0.04656833	115.68
0.04651999	0.01081933
0.04641999	0.01081933
0.04640485	0.1030684
0.04632	2.29215906
0.04631999	0.01081933
0.04622543	0.42523418
0.04621999	0.01081933
0.04612	4.08223737
0.04611999	0.01081933
0.04602	3.28885021
0.04601999	0.01105444
0.046019	1.0
0.04600766	1.54890706
0.046	82.18396271
0.04585	2.82532835
0.0457943	3.22818513
0.04579429	0.0139968
0.0457	3.7
0.04569279	15.27746372
0.04566575	1.0
0.04566557	0.23374086
0.04558301	2.89741654
0.045583	0.03823882
0.04554	20.00037879
0.0455	0.02192308
0.04524615	0.26011943
0.04521243	0.15571261
0.0452	4.0
0.04512945	0.03858434
0.0451146	0.0360373
0.0451	0.01145223
0.04501969	0.044425
0.045008	4.43254533
0.045	18.76755902
0.04497786	0.20004801
0.044689	0.0363805
0.04468041	0.0389722
0.0446757	8.93102962
0.0446	2.23654709
0.0445	1.68117978
0.04435875	0.02248801
0.04423584	0.03936387
0.04423335	1.18565661
0.0440654	0.0368953
0.0440382	1.69880922
0.044	16.32272727
0.04395	0.018157
0.0439	0.45418091
0.04389	15.0
0.0438807	0.18467709
0.04379569	0.03975948
0.04371545	0.75077448
0.04369969	0.45652498
0.04365585	0.01254207
0.04353846	0.03818056
0.04351845	1.6280286
0.04351843	0.36113419
0.04350001	4.38774658
