0.00017033	34871.773
0.00017032	1971.22691083
0.00017013	1218.561725
0.00017002	7443.611
0.00017	12782.7534775
0.00016989	75.75686341
0.00016976	1125.18099891
0.00016974	2312.45728393
0.00016972	25.0
0.0001697	1041.76203922
0.00016969	17259.3085002
0.00016968	33956.936
0.00016967	6400.0
0.00016964	5.7320797
0.00016952	1000.23981577
0.00016951	200.0
0.0001695	49.67697124
0.00016941	294.40410838
0.00016911	11.56907708
0.0001691	200.0
0.00016909	11.02253237
0.00016908	8.84936125
0.00016907	293.88368393
0.00016905	58583.9571
0.00016901	150.0
0.000169	1270.08758728
0.00016896	5.75514915
0.00016885	590.7610305
0.00016884	13.32570934
0.00016873	311.3237523
0.00016871	591.37134269
0.00016863	1000.0
0.0001686	9478.25982662
0.00016854	2.96649027
0.0001685	205.52460401
0.00016828	5.77840504
0.000168	2717.34388125
0.00016785	5638.98897096
0.00016784	3091.07521553
0.0001677	124.0
0.0001676	5.80184964
0.00016759	384.2352263
0.0001675	49155.6121801
0.00016745	13.43659865
0.00016717	7463.73303598
0.00016706	2.9927602
0.00016705	358.27596528
0.00016703	200.0
0.000167	6316.0629689
0.00016696	63.29402252
0.00016692	5.82548526
0.00016685	590.7610305
0.00016664	153.89711819
0.00016652	62.22166827
0.0001665	500.0
0.00016624	5.84931424
0.00016609	3.07219639
0.00016605	13.54934897
0.00016602	1956.33778763
0.00016601	505.05201765
0.000166	3100.0
0.0001658	663.32143652
0.00016574	138.2989755
0.00016565	3493.31804362
0.00016563	500.0
0.0001656	590.7610305
0.00016559	6.09169595
0.00016556	5.87333897
0.0001655	188.82078308
0.00016518	440.83726843
0.00016509	2003.13853415
0.00016508	2500.0
0.00016506	2950.13604637
0.00016504	1208.79786718
0.00016501	1375.518043
0.000165	41582.3766534
0.00016488	5.89756186
0.00016486	302.5294189
0.00016466	13.66400754
0.00016465	400.0
0.00016459	3.13853415
0.0001644	6.0
0.00016427	65.82989925
0.00016424	1000.0
0.0001642	58.05138398
0.00016411	3.04672105
0.00016409	3.13853415
0.000164	69883.0514168
0.00016381	1073.37309615
0.0001638	4511.05399038
0.00016375	121.83206107
0.00016372	902.80774905
0.00016364	4.0
0.00016362	4.35090942
0.0001636	15.0
0.00016359	3.13853415
0.00016352	5.94661204
0.0001634	6.0
0.0001633	1000.0
0.00016327	13.78062323
0.00017034	286.24754007
0.00017033	2.97324947
0.00017032	1971.22691083
0.00017014	6876.788
0.00017013	1218.561725
0.00017011	1134.74298482
0.00017007	15345.468
0.00017	12782.7534775
0.0001699	2.94290759
0.00016989	75.75686341
0.00016977	62244.237
0.00016976	1125.18099891
0.00016975	998.88455711
0.00016974	2312.45728393
0.00016972	25.0
0.0001697	1041.76203922
0.00016969	17259.3085002
0.00016967	6400.0
0.00016964	5.7320797
0.00016951	200.0
0.0001695	49.67697124
0.00016941	294.40410838
0.00016911	11.56907708
0.0001691	200.0
0.00016909	11.02253237
0.00016908	8.84936125
0.00016907	293.88368393
0.00016905	58583.9571
0.00016901	150.0
0.000169	1277.17042752
0.00016896	5.75514915
0.00016885	590.7610305
0.00016884	13.32570934
0.00016873	311.3237523
0.00016871	591.37134269
0.00016863	1000.0
0.0001686	9478.25982662
0.00016854	2.96649027
0.0001685	205.52460401
0.00016828	5.77840504
0.000168	2710.21888125
0.00016785	5638.98897096
0.00016784	3091.07521553
0.0001677	124.0
0.0001676	5.80184964
0.00016759	384.2352263
0.0001675	49155.6121801
0.00016745	13.43659865
0.00016717	7463.73303598
0.00016706	2.9927602
0.00016705	358.27596528
0.00016703	200.0
0.000167	6316.0629689
0.00016696	63.29402252
0.00016692	5.82548526
0.00016685	590.7610305
0.0001668	1020.0
0.00016664	153.89711819
0.00016652	2012.68527326
0.0001665	500.0
0.00016624	5.84931424
0.00016609	3.07219639
0.00016605	13.54934897
0.00016601	505.05201765
0.000166	3100.0
0.0001658	663.32143652
0.00016574	138.2989755
0.00016565	3493.31804362
0.00016563	500.0
0.0001656	590.7610305
0.00016559	6.09169595
0.00016556	5.87333897
0.0001655	188.82078308
0.00016518	440.83726843
0.00016509	2003.13853415
0.00016508	2500.0
0.00016506	2950.13604637
0.00016504	1208.79786718
0.000165	41582.3766534
0.00016488	5.89756186
0.00016486	302.5294189
0.00016466	13.66400754
0.00016465	400.0
0.00016459	3.13853415
0.0001644	6.0
0.00016427	65.82989925
0.00016424	1000.0
0.0001642	58.05138398
0.00016411	3.04672105
0.00016409	3.13853415
0.000164	69883.0514168
0.00016381	1073.37309615
0.0001638	4511.05399038
0.00016375	121.83206107
0.00016372	902.80774905
0.00016364	4.0
0.00016362	4.35090942
0.0001636	15.0
0.00016359	3.13853415
0.00016352	5.94661204
0.000171	255.83586597
0.00017083	5.57566001
0.00017035	11569.672
0.00017033	2.97324947
0.00017032	1971.22691083
0.00017014	5.59827201
0.00017013	1218.561725
0.00017001	65268.677
0.00017	12782.7534775
0.00016989	75.75686341
0.00016977	68177.90674
0.00016976	1125.18099891
0.00016974	2312.45728393
0.00016972	25.0
0.0001697	1041.76203922
0.00016969	17259.3085002
0.00016967	6400.0
0.00016951	200.0
0.0001695	49.67697124
0.00016945	5.62106816
0.00016941	294.40410838
0.00016911	11.56907708
0.0001691	200.0
0.00016909	11.02253237
0.00016908	8.84936125
0.00016907	293.88368393
0.00016901	150.0
0.000169	1277.17042752
0.00016885	590.7610305
0.00016884	13.32570934
0.00016876	5.64405072
0.00016873	311.3237523
0.00016871	591.37134269
0.00016863	1000.0
0.0001686	9478.25982662
0.00016854	2.96649027
0.0001685	205.52460401
0.00016807	5.66722199
0.000168	2710.21888125
0.00016785	5638.98897096
0.00016784	3091.07521553
0.0001677	124.0
0.00016759	384.2352263
0.0001675	49155.6121801
0.00016745	13.43659865
0.00016738	5.6905843
0.00016717	7463.73303598
0.00016706	2.9927602
0.00016705	358.27596528
0.00016703	200.0
0.000167	6316.0629689
0.00016696	63.29402252
0.00016685	590.7610305
0.0001668	1020.0
0.00016669	5.71414002
0.00016664	153.89711819
0.00016652	2012.68527326
0.0001665	500.0
0.00016609	3.07219639
0.00016605	13.54934897
0.00016601	505.05201765
0.000166	3105.73789157
0.0001658	663.32143652
0.00016574	138.2989755
0.00016565	3493.31804362
0.00016563	500.0
0.0001656	590.7610305
0.00016559	6.09169595
0.0001655	188.82078308
0.00016531	5.76184139
0.00016518	440.83726843
0.00016509	2003.13853415
0.00016508	2500.0
0.00016506	2950.13604637
0.00016504	1208.79786718
0.000165	41582.3766534
0.00016486	302.5294189
0.00016466	13.66400754
0.00016465	400.0
0.00016462	5.78599198
0.00016459	3.13853415
0.0001644	6.0
0.00016427	65.82989925
0.00016424	1000.0
0.0001642	52.1293986
0.00016411	3.04672105
0.00016409	3.13853415
0.000164	69883.0514168
0.00016394	1072.52194022
0.00016393	5.81034588
0.0001638	4511.05399038
0.00016375	121.83206107
0.00016372	902.80774905
0.00016364	4.0
0.00016362	4.35090942
0.0001636	15.0
0.00016359	3.13853415
0.0001634	6.0
0.00016331	313.35400273
0.0001633	1000.0
0.000171	3067.82669097
0.00017083	5.57566001
0.0001705	7.02052786
0.00017038	12.03182416
0.00017037	6959.066
0.00017034	400.0
0.00017033	995.48320067
0.00017032	1971.22691083
0.00017014	505.59827201
0.00017013	1218.561725
0.00017002	61359.424
0.00017	12782.7534775
0.00016989	75.75686341
0.00016977	76684.89774
0.00016976	1125.18099891
0.00016974	2312.45728393
0.00016972	25.0
0.0001697	1041.76203922
0.00016969	17259.3085002
0.00016967	6400.0
0.00016951	200.0
0.0001695	49.67697124
0.00016945	5.62106816
0.00016941	294.40410838
0.00016911	11.56907708
0.0001691	200.0
0.00016909	11.02253237
0.00016908	8.84936125
0.00016907	293.88368393
0.00016901	150.0
0.000169	1277.17042752
0.00016885	590.7610305
0.00016884	13.32570934
0.00016876	5.64405072
0.00016873	311.3237523
0.00016871	591.37134269
0.00016863	1000.0
0.0001686	9478.25982662
0.00016854	2.96649027
0.0001685	205.52460401
0.00016807	5.66722199
0.000168	2710.21888125
0.00016785	5638.98897096
0.00016784	3091.07521553
0.0001677	124.0
0.00016759	384.2352263
0.0001675	49155.6121801
0.00016745	13.43659865
0.00016738	5.6905843
0.00016717	7463.73303598
0.00016706	2.9927602
0.00016705	358.27596528
0.00016703	200.0
0.000167	6316.0629689
0.00016696	63.29402252
0.00016685	590.7610305
0.0001668	1020.0
0.00016669	5.71414002
0.00016664	153.89711819
0.00016652	2012.68527326
0.0001665	500.0
0.00016609	3.07219639
0.00016605	13.54934897
0.00016601	505.05201765
0.000166	3105.73789157
0.0001658	663.32143652
0.00016574	138.2989755
0.00016565	3493.31804362
0.00016563	500.0
0.0001656	590.7610305
0.00016559	6.09169595
0.0001655	188.82078308
0.00016531	5.76184139
0.00016518	440.83726843
0.00016509	2003.13853415
0.00016508	2500.0
0.00016506	2950.13604637
0.00016504	1208.79786718
0.000165	41575.1221079
0.00016486	302.5294189
0.00016466	13.66400754
0.00016465	400.0
0.00016462	5.78599198
0.00016459	3.13853415
0.0001644	6.0
0.00016427	65.82989925
0.00016424	1000.0
0.0001642	52.1293986
0.00016411	3.04672105
0.00016409	3.13853415
0.000164	69883.0514168
0.00016394	1072.52194022
0.00016393	5.81034588
0.0001638	4511.05399038
0.00016375	121.83206107
0.00016372	902.80774905
0.00016364	4.0
0.00016362	4.35090942
0.0001636	255.87733292
0.00016359	3.13853415
0.000171	3168.1967743
0.0001709	7.00409596
0.00017083	5.57566001
0.0001708	7303.17
0.0001707	8846.138
0.00017039	995.13265784
0.00017038	12.03182416
0.00017034	400.0
0.00017032	155.67184302
0.00017015	600.0
0.00017014	505.59827201
0.00017013	1218.561725
0.00017001	45.22580863
0.00017	12782.7534775
0.00016989	75.75686341
0.0001698	57806.775
0.00016977	68247.90674
0.00016976	1125.18099891
0.00016974	2312.45728393
0.00016972	25.0
0.0001697	1041.76203922
0.00016969	17259.3085002
0.00016967	6400.0
0.00016951	200.0
0.0001695	49.67697124
0.00016945	5.62106816
0.00016941	294.40410838
0.00016911	11.56907708
0.0001691	200.0
0.00016909	11.02253237
0.00016908	8.84936125
0.00016907	293.88368393
0.00016901	150.0
0.000169	1277.17042752
0.00016885	590.7610305
0.00016884	13.32570934
0.00016876	5.64405072
0.00016873	311.3237523
0.00016871	591.37134269
0.00016863	1000.0
0.0001686	9478.25982662
0.00016854	2.96649027
0.0001685	205.52460401
0.00016807	5.66722199
0.000168	2710.21888125
0.00016785	5638.98897096
0.00016784	3091.07521553
0.0001677	124.0
0.00016759	384.2352263
0.0001675	49155.6121801
0.00016745	13.43659865
0.00016738	5.6905843
0.00016717	7833.03454131
0.00016706	2.9927602
0.00016705	358.27596528
0.00016703	200.0
0.000167	6316.0629689
0.00016696	63.29402252
0.00016687	1946.37262242
0.00016685	590.7610305
0.0001668	1020.0
0.00016669	5.71414002
0.00016664	153.89711819
0.00016652	62.22166827
0.0001665	500.0
0.00016609	3.07219639
0.00016605	13.54934897
0.00016601	505.05201765
0.000166	3105.73789157
0.0001658	663.32143652
0.00016574	138.2989755
0.00016565	3493.31804362
0.00016563	500.0
0.0001656	590.7610305
0.00016559	6.09169595
0.0001655	188.82078308
0.00016531	5.76184139
0.00016518	440.83726843
0.00016509	2003.13853415
0.00016508	2500.0
0.00016506	2950.13604637
0.00016504	1208.79786718
0.000165	41575.1221079
0.00016486	302.5294189
0.00016466	13.66400754
0.00016465	400.0
0.00016462	5.78599198
0.00016459	3.13853415
0.0001644	6.0
0.00016427	65.82989925
0.00016424	1000.0
0.0001642	52.1293986
0.00016411	3.04672105
0.00016409	3.13853415
0.000164	69883.0514168
0.00016394	1072.52194022
0.00016393	5.81034588
0.0001638	4511.05399038
0.00016375	121.83206107
0.00016372	902.80774905
0.0001709	7.00409596
0.00017083	5.57566001
0.00017041	228.3938422
0.00017038	12.03182416
0.00017034	400.0
0.00017032	155.67184302
0.00017015	600.0
0.00017014	505.59827201
0.00017013	1218.561725
0.0001701	1134.87645259
0.00017008	37066.224
0.00017002	997.29828002
0.00017001	45.22580863
0.00017	12782.7534775
0.00016989	75.75686341
0.00016979	21543.696
0.00016978	18515.399
0.00016977	68247.90674
0.00016976	1125.18099891
0.00016974	2312.45728393
0.00016972	25.0
0.0001697	1041.76203922
0.00016969	17259.3085002
0.00016967	6400.0
0.00016951	200.0
0.0001695	49.67697124
0.00016945	5.62106816
0.00016941	294.40410838
0.00016911	11.56907708
0.0001691	1018.64125979
0.00016909	11.02253237
0.00016908	8.84936125
0.00016907	293.88368393
0.00016901	150.0
0.000169	1277.17042752
0.00016885	590.7610305
0.00016884	13.32570934
0.00016876	5.64405072
0.00016873	311.3237523
0.00016871	591.37134269
0.00016863	1000.0
0.0001686	9478.25982662
0.00016854	2.96649027
0.0001685	205.52460401
0.00016807	5.66722199
0.000168	2710.21888125
0.00016785	5638.98897096
0.00016784	3091.07521553
0.0001677	124.0
0.00016759	384.2352263
0.0001675	49155.6121801
0.00016745	13.43659865
0.00016738	5.6905843
0.00016717	8263.73303598
0.00016706	2.9927602
0.00016705	358.27596528
0.00016703	200.0
0.000167	6316.0629689
0.00016696	63.29402252
0.00016685	590.7610305
0.0001668	1020.0
0.00016669	5.71414002
0.00016664	153.89711819
0.00016652	62.22166827
0.0001665	500.0
0.00016609	3.07219639
0.00016605	13.54934897
0.00016603	1956.21995726
0.00016601	505.05201765
0.000166	3105.73789157
0.0001658	663.32143652
0.00016574	138.2989755
0.00016565	3493.31804362
0.00016563	500.0
0.0001656	590.7610305
0.00016559	6.09169595
0.0001655	188.82078308
0.00016531	5.76184139
0.00016518	440.83726843
0.00016509	2003.13853415
0.00016508	2500.0
0.00016506	2950.13604637
0.00016504	1208.79786718
0.000165	41575.1221079
0.00016486	302.5294189
0.00016465	400.0
0.00016462	5.78599198
0.00016459	3.13853415
0.0001644	6.0
0.00016427	65.82989925
0.00016424	1000.0
0.0001642	52.1293986
0.00016411	3.04672105
0.00016409	3.13853415
0.000164	69883.0514168
0.00016394	1072.52194022
0.00016393	5.81034588
0.0001638	4511.05399038
0.00016375	121.83206107
0.00016372	902.80774905
0.0001709	20225.7926712
0.00017083	5.57566001
0.00017042	994.95747899
0.00017041	228.3938422
0.00017038	12.03182416
0.00017035	71710.394
0.00017034	400.0
0.00017032	155.67184302
0.00017015	600.0
0.00017014	505.59827201
0.00017013	58.63163463
0.00017001	45.22580863
0.00017	12782.7534775
0.00016989	75.75686341
0.00016977	68247.90674
0.00016976	1125.18099891
0.00016974	2312.45728393
0.00016972	25.0
0.0001697	1041.76203922
0.00016969	17259.3085002
0.00016967	6400.0
0.00016951	200.0
0.0001695	49.67697124
0.00016945	5.62106816
0.00016941	294.40410838
0.00016911	1011.56907708
0.0001691	200.0
0.00016909	11.02253237
0.00016908	8.84936125
0.00016907	293.88368393
0.00016901	150.0
0.000169	1277.17042752
0.00016885	590.7610305
0.00016876	5.64405072
0.00016873	311.3237523
0.00016871	591.37134269
0.0001686	9478.25982662
0.00016854	2.96649027
0.0001685	205.52460401
0.00016809	825.61422397
0.00016807	5.66722199
0.000168	2710.21888125
0.00016785	5638.98897096
0.00016784	3091.07521553
0.0001677	124.0
0.00016759	384.2352263
0.0001675	49155.6121801
0.00016738	5.6905843
0.00016717	8263.73303598
0.00016706	2.9927602
0.00016705	358.27596528
0.00016703	200.0
0.000167	6316.0629689
0.00016696	63.29402252
0.00016687	1946.37262242
0.00016685	590.7610305
0.0001668	1020.0
0.00016669	5.71414002
0.00016664	153.89711819
0.00016652	62.22166827
0.0001665	500.0
0.00016609	3.07219639
0.00016601	505.05201765
0.000166	3105.73789157
0.0001658	663.32143652
0.00016574	138.2989755
0.00016565	3493.31804362
0.00016563	500.0
0.0001656	590.7610305
0.00016559	6.09169595
0.0001655	188.82078308
0.00016531	5.76184139
0.00016518	440.83726843
0.00016509	2003.13853415
0.00016508	2500.0
0.00016506	2950.13604637
0.00016504	1208.79786718
0.000165	41575.1221079
0.00016486	302.5294189
0.00016465	400.0
0.00016462	5.78599198
0.00016459	3.13853415
0.0001644	6.0
0.00016427	65.82989925
0.00016424	1000.0
0.0001642	52.1293986
0.00016411	3.04672105
0.00016409	3.13853415
0.000164	69883.0514168
0.00016394	1072.52194022
0.00016393	5.81034588
0.0001638	4511.05399038
0.00016375	121.83206107
0.00016372	902.80774905
0.00016364	4.0
0.00016362	4.35090942
0.0001636	15.0
0.00016359	3.13853415
0.0001634	6.0
0.0001633	1000.0
0.000171	19972.6043392
0.0001709	21036.2306615
0.00017061	5.58167751
0.00017045	46131.833
0.00017044	994.84072735
0.00017041	228.3938422
0.00017038	1812.03182416
0.00017034	400.0
0.00017032	155.67184302
0.00017015	600.0
0.00017014	500.0
0.00017013	58.63163463
0.00017001	45.22580863
0.00017	12782.7534775
0.00016992	5.60434322
0.00016989	78.69994423
0.00016978	8823.846
0.00016977	21727.434
0.00016976	1125.18099891
0.00016974	2312.45728393
0.00016972	25.0
0.0001697	1041.76203922
0.00016969	17259.3085002
0.00016967	6400.0
0.00016951	200.0
0.0001695	49.67697124
0.00016948	13.27559445
0.00016941	294.40410838
0.00016923	5.62719376
0.00016911	1011.56907708
0.0001691	200.0
0.00016909	11.02253237
0.00016908	8.84936125
0.00016907	293.88368393
0.00016901	150.0
0.000169	1277.17042752
0.00016885	590.7610305
0.00016873	311.3237523
0.00016872	66590.39481
0.00016871	591.37134269
0.0001686	9478.25982662
0.00016854	8.61672167
0.0001685	205.52460401
0.00016806	13.38744863
0.000168	2710.21888125
0.00016786	445.7217561
0.00016785	5644.66242941
0.00016784	3091.07521553
0.0001677	124.0
0.00016759	384.2352263
0.0001675	49155.6121801
0.00016717	8263.73303598
0.00016716	5.69687724
0.00016706	2.9927602
0.00016705	358.27596528
0.00016703	200.0
0.000167	6316.0629689
0.00016696	63.29402252
0.00016687	1946.37262242
0.00016685	590.7610305
0.0001668	1020.0
0.00016665	13.50120368
0.00016664	153.89711819
0.00016652	62.22166827
0.0001665	500.0
0.00016647	5.72049018
0.00016609	3.07219639
0.00016601	505.05201765
0.000166	3100.0
0.0001658	663.32143652
0.00016578	5.74429967
0.00016574	138.2989755
0.00016565	3493.31804362
0.00016563	500.0
0.0001656	590.7610305
0.00016559	6.09169595
0.0001655	188.82078308
0.00016523	13.61690849
0.00016518	440.83726843
0.00016509	2008.90684235
0.00016508	2500.0
0.00016506	2950.13604637
0.00016504	1208.79786718
0.000165	41575.1221079
0.00016486	302.5294189
0.00016465	400.0
0.00016459	3.13853415
0.0001644	11.79251825
0.00016427	65.82989925
0.00016424	1000.0
0.0001642	52.1293986
0.00016411	3.04672105
0.00016409	3.13853415
0.000164	70955.1809709
0.00016381	13.73461362
0.0001638	4511.05399038
0.00016375	121.83206107
0.00016372	902.80774905
0.00016371	5.81693238
0.00016364	4.0
0.00017105	1358.69586817
0.000171	21176.6330309
0.0001709	225.79267115
0.00017061	5.58167751
0.00017045	49915.665
0.00017044	994.84072735
0.00017041	228.3938422
0.00017038	1812.03182416
0.00017034	400.0
0.00017015	600.0
0.00017014	500.0
0.00017013	58.63163463
0.00017002	26668.16
0.00017001	45.22580863
0.00017	12782.7534775
0.00016992	5.60434322
0.0001699	2.9445107
0.00016989	75.75686341
0.00016977	70.0
0.00016976	1125.18099891
0.00016974	70367.5681939
0.00016972	25.0
0.0001697	1041.76203922
0.00016969	17259.3085002
0.00016967	6400.0
0.00016951	200.0
0.0001695	49.67697124
0.00016948	13.27559445
0.00016941	294.40410838
0.00016923	5.62719376
0.00016911	1011.56907708
0.0001691	200.0
0.00016909	11.02253237
0.00016908	8.84936125
0.00016907	293.88368393
0.00016901	150.0
0.000169	1277.17042752
0.00016885	590.7610305
0.00016873	311.3237523
0.00016871	591.37134269
0.0001686	9478.25982662
0.00016854	8.61672167
0.0001685	205.52460401
0.00016806	13.38744863
0.000168	2710.21888125
0.00016785	5644.66242941
0.00016784	3091.07521553
0.0001677	124.0
0.00016761	716.40803423
0.00016759	384.2352263
0.0001675	49155.6121801
0.00016717	8263.73303598
0.00016716	5.69687724
0.00016706	2.9927602
0.00016705	358.27596528
0.00016703	200.0
0.000167	6316.0629689
0.00016696	63.29402252
0.00016687	1946.37262242
0.00016685	590.7610305
0.0001668	1020.0
0.00016665	13.50120368
0.00016664	153.89711819
0.00016652	62.22166827
0.0001665	500.0
0.00016647	5.72049018
0.00016609	3.07219639
0.00016601	505.05201765
0.000166	3100.0
0.0001658	663.32143652
0.00016578	5.74429967
0.00016574	138.2989755
0.00016565	3493.31804362
0.00016563	500.0
0.0001656	590.7610305
0.00016559	6.09169595
0.0001655	188.82078308
0.00016523	13.61690849
0.00016518	440.83726843
0.00016509	2008.90684235
0.00016508	2500.0
0.00016506	2950.13604637
0.00016504	1208.79786718
0.000165	41575.1221079
0.00016486	302.5294189
0.00016465	400.0
0.00016459	3.13853415
0.0001644	11.79251825
0.00016427	65.82989925
0.00016424	1000.0
0.0001642	52.1293986
0.00016411	3.04672105
0.00016409	3.13853415
0.000164	70955.1809709
0.00016381	13.73461362
0.0001638	4511.05399038
0.00016375	121.83206107
0.00016372	902.80774905
0.00016371	5.81693238
0.00016364	4.0
0.00017105	1358.69586817
0.000171	21176.6330309
0.0001709	225.79267115
0.00017061	5.58167751
0.00017045	50182.418
0.00017039	995.13265784
0.00017038	1812.03182416
0.00017034	400.0
0.00017014	500.0
0.00017013	58.63163463
0.00017001	26177.2948086
0.00017	12782.7534775
0.00016992	5.60434322
0.00016989	75.75686341
0.00016977	70.0
0.00016976	1125.18099891
0.00016974	70367.5681939
0.00016972	25.0
0.0001697	1041.76203922
0.00016969	17259.3085002
0.00016967	6400.0
0.00016951	200.0
0.0001695	49.67697124
0.00016948	13.27559445
0.00016941	294.40410838
0.00016923	5.62719376
0.00016911	1011.56907708
0.0001691	200.0
0.00016909	11.02253237
0.00016908	8.84936125
0.00016907	293.88368393
0.00016901	150.0
0.000169	1277.17042752
0.00016885	590.7610305
0.00016873	311.3237523
0.00016871	591.37134269
0.00016854	8.61672167
0.0001685	205.52460401
0.00016806	13.38744863
0.000168	2710.21888125
0.00016785	5644.66242941
0.00016784	3091.07521553
0.0001677	124.0
0.00016759	384.2352263
0.0001675	49155.6121801
0.00016717	8910.21975448
0.00016716	5.69687724
0.00016706	2.9927602
0.00016705	358.27596528
0.00016703	200.0
0.000167	6316.0629689
0.00016696	63.29402252
0.00016687	1946.37262242
0.00016685	590.7610305
0.0001668	1020.0
0.00016665	13.50120368
0.00016664	153.89711819
0.00016652	62.22166827
0.0001665	500.0
0.00016647	5.72049018
0.00016609	3.07219639
0.00016601	505.05201765
0.000166	3100.0
0.0001658	663.32143652
0.00016578	5.74429967
0.00016574	138.2989755
0.00016565	3493.31804362
0.00016563	500.0
0.0001656	590.7610305
0.00016559	6.09169595
0.0001655	188.82078308
0.00016523	13.61690849
0.00016518	440.83726843
0.00016509	2008.90684235
0.00016508	2500.0
0.00016506	2950.13604637
0.00016504	1208.79786718
0.000165	41575.1221079
0.00016486	302.5294189
0.00016465	400.0
0.00016459	3.13853415
0.0001644	11.79251825
0.00016427	65.82989925
0.00016424	1000.0
0.0001642	52.1293986
0.00016411	3.04672105
0.00016409	3.13853415
0.000164	70955.1809709
0.00016381	13.73461362
0.0001638	4511.05399038
0.00016375	121.83206107
0.00016372	902.80774905
0.00016371	5.81693238
0.00016364	4.0
0.00016362	4.35090942
0.0001636	15.0
0.00016359	3.13853415
0.0001634	6.0
0.0001633	1315.01660839
0.00016312	47623.0
0.00017105	1358.69586817
0.000171	21176.6330309
0.0001709	225.79267115
0.00017061	5.58167751
0.00017046	994.72400311
0.00017045	50182.418
0.00017038	1812.03182416
0.00017014	500.0
0.00017013	58.63163463
0.00017001	26177.2948086
0.00017	12782.7534775
0.00016992	5.60434322
0.00016989	75.75686341
0.00016977	70.0
0.00016976	1125.18099891
0.00016974	2312.45728393
0.00016972	25.0
0.00016971	61734.31427
0.0001697	1041.76203922
0.00016969	17259.3085002
0.00016967	6400.0
0.00016951	200.0
0.0001695	49.67697124
0.00016948	13.27559445
0.00016941	294.40410838
0.00016923	5.62719376
0.00016911	1011.56907708
0.0001691	200.0
0.00016909	11.02253237
0.00016908	8.84936125
0.00016907	293.88368393
0.00016901	150.0
0.000169	1277.17042752
0.00016885	590.7610305
0.00016873	311.3237523
0.00016871	591.37134269
0.00016854	8.61672167
0.0001685	205.52460401
0.00016806	13.38744863
0.000168	2710.21888125
0.00016785	5644.66242941
0.00016784	3091.07521553
0.0001677	124.0
0.0001676	791.07372223
0.00016759	384.2352263
0.0001675	49155.6121801
0.00016717	8263.73303598
0.00016716	5.69687724
0.00016706	2.9927602
0.00016705	358.27596528
0.00016703	200.0
0.000167	6316.0629689
0.00016696	63.29402252
0.00016687	1946.37262242
0.00016685	590.7610305
0.0001668	1020.0
0.00016665	13.50120368
0.00016664	153.89711819
0.00016652	62.22166827
0.0001665	500.0
0.00016647	5.72049018
0.00016609	3.07219639
0.00016601	505.05201765
0.000166	3100.0
0.0001658	663.32143652
0.00016578	5.74429967
0.00016574	138.2989755
0.00016565	3493.31804362
0.00016563	500.0
0.0001656	590.7610305
0.00016559	6.09169595
0.0001655	188.82078308
0.00016523	13.61690849
0.00016518	440.83726843
0.00016509	2008.90684235
0.00016508	2500.0
0.00016506	2950.13604637
0.00016504	1208.79786718
0.000165	41575.1221079
0.00016486	302.5294189
0.00016465	400.0
0.00016459	3.13853415
0.0001644	11.79251825
0.00016427	65.82989925
0.00016424	1000.0
0.0001642	52.1293986
0.00016411	3.04672105
0.00016409	3.13853415
0.000164	70955.1809709
0.00016381	13.73461362
0.0001638	4511.05399038
0.00016375	121.83206107
0.00016372	902.80774905
0.00016371	5.81693238
0.00016364	4.0
0.00016362	4.35090942
0.0001636	15.0
0.00016359	3.13853415
0.0001634	6.0
0.0001633	1315.01660839
0.000171	4211.62826436
0.0001709	225.79267115
0.0001707	1130.48852958
0.00017048	6526.077
0.00017039	995.13265784
0.00017038	1812.03182416
0.00017014	502.93875632
0.00017013	58.63163463
0.00017001	67591.1008086
0.00017	12782.7534775
0.00016989	75.75686341
0.00016977	70.0
0.00016976	1125.18099891
0.00016974	2312.45728393
0.00016972	25.0
0.00016971	67809.36638
0.0001697	1041.76203922
0.00016969	17259.3085002
0.00016967	6400.0
0.00016951	200.0
0.0001695	49.67697124
0.00016948	13.27559445
0.00016941	294.40410838
0.00016911	1011.56907708
0.0001691	200.0
0.00016909	11.02253237
0.00016908	8.84936125
0.00016907	293.88368393
0.00016901	150.0
0.000169	1277.17042752
0.00016885	590.7610305
0.00016873	311.3237523
0.00016871	591.37134269
0.00016854	2.96649027
0.0001685	205.52460401
0.00016842	72.3791514
0.00016806	13.38744863
0.000168	2710.21888125
0.00016785	5638.98897096
0.00016784	3091.07521553
0.0001677	124.0
0.00016761	641.19982964
0.00016759	384.2352263
0.0001675	49155.6121801
0.00016717	8263.73303598
0.00016706	2.9927602
0.00016705	358.27596528
0.00016703	200.0
0.000167	6316.0629689
0.00016696	63.29402252
0.00016687	1946.37262242
0.00016685	590.7610305
0.0001668	1020.0
0.00016665	13.50120368
0.00016664	153.89711819
0.00016652	62.22166827
0.0001665	500.0
0.00016609	3.07219639
0.00016601	505.05201765
0.000166	3100.0
0.0001658	663.32143652
0.00016574	138.2989755
0.00016565	3493.31804362
0.00016563	500.0
0.0001656	590.7610305
0.00016559	6.09169595
0.0001655	188.82078308
0.00016523	13.61690849
0.00016518	440.83726843
0.00016509	2003.13853415
0.00016508	2500.0
0.00016506	2950.13604637
0.00016504	1208.79786718
0.000165	41575.1221079
0.00016486	302.5294189
0.00016465	400.0
0.00016459	3.13853415
0.0001644	6.0
0.00016427	65.82989925
0.00016424	1000.0
0.0001642	52.1293986
0.00016411	3.04672105
0.00016409	3.13853415
0.000164	70955.1809709
0.00016381	13.73461362
0.0001638	4511.05399038
0.00016375	121.83206107
0.00016372	902.80774905
0.00016364	4.0
0.00016362	4.35090942
0.0001636	15.0
0.00016359	3.13853415
0.0001634	6.0
0.0001633	1315.01660839
0.00016312	47623.0
0.00016309	3.13853415
0.00016301	500.0
0.000163	4316.29044525
0.0001629	8215.72872238
0.00016285	612.52686521
0.000171	47979.9289477
0.0001709	225.79267115
0.00017062	5.47415309
0.0001705	50.0
0.00017039	40074.375
0.00017038	1812.03182416
0.00017034	1000.0
0.00017015	996.53631249
0.00017014	500.0
0.00017013	58.63163463
0.00017001	45.22580863
0.00017	12782.7534775
0.00016993	5.49638086
0.00016989	75.75686341
0.00016981	2.94455405
0.00016977	70.0
0.00016976	1125.18099891
0.00016975	36006.007
0.00016974	2312.45728393
0.00016972	25.0
0.00016971	67809.36638
0.0001697	1041.76203922
0.00016969	17259.3085002
0.00016951	200.0
0.0001695	49.67697124
0.00016948	13.27559445
0.00016941	294.40410838
0.00016924	5.51878988
0.00016911	11.56907708
0.0001691	200.0
0.00016909	11.02253237
0.00016908	8.84936125
0.00016907	293.88368393
0.00016901	150.0
0.000169	1277.17042752
0.00016885	590.7610305
0.00016873	311.3237523
0.00016871	591.37134269
0.00016855	5.54138238
0.00016854	2.96649027
0.0001685	205.52460401
0.00016842	72.3791514
0.00016806	13.38744863
0.000168	2710.21888125
0.00016786	5.56416061
0.00016785	5638.98897096
0.00016784	3091.07521553
0.0001677	124.0
0.00016759	384.2352263
0.0001675	49155.6121801
0.00016717	8269.32016286
0.00016706	2.9927602
0.00016705	358.27596528
0.00016703	200.0
0.000167	6316.0629689
0.00016696	63.29402252
0.00016685	590.7610305
0.00016681	574.09240129
0.0001668	1020.0
0.00016665	13.50120368
0.00016664	153.89711819
0.00016652	62.22166827
0.0001665	500.0
0.00016648	5.61028352
0.00016609	3.07219639
0.00016603	1956.21995726
0.00016601	505.05201765
0.000166	3100.0
0.0001658	663.32143652
0.00016579	5.63363291
0.00016574	138.2989755
0.00016565	3493.31804362
0.00016563	500.0
0.0001656	590.7610305
0.00016559	6.09169595
0.0001655	188.82078308
0.00016523	13.61690849
0.00016518	440.83726843
0.0001651	5.65717747
0.00016509	2003.13853415
0.00016508	2500.0
0.00016506	2950.13604637
0.00016504	1208.79786718
0.000165	41575.1221079
0.00016486	302.5294189
0.00016465	400.0
0.00016459	3.13853415
0.00016441	5.68091965
0.0001644	6.0
0.00016427	65.82989925
0.00016424	1000.0
0.0001642	52.1293986
0.00016411	3.04672105
0.00016409	3.13853415
0.000164	69883.0514168
0.00016382	1073.30757466
0.00016381	13.73461362
0.0001638	4511.05399038
0.00016375	121.83206107
0.00016372	908.51261101
0.00017102	1128.43922577
0.00017101	12183.0006938
0.000171	47907.5229894
0.0001709	225.79267115
0.00017062	5.47415309
0.0001705	50.0
0.00017039	40074.375
0.00017038	1812.03182416
0.00017034	1000.0
0.00017015	996.53631249
0.00017014	500.0
0.00017013	58.63163463
0.0001701	9790.52935185
0.00017001	36164.3408086
0.00017	12782.7534775
0.00016993	5.49638086
0.00016989	75.75686341
0.00016977	70.0
0.00016976	1125.18099891
0.00016974	2312.45728393
0.00016972	25.0
0.00016971	67809.36638
0.0001697	1041.76203922
0.00016969	17259.3085002
0.00016951	200.0
0.0001695	49.67697124
0.00016948	13.27559445
0.00016941	294.40410838
0.00016924	5.51878988
0.00016911	11.56907708
0.0001691	200.0
0.00016909	11.02253237
0.00016908	8.84936125
0.00016907	293.88368393
0.00016901	150.0
0.000169	31277.1704275
0.00016885	590.7610305
0.00016873	311.3237523
0.00016871	591.37134269
0.00016855	5.54138238
0.00016854	2.96649027
0.0001685	205.52460401
0.00016842	72.3791514
0.00016806	13.38744863
0.000168	2710.21888125
0.00016786	5.56416061
0.00016785	5638.98897096
0.00016784	3091.07521553
0.0001677	124.0
0.00016759	384.2352263
0.0001675	49155.6121801
0.00016717	8269.32016286
0.00016708	636.43166392
0.00016706	2.9927602
0.00016705	358.27596528
0.00016703	200.0
0.000167	6316.0629689
0.00016696	63.29402252
0.00016685	590.7610305
0.0001668	1020.0
0.00016665	13.50120368
0.00016664	153.89711819
0.00016652	62.22166827
0.0001665	500.0
0.00016648	5.61028352
0.00016609	3.07219639
0.00016603	1956.21995726
0.00016601	505.05201765
0.000166	3100.0
0.0001658	663.32143652
0.00016579	5.63363291
0.00016574	138.2989755
0.00016565	3493.31804362
0.00016563	500.0
0.0001656	590.7610305
0.00016559	6.09169595
0.0001655	188.82078308
0.00016523	13.61690849
0.00016518	440.83726843
0.0001651	5.65717747
0.00016509	2003.13853415
0.00016508	2500.0
0.00016506	2950.13604637
0.00016504	1208.79786718
0.000165	41575.1221079
0.00016486	302.5294189
0.00016465	400.0
0.00016461	47623.0
0.00016459	3.13853415
0.00016441	5.68091965
0.0001644	6.0
0.00016427	65.82989925
0.00016424	1000.0
0.0001642	52.1293986
0.00016411	3.04672105
0.00016409	3.13853415
0.000164	69883.0514168
0.00016382	1073.30757466
0.00016381	13.73461362
0.0001638	4511.05399038
0.00017125	30736.2648284
0.0001712	434.34628412
0.00017111	74510.366
0.0001711	9733.30825687
0.00017101	6350.0080045
0.000171	47907.5229894
0.0001709	225.79267115
0.00017063	993.73295182
0.00017062	5.47415309
0.0001705	50.0
0.00017038	1812.03182416
0.00017034	1000.0
0.00017014	500.0
0.00017013	58.63163463
0.00017001	45.22580863
0.00017	12782.7534775
0.00016993	5.49638086
0.00016989	75.75686341
0.00016977	70.0
0.00016976	1125.18099891
0.00016974	2312.45728393
0.00016972	25.0
0.00016971	67809.36638
0.0001697	1041.76203922
0.00016969	17259.3085002
0.00016951	200.0
0.0001695	49.67697124
0.00016948	13.27559445
0.00016941	294.40410838
0.00016924	5.51878988
0.00016911	11.56907708
0.0001691	200.0
0.00016909	11.02253237
0.00016908	8.84936125
0.00016907	293.88368393
0.00016901	150.0
0.000169	31277.1704275
0.00016885	590.7610305
0.00016873	311.3237523
0.00016871	591.37134269
0.00016855	5.54138238
0.00016854	2.96649027
0.0001685	205.52460401
0.00016806	13.38744863
0.000168	614.975
0.00016786	5.56416061
0.00016785	5638.98897096
0.00016784	3091.07521553
0.0001677	124.0
0.00016759	384.2352263
0.0001675	49155.6121801
0.00016717	8994.9124631
0.00016706	2.9927602
0.00016705	358.27596528
0.00016703	200.0
0.000167	6316.0629689
0.00016696	63.29402252
0.00016687	1946.37262242
0.00016685	590.7610305
0.0001668	1020.0
0.00016665	13.50120368
0.00016664	153.89711819
0.00016652	62.22166827
0.0001665	500.0
0.00016648	5.61028352
0.00016609	3.07219639
0.00016601	505.05201765
0.000166	3100.0
0.0001658	663.32143652
0.00016579	5.63363291
0.00016574	138.2989755
0.00016565	3493.31804362
0.00016563	500.0
0.0001656	590.7610305
0.00016559	6.09169595
0.0001655	188.82078308
0.00016523	13.61690849
0.00016518	440.83726843
0.0001651	5.65717747
0.00016509	2003.13853415
0.00016508	2500.0
0.00016506	2950.13604637
0.00016504	1208.79786718
0.000165	41575.1221079
0.00016486	302.5294189
0.00016465	400.0
0.00016461	47623.0
0.00016459	3.13853415
0.00016441	5.68091965
0.0001644	6.0
0.00016427	65.82989925
0.00016424	1000.0
0.0001642	52.1293986
0.00016411	3.04672105
0.00016409	3.13853415
0.000164	69883.0514168
0.00016382	1073.30757466
0.00016381	13.73461362
0.0001638	4511.05399038
0.00016375	121.83206107
0.00017131	6305.067
0.0001713	9721.94420753
0.0001712	434.34628412
0.00017102	61352.583
0.00017101	6350.0080045
0.000171	4211.62826436
0.0001709	225.79267115
0.00017063	993.73295182
0.00017062	5.47415309
0.0001705	50.0
0.00017038	1812.03182416
0.00017035	9937.202
0.00017034	1000.0
0.00017014	500.0
0.00017013	58.63163463
0.00017001	45.22580863
0.00017	29203.2842063
0.00016993	5.49638086
0.00016989	75.75686341
0.00016981	2.94455405
0.00016977	70.0
0.00016976	1125.18099891
0.00016974	2312.45728393
0.00016972	25.0
0.00016971	67809.36638
0.0001697	1041.76203922
0.00016969	17259.3085002
0.00016951	200.0
0.0001695	49.67697124
0.00016948	13.27559445
0.00016941	294.40410838
0.00016924	5.51878988
0.00016911	11.56907708
0.0001691	200.0
0.00016909	11.02253237
0.00016908	8.84936125
0.00016907	293.88368393
0.00016901	150.0
0.000169	31277.1704275
0.00016885	590.7610305
0.00016873	311.3237523
0.00016871	591.37134269
0.00016867	47623.0
0.00016855	5.54138238
0.00016854	2.96649027
0.0001685	205.52460401
0.00016806	13.38744863
0.000168	614.975
0.00016786	5.56416061
0.00016785	5638.98897096
0.00016784	3091.07521553
0.00016771	832.1250065
0.0001677	124.0
0.00016759	384.2352263
0.00016717	8269.32016286
0.00016706	2.9927602
0.00016705	358.27596528
0.00016703	200.0
0.000167	6316.0629689
0.00016696	63.29402252
0.00016687	1946.37262242
0.00016685	590.7610305
0.0001668	1020.0
0.00016665	13.50120368
0.00016664	153.89711819
0.00016652	62.22166827
0.0001665	500.0
0.00016648	5.61028352
0.00016609	3.07219639
0.00016601	505.05201765
0.000166	3100.0
0.0001658	663.32143652
0.00016579	5.63363291
0.00016574	138.2989755
0.00016565	3493.31804362
0.00016563	500.0
0.0001656	590.7610305
0.00016559	6.09169595
0.0001655	188.82078308
0.00016523	13.61690849
0.00016518	440.83726843
0.0001651	5.65717747
0.00016509	2003.13853415
0.00016508	2500.0
0.00016506	2950.13604637
0.00016504	1208.79786718
0.000165	41575.1221079
0.00016486	302.5294189
0.00016465	400.0
0.00016461	47623.0
0.00016459	3.13853415
0.00016441	5.68091965
0.0001644	6.0
0.00016427	65.82989925
0.00016424	1000.0
0.0001642	52.1293986
0.00016411	3.04672105
0.00016409	3.13853415
0.000164	69883.0514168
0.00016382	1073.30757466
0.00017198	71.99336478
0.0001714	5719.80275277
0.00017136	30052.5473958
0.00017131	6305.067
0.0001713	9727.28314507
0.00017128	30730.8935749
0.0001712	567.66134341
0.0001711	63538.548
0.00017102	991.46680838
0.00017101	6350.0080045
0.000171	4161.62826436
0.0001709	225.79267115
0.00017061	5.36052986
0.0001705	50.0
0.00017038	1812.03182416
0.00017034	1000.0
0.00017014	500.0
0.00017013	58.63163463
0.00017001	45.22580863
0.00017	29203.2842063
0.00016992	5.38229755
0.00016989	75.75686341
0.00016977	70.0
0.00016976	1125.18099891
0.00016974	2312.45728393
0.00016972	25.0
0.00016971	67809.36638
0.0001697	1041.76203922
0.00016969	17259.3085002
0.00016951	200.0
0.0001695	49.67697124
0.00016948	13.27559445
0.00016941	294.40410838
0.00016923	5.40424275
0.00016911	11.56907708
0.0001691	200.0
0.00016909	11.02253237
0.00016908	8.84936125
0.00016907	293.88368393
0.00016901	150.0
0.000169	31277.1704275
0.00016885	590.7610305
0.00016873	311.3237523
0.00016871	591.37134269
0.00016867	47623.0
0.00016854	8.3928579
0.0001685	205.52460401
0.00016806	478.07395446
0.000168	614.975
0.00016785	5644.43764537
0.00016784	3091.07521553
0.0001677	124.0
0.00016759	384.2352263
0.00016717	8263.73303598
0.00016716	5.47116535
0.00016706	2.9927602
0.00016705	358.27596528
0.00016703	200.0
0.000167	6316.0629689
0.00016696	63.29402252
0.00016687	1946.37262242
0.00016685	590.7610305
0.0001668	1020.0
0.00016665	13.50120368
0.00016664	153.89711819
0.00016652	62.22166827
0.0001665	500.0
0.00016647	5.49384273
0.00016609	3.07219639
0.00016601	505.05201765
0.000166	3100.0
0.0001658	663.32143652
0.00016578	5.51670889
0.00016574	138.2989755
0.00016565	3493.31804362
0.00016563	500.0
0.0001656	590.7610305
0.00016559	6.09169595
0.0001655	188.82078308
0.00016523	13.61690849
0.00016518	440.83726843
0.00016509	2008.67830034
0.00016508	2500.0
0.00016506	2950.13604637
0.00016504	1208.79786718
0.000165	41575.1221079
0.00016486	302.5294189
0.00016465	400.0
0.00016461	47623.0
0.00016459	3.13853415
0.0001644	11.56301703
0.00016427	65.82989925
0.00016424	1000.0
0.0001642	52.1293986
0.00016411	3.04672105
0.00016409	3.13853415
0.000164	69883.0514168
0.00016382	1073.30757466
0.00016381	13.73461362
0.0001638	4511.05399038
0.00017201	2.92056075
0.000172	3063.15786364
0.00017199	4107.26923088
0.00017198	71.99336478
0.00017138	44655.972
0.00017136	30052.5473958
0.0001713	5.33893754
0.00017128	30730.8935749
0.0001712	567.66134341
0.000171	4161.62826436
0.0001709	225.79267115
0.00017061	5.36052986
0.00017051	694.53006803
0.0001705	50.0
0.00017039	31434.643
0.00017038	1812.03182416
0.00017034	1000.0
0.00017014	500.0
0.00017013	58.63163463
0.00017001	45.22580863
0.00017	29203.2842063
0.00016992	5.38229755
0.00016989	75.75686341
0.00016977	70.0
0.00016976	1125.18099891
0.00016974	2312.45728393
0.00016972	25.0
0.00016971	67809.36638
0.0001697	1041.76203922
0.00016969	17259.3085002
0.00016951	200.0
0.0001695	49.67697124
0.00016948	13.27559445
0.00016941	294.40410838
0.00016923	5.40424275
0.00016911	11.56907708
0.0001691	200.0
0.00016909	11.02253237
0.00016908	8.84936125
0.00016907	293.88368393
0.00016901	150.0
0.000169	31277.1704275
0.00016885	590.7610305
0.00016873	311.3237523
0.00016871	591.37134269
0.00016867	47623.0
0.00016854	8.3928579
0.0001685	205.52460401
0.00016806	13.38744863
0.000168	614.975
0.00016785	5644.43764537
0.00016784	3091.07521553
0.0001677	124.0
0.00016759	384.2352263
0.00016717	8263.73303598
0.00016716	5.47116535
0.00016707	1944.04261389
0.00016706	2.9927602
0.00016705	358.27596528
0.00016703	200.0
0.000167	6316.0629689
0.00016696	63.29402252
0.00016685	590.7610305
0.0001668	1020.0
0.00016665	13.50120368
0.00016664	153.89711819
0.00016652	62.22166827
0.0001665	500.0
0.00016647	5.49384273
0.00016609	3.07219639
0.00016601	505.05201765
0.000166	38690.0
0.0001658	663.32143652
0.00016578	5.51670889
0.00016574	138.2989755
0.00016565	3493.31804362
0.00016563	500.0
0.0001656	590.7610305
0.00016559	6.09169595
0.0001655	188.82078308
0.00016523	13.61690849
0.00016518	440.83726843
0.00016509	2008.67830034
0.00016508	2500.0
0.00016506	2950.13604637
0.00016504	1208.79786718
0.000165	41575.1221079
0.00016486	302.5294189
0.00016465	400.0
0.00016461	47623.0
0.00016459	3.13853415
0.0001644	11.56301703
0.00016427	65.82989925
0.00016424	1000.0
0.0001642	52.1293986
0.00016411	3.04672105
0.00016409	3.13853415
0.00016401	1072.06418438
0.000164	69883.0514168
0.00016381	13.73461362
0.00017142	70310.408
0.00017136	30052.5473958
0.0001713	5.33893754
0.00017128	30730.8935749
0.0001712	133.31505929
0.000171	4161.62826436
0.0001709	225.79267115
0.00017063	993.73295182
0.00017062	687.32056096
0.00017061	5.36052986
0.0001705	1050.0
0.00017038	1812.03182416
0.00017014	500.0
0.00017013	58.63163463
0.00017001	45.22580863
0.00017	29203.2842063
0.00016992	5.38229755
0.00016989	75.75686341
0.00016981	2.94455405
0.00016977	70.0
0.00016976	1125.18099891
0.00016974	2312.45728393
0.00016972	25.0
0.00016971	67809.36638
0.0001697	1041.76203922
0.00016969	17259.3085002
0.00016951	200.0
0.0001695	49.67697124
0.00016948	13.27559445
0.00016941	294.40410838
0.00016923	5.40424275
0.00016911	11.56907708
0.0001691	200.0
0.00016909	11.02253237
0.00016908	8.84936125
0.00016907	293.88368393
0.00016901	150.0
0.000169	31277.1704275
0.00016885	590.7610305
0.00016873	311.3237523
0.00016871	591.37134269
0.00016867	47623.0
0.00016854	8.3928579
0.0001685	205.52460401
0.00016806	13.38744863
0.000168	614.975
0.00016785	5644.43764537
0.00016784	3091.07521553
0.0001677	124.0
0.00016759	384.2352263
0.00016717	8263.73303598
0.00016716	5.47116535
0.00016707	1944.04261389
0.00016706	2.9927602
0.00016705	358.27596528
0.00016703	200.0
0.000167	6316.0629689
0.00016696	63.29402252
0.00016685	590.7610305
0.0001668	1020.0
0.00016665	13.50120368
0.00016664	153.89711819
0.00016652	62.22166827
0.0001665	500.0
0.00016647	5.49384273
0.00016609	3.07219639
0.00016601	505.05201765
0.000166	38690.0
0.0001658	663.32143652
0.00016578	5.51670889
0.00016574	138.2989755
0.00016565	3493.31804362
0.00016563	500.0
0.0001656	590.7610305
0.00016559	6.09169595
0.0001655	188.82078308
0.00016523	13.61690849
0.00016518	440.83726843
0.00016509	2008.67830034
0.00016508	2500.0
0.00016506	2950.13604637
0.00016504	1208.79786718
0.000165	41575.1221079
0.00016486	302.5294189
0.00016465	400.0
0.00016461	47623.0
0.00016459	3.13853415
0.0001644	11.56301703
0.00016427	65.82989925
0.00016424	1000.0
0.0001642	52.1293986
0.00016411	3.04672105
0.00016409	3.13853415
0.00016401	1072.06418438
0.000164	69883.0514168
0.00016381	13.73461362
0.0001638	4511.05399038
0.00016375	121.83206107
0.00016372	902.80774905
0.00016371	5.58646387
0.00017199	22687.1340462
0.00017151	75365.913
0.00017149	72.1990721
0.00017136	30052.5473958
0.0001713	5.33893754
0.0001712	133.31505929
0.000171	4161.62826436
0.0001709	225.79267115
0.00017062	993.79119429
0.00017061	5.36052986
0.0001705	1050.0
0.00017038	1812.03182416
0.00017015	168.51870825
0.00017014	500.0
0.00017013	58.63163463
0.00017001	45.22580863
0.00017	29203.2842063
0.00016992	5.38229755
0.00016989	75.75686341
0.00016977	70.0
0.00016976	1125.18099891
0.00016974	2312.45728393
0.00016972	25.0
0.00016971	67809.36638
0.0001697	1041.76203922
0.00016969	17259.3085002
0.00016951	200.0
0.0001695	49.67697124
0.00016948	13.27559445
0.00016941	294.40410838
0.00016923	5.40424275
0.00016911	11.56907708
0.0001691	200.0
0.00016909	11.02253237
0.00016908	8.84936125
0.00016907	293.88368393
0.00016901	150.0
0.000169	31277.1704275
0.00016885	590.7610305
0.00016873	311.3237523
0.00016871	591.37134269
0.00016867	47623.0
0.00016854	8.3928579
0.0001685	205.52460401
0.00016806	13.38744863
0.000168	614.975
0.00016785	5644.43764537
0.00016784	3091.07521553
0.0001677	124.0
0.00016759	384.2352263
0.00016717	8263.73303598
0.00016716	5.47116535
0.00016707	1944.04261389
0.00016706	2.9927602
0.00016705	358.27596528
0.00016703	200.0
0.000167	6316.0629689
0.00016696	63.29402252
0.00016685	590.7610305
0.0001668	1020.0
0.00016665	13.50120368
0.00016664	153.89711819
0.00016652	62.22166827
0.0001665	500.0
0.00016647	5.49384273
0.00016609	3.07219639
0.00016601	505.05201765
0.000166	38690.0
0.0001658	663.32143652
0.00016578	5.51670889
0.00016574	138.2989755
0.00016565	3493.31804362
0.00016563	500.0
0.0001656	590.7610305
0.00016559	6.09169595
0.0001655	188.82078308
0.00016523	13.61690849
0.00016518	440.83726843
0.00016509	2008.67830034
0.00016508	2500.0
0.00016506	2950.13604637
0.00016504	1208.79786718
0.000165	41575.1221079
0.00016486	302.5294189
0.00016465	400.0
0.00016461	47623.0
0.00016459	3.13853415
0.0001644	11.56301703
0.00016427	65.82989925
0.00016424	1000.0
0.0001642	52.1293986
0.00016411	3.04672105
0.00016409	3.13853415
0.00016401	1072.06418438
0.000164	69883.0514168
0.00016381	13.73461362
0.0001638	4511.05399038
0.00016375	121.83206107
0.00016372	902.80774905
0.00016371	5.58646387
0.00017199	26928.1787165
0.00017137	26105.954
0.00017136	30052.5473958
0.0001713	5.33893754
0.00017101	991.52478551
0.000171	4161.62826436
0.0001709	225.79267115
0.00017061	5.36052986
0.0001705	1050.0
0.00017038	1812.03182416
0.00017014	500.0
0.00017013	58.63163463
0.00017002	137.11603021
0.00017001	42398.4638086
0.00017	29353.2842063
0.00016992	5.38229755
0.00016989	75.75686341
0.00016977	8474.663
0.00016976	1125.18099891
0.00016974	2312.45728393
0.00016972	25.0
0.00016971	67809.36638
0.0001697	1041.76203922
0.00016969	17259.3085002
0.00016959	9018.45869754
0.00016951	200.0
0.0001695	49.67697124
0.00016948	13.27559445
0.00016941	294.40410838
0.00016923	5.40424275
0.00016911	11.56907708
0.0001691	200.0
0.00016909	11.02253237
0.00016908	8.84936125
0.00016907	293.88368393
0.00016901	150.0
0.000169	31277.1704275
0.00016885	590.7610305
0.00016873	311.3237523
0.00016871	591.37134269
0.00016867	47623.0
0.00016854	8.3928579
0.0001685	205.52460401
0.00016806	13.38744863
0.000168	614.975
0.00016785	5644.43764537
0.00016784	3091.07521553
0.0001677	124.0
0.00016759	384.2352263
0.00016717	8263.73303598
0.00016716	5.47116535
0.00016707	1944.04261389
0.00016706	2.9927602
0.00016705	358.27596528
0.00016703	200.0
0.000167	6316.0629689
0.00016696	63.29402252
0.00016685	590.7610305
0.0001668	1020.0
0.00016665	13.50120368
0.00016664	153.89711819
0.00016652	62.22166827
0.0001665	500.0
0.00016647	5.49384273
0.00016609	3.07219639
0.00016601	505.05201765
0.000166	38690.0
0.0001658	663.32143652
0.00016578	5.51670889
0.00016574	138.2989755
0.00016565	3493.31804362
0.00016563	500.0
0.0001656	590.7610305
0.00016559	6.09169595
0.0001655	188.82078308
0.00016523	13.61690849
0.00016518	440.83726843
0.00016509	2008.67830034
0.00016508	2500.0
0.00016506	2950.13604637
0.00016504	1208.79786718
0.000165	41575.1221079
0.00016486	302.5294189
0.00016465	400.0
0.00016461	47623.0
0.00016459	3.13853415
0.0001644	11.56301703
0.00016427	65.82989925
0.00016424	1000.0
0.0001642	52.1293986
0.00016411	3.04672105
0.00016409	3.13853415
0.00016401	1072.06418438
0.000164	69883.0514168
0.00016381	13.73461362
0.0001638	4511.05399038
0.00016375	121.83206107
0.00016372	902.80774905
0.00016371	5.58646387
0.00016364	4.0
0.00017199	26843.8395986
0.00017153	26684.394
0.00017152	1000.0
0.00017144	5.3339944
0.00017136	30052.5473958
0.0001713	232.92469352
0.00017101	991.52478551
0.000171	4161.62826436
0.0001709	225.79267115
0.00017075	5.35554905
0.0001705	1050.0
0.0001704	2.9343584
0.00017039	50888.236
0.00017038	1812.03182416
0.00017014	500.0
0.00017013	58.63163463
0.00017006	5.37727861
0.00017001	45.22580863
0.00017	29353.2842063
0.00016989	75.75686341
0.00016979	150.9038546
0.00016977	70.0
0.00016976	1125.18099891
0.00016974	2312.45728393
0.00016972	25.0
0.00016971	67809.36638
0.0001697	1041.76203922
0.00016969	17259.3085002
0.00016959	9018.45869754
0.00016951	200.0
0.0001695	49.67697124
0.00016948	13.27559445
0.00016941	294.40410838
0.00016937	5.39918522
0.00016911	11.56907708
0.0001691	200.0
0.00016909	11.02253237
0.00016908	8.84936125
0.00016907	293.88368393
0.00016901	150.0
0.000169	31277.1704275
0.00016885	590.7610305
0.00016873	311.3237523
0.00016871	591.37134269
0.00016868	5.42127105
0.00016867	47623.0
0.00016854	2.96649027
0.0001685	205.52460401
0.00016806	13.38744863
0.000168	254.975
0.00016799	5.44353831
0.00016785	5638.98897096
0.00016784	3091.07521553
0.0001677	124.0
0.00016759	384.2352263
0.0001673	5.46598924
0.00016717	8263.73303598
0.00016707	1944.04261389
0.00016706	2.9927602
0.00016705	358.27596528
0.00016703	200.0
0.000167	6316.0629689
0.00016696	63.29402252
0.00016685	590.7610305
0.0001668	1020.0
0.00016665	13.50120368
0.00016664	153.89711819
0.00016661	5.48862613
0.00016652	62.22166827
0.0001665	500.0
0.00016609	3.07219639
0.00016601	505.05201765
0.000166	38690.0
0.00016592	5.5114513
0.0001658	663.32143652
0.00016574	138.2989755
0.00016565	3493.31804362
0.00016563	500.0
0.0001656	590.7610305
0.00016559	6.09169595
0.0001655	188.82078308
0.00016523	19.1513756
0.00016518	440.83726843
0.00016509	2003.13853415
0.00016508	2500.0
0.00016506	2950.13604637
0.00016504	1208.79786718
0.000165	41575.1221079
0.00016486	302.5294189
0.00016465	400.0
0.00016461	47623.0
0.00016459	3.13853415
0.00016454	5.55767595
0.0001644	6.0
0.00016427	65.82989925
0.00016424	1000.0
0.0001642	52.1293986
0.00016411	3.04672105
0.00016409	3.13853415
0.000164	69883.0514168
0.00017199	14169.9562412
0.00017153	26684.394
0.00017152	1000.0
0.00017144	5.3339944
0.00017136	30052.5473958
0.0001713	232.92469352
0.00017101	991.52478551
0.000171	4516.62826436
0.0001709	225.79267115
0.00017075	5.35554905
0.0001705	1050.0
0.0001704	2.9343584
0.00017039	50888.236
0.00017038	1812.03182416
0.00017014	500.0
0.00017013	58.63163463
0.00017006	5.37727861
0.00017001	45.22580863
0.00017	29353.2842063
0.00016989	75.75686341
0.00016977	70.0
0.00016976	1125.18099891
0.00016974	2312.45728393
0.00016972	25.0
0.00016971	67809.36638
0.0001697	1041.76203922
0.00016969	17259.3085002
0.00016959	9018.45869754
0.00016951	200.0
0.0001695	20.25219248
0.00016948	13.27559445
0.00016941	294.40410838
0.00016937	5.39918522
0.00016912	137.60069161
0.00016911	11.56907708
0.0001691	200.0
0.00016909	11.02253237
0.00016908	8.84936125
0.00016907	293.88368393
0.00016901	150.0
0.000169	31277.1704275
0.00016885	590.7610305
0.00016873	311.3237523
0.00016871	591.37134269
0.00016868	5.42127105
0.00016867	47623.0
0.00016854	2.96649027
0.0001685	205.52460401
0.00016806	13.38744863
0.000168	254.975
0.00016799	5.44353831
0.00016785	5638.98897096
0.00016784	3091.07521553
0.0001677	124.0
0.00016759	384.2352263
0.0001673	5.46598924
0.00016719	1942.64728455
0.00016717	8263.73303598
0.00016706	2.9927602
0.00016705	358.27596528
0.00016703	200.0
0.000167	6168.55386351
0.00016696	63.29402252
0.00016685	590.7610305
0.0001668	1020.0
0.00016665	13.50120368
0.00016664	153.89711819
0.00016661	5.48862613
0.00016652	62.22166827
0.0001665	500.0
0.00016609	3.07219639
0.00016601	505.05201765
0.000166	38690.0
0.00016592	5.5114513
0.0001658	663.32143652
0.00016574	138.2989755
0.00016565	3493.31804362
0.00016563	500.0
0.0001656	590.7610305
0.00016559	6.09169595
0.0001655	188.82078308
0.00016523	19.1513756
0.00016518	440.83726843
0.00016509	2003.13853415
0.00016508	2500.0
0.00016506	2950.13604637
0.00016504	1208.79786718
0.000165	41575.1221079
0.00016486	302.5294189
0.00016465	400.0
0.00016461	47623.0
0.00016459	3.13853415
0.00016454	5.55767595
0.0001644	6.0
0.00016427	65.82989925
0.00016424	1000.0
0.0001642	52.1293986
0.00016411	3.04672105
0.0001641	1071.476215
0.00016409	3.13853415
0.00017152	1000.0
0.00017144	5.3339944
0.00017136	30052.5473958
0.0001713	232.92469352
0.00017103	10971.481
0.00017101	991.52478551
0.000171	4516.62826436
0.0001709	225.79267115
0.00017075	5.35554905
0.00017051	63557.353
0.0001705	1050.0
0.0001704	2.9343584
0.00017038	1812.03182416
0.00017014	500.0
0.00017013	58.63163463
0.00017006	5.37727861
0.00017001	45.22580863
0.00017	29353.2842063
0.00016989	75.75686341
0.00016977	70.0
0.00016976	1125.18099891
0.00016974	2312.45728393
0.00016972	25.0
0.00016971	67809.36638
0.0001697	1041.76203922
0.00016969	17259.3085002
0.00016959	9018.45869754
0.00016951	200.0
0.0001695	20.25219248
0.00016948	13.27559445
0.00016941	294.40410838
0.00016937	5.39918522
0.00016911	11.56907708
0.0001691	200.0
0.00016909	11.02253237
0.00016908	8.84936125
0.00016907	293.88368393
0.00016901	150.0
0.000169	31277.1704275
0.00016885	590.7610305
0.00016873	311.3237523
0.00016871	591.37134269
0.00016868	5.42127105
0.00016867	47623.0
0.00016855	131.13398017
0.00016854	2.96649027
0.0001685	205.52460401
0.00016806	13.38744863
0.000168	294.975
0.00016799	5.44353831
0.00016785	5638.98897096
0.00016784	3091.07521553
0.0001677	124.0
0.00016759	384.2352263
0.0001673	5.46598924
0.00016717	8263.73303598
0.00016706	2.9927602
0.00016705	358.27596528
0.00016703	200.0
0.000167	6168.55386351
0.00016696	63.29402252
0.00016687	1946.37262242
0.00016685	590.7610305
0.0001668	1020.0
0.00016665	13.50120368
0.00016664	153.89711819
0.00016661	5.48862613
0.00016652	62.22166827
0.0001665	500.0
0.00016609	3.07219639
0.00016601	505.05201765
0.000166	38690.0
0.00016592	5.5114513
0.0001658	663.32143652
0.00016574	138.2989755
0.00016565	3493.31804362
0.00016563	500.0
0.0001656	590.7610305
0.00016559	6.09169595
0.0001655	188.82078308
0.00016523	19.1513756
0.00016518	440.83726843
0.00016509	2003.13853415
0.00016508	2500.0
0.00016506	2950.13604637
0.00016504	1208.79786718
0.000165	41575.1221079
0.00016486	302.5294189
0.00016465	400.0
0.00016461	47623.0
0.00016459	3.13853415
0.00016454	5.55767595
0.0001644	6.0
0.00016427	65.82989925
0.00016424	1000.0
0.0001642	52.1293986
0.00016411	3.04672105
0.0001641	1071.476215
0.00016409	3.13853415
0.000164	69883.0514168
0.00017137	1151.53706177
0.00017136	14239.7631709
0.0001713	232.92469352
0.000171	355.0
0.0001709	225.79267115
0.00017085	61801.602
0.00017076	992.97642053
0.00017075	5.35554905
0.0001705	1050.0
0.00017038	1812.03182416
0.00017014	500.0
0.00017013	58.63163463
0.00017006	5.37727861
0.00017001	45.22580863
0.00017	29353.2842063
0.00016989	75.75686341
0.00016977	14927.12
0.00016976	1125.18099891
0.00016974	2312.45728393
0.00016972	25.0
0.00016971	67809.36638
0.0001697	1041.76203922
0.00016969	17259.3085002
0.00016951	200.0
0.0001695	20.25219248
0.00016948	13.27559445
0.00016941	294.40410838
0.00016937	5.39918522
0.00016911	11.56907708
0.0001691	200.0
0.00016909	11.02253237
0.00016908	8.84936125
0.00016907	293.88368393
0.00016901	150.0
0.000169	31277.1704275
0.00016885	590.7610305
0.00016873	311.3237523
0.00016871	591.37134269
0.00016868	5.42127105
0.00016867	47623.0
0.00016854	2.96649027
0.0001685	205.52460401
0.00016806	13.38744863
0.000168	294.975
0.00016799	5.44353831
0.00016785	5638.98897096
0.00016784	3091.07521553
0.0001677	124.0
0.00016759	384.2352263
0.00016731	115.40589274
0.0001673	5.46598924
0.00016719	1942.64728455
0.00016717	8263.73303598
0.00016706	2.9927602
0.00016705	358.27596528
0.00016703	200.0
0.000167	6168.55386351
0.00016696	63.29402252
0.00016685	590.7610305
0.0001668	1020.0
0.00016665	13.50120368
0.00016664	153.89711819
0.00016661	5.48862613
0.00016652	62.22166827
0.0001665	500.0
0.00016609	3.07219639
0.00016601	505.05201765
0.000166	38690.0
0.00016592	5.5114513
0.0001658	663.32143652
0.00016574	138.2989755
0.00016565	3493.31804362
0.00016563	500.0
0.0001656	590.7610305
0.00016559	6.09169595
0.0001655	188.82078308
0.00016523	19.1513756
0.00016518	440.83726843
0.00016509	2003.13853415
0.00016508	2500.0
0.00016506	2950.13604637
0.00016504	1208.79786718
0.000165	41575.1221079
0.00016486	302.5294189
0.00016465	400.0
0.00016461	47623.0
0.00016459	3.13853415
0.00016454	5.55767595
0.0001644	6.0
0.00016427	65.82989925
0.00016424	1000.0
0.0001642	52.1293986
0.00016411	3.04672105
0.0001641	1071.476215
0.00016409	3.13853415
0.000164	69883.0514168
0.00016385	5.58108026
0.00016381	13.73461362
0.0001638	4511.05399038
0.00016375	121.83206107
0.00017136	8207.74625348
0.0001713	232.92469352
0.00017102	14896.64
0.00017101	1223.00172943
0.000171	355.0
0.00017091	992.1049299
0.0001709	225.79267115
0.00017086	6470.559
0.00017075	5.35554905
0.00017051	44035.641
0.0001705	1050.0
0.00017038	1812.03182416
0.00017014	500.0
0.00017013	58.63163463
0.00017006	5.37727861
0.00017001	45.22580863
0.00017	32287.7129248
0.00016989	75.75686341
0.00016977	14927.12
0.00016976	1125.18099891
0.00016974	2312.45728393
0.00016972	25.0
0.00016971	67809.36638
0.0001697	1041.76203922
0.00016969	17259.3085002
0.00016951	200.0
0.0001695	20.25219248
0.00016948	13.27559445
0.00016941	294.40410838
0.00016937	5.39918522
0.00016911	11.56907708
0.0001691	200.0
0.00016909	11.02253237
0.00016908	8.84936125
0.00016907	293.88368393
0.00016901	150.0
0.000169	31277.1704275
0.00016885	590.7610305
0.00016873	311.3237523
0.00016871	591.37134269
0.00016868	5.42127105
0.00016867	47623.0
0.00016854	2.96649027
0.0001685	205.52460401
0.00016806	13.38744863
0.000168	294.975
0.00016799	5.44353831
0.00016785	5638.98897096
0.00016784	3091.07521553
0.0001677	124.0
0.00016759	384.2352263
0.0001673	5.46598924
0.00016719	1942.64728455
0.00016717	8263.73303598
0.00016706	2.9927602
0.00016705	358.27596528
0.00016703	200.0
0.000167	6168.55386351
0.00016696	63.29402252
0.00016685	590.7610305
0.0001668	1020.0
0.00016665	13.50120368
0.00016664	153.89711819
0.00016661	5.48862613
0.00016652	62.22166827
0.0001665	500.0
0.0001661	164.20199604
0.00016609	3.07219639
0.00016601	505.05201765
0.000166	38690.0
0.00016592	5.5114513
0.0001658	663.32143652
0.00016574	138.2989755
0.00016565	3493.31804362
0.00016563	500.0
0.0001656	590.7610305
0.00016559	6.09169595
0.0001655	188.82078308
0.00016523	19.1513756
0.00016518	440.83726843
0.00016509	2003.13853415
0.00016508	2500.0
0.00016506	2950.13604637
0.00016504	1208.79786718
0.000165	41575.1221079
0.00016486	302.5294189
0.00016465	400.0
0.00016461	47623.0
0.00016459	3.13853415
0.00016454	5.55767595
0.0001644	6.0
0.00016427	65.82989925
0.00016424	1000.0
0.0001642	52.1293986
0.00016411	3.04672105
0.0001641	1071.476215
0.00016409	3.13853415
0.000164	69883.0514168
0.00016385	5.58108026
0.00016381	13.73461362
0.000172	20776.1427227
0.000171	355.0
0.00017097	5.24173832
0.0001709	225.79267115
0.00017063	74899.251
0.0001705	1050.0
0.00017038	1812.03182416
0.00017028	5.26297862
0.00017014	500.0
0.00017013	58.63163463
0.00017001	45.22580863
0.00017	32287.7129248
0.00016989	75.75686341
0.00016977	70.0
0.00016976	1125.18099891
0.00016974	2312.45728393
0.00016972	25.0
0.00016971	67809.36638
0.0001697	1041.76203922
0.00016969	17259.3085002
0.00016959	5.28439177
0.00016951	200.0
0.0001695	20.25219248
0.00016948	13.27559445
0.00016941	294.40410838
0.00016928	27.94782836
0.00016911	11.56907708
0.0001691	200.0
0.00016909	11.02253237
0.00016908	8.84936125
0.00016907	293.88368393
0.00016901	150.0
0.000169	31277.1704275
0.00016896	20.21218617
0.0001689	5.30597987
0.00016885	590.7610305
0.00016873	311.3237523
0.00016871	591.37134269
0.00016867	47623.0
0.00016854	2.96649027
0.0001685	205.52460401
0.00016821	5.32774508
0.00016806	13.38744863
0.000168	294.975
0.00016785	5638.98897096
0.00016784	3091.07521553
0.0001677	124.0
0.00016759	384.2352263
0.00016752	5.34968959
0.00016719	1942.64728455
0.00016717	8263.73303598
0.00016706	2.9927602
0.00016705	358.27596528
0.00016703	200.0
0.000167	6168.55386351
0.00016696	63.29402252
0.00016685	590.7610305
0.00016683	5.37181562
0.0001668	1020.0
0.00016665	13.50120368
0.00016664	153.89711819
0.00016652	62.22166827
0.0001665	500.0
0.00016614	5.39412544
0.00016609	3.07219639
0.00016601	505.05201765
0.000166	38690.0
0.0001658	663.32143652
0.00016574	138.2989755
0.00016565	3493.31804362
0.00016563	500.0
0.0001656	590.7610305
0.00016559	6.09169595
0.00016551	130.01401328
0.0001655	188.82078308
0.00016545	5.41662134
0.00016523	13.61690849
0.00016518	440.83726843
0.0001651	1586.12920229
0.00016509	2003.13853415
0.00016508	2500.0
0.00016506	2950.13604637
0.00016504	1208.79786718
0.000165	41575.1221079
0.00016486	302.5294189
0.00016476	5.43930566
0.00016465	400.0
0.00016461	47623.0
0.00016459	3.13853415
0.0001644	6.0
0.00016427	65.82989925
0.00016424	1000.0
0.0001642	52.1293986
0.00016412	1071.34564271
0.00016411	3.04672105
0.00016409	3.13853415
0.00016407	5.46218078
0.000164	69883.0514168
0.00016387	15350.9047021
0.00016381	13.73461362
0.00017054	1749.27113702
0.00017053	21412.001
0.0001705	1050.0
0.00017039	995.13265784
0.00017038	1812.03182416
0.00017028	5.26297862
0.00017014	500.0
0.00017013	58.63163463
0.00017001	45.22580863
0.00017	32295.9430626
0.00016989	75.75686341
0.00016977	70.0
0.00016976	1125.18099891
0.00016975	56224.439
0.00016974	2312.45728393
0.00016972	25.0
0.00016971	67809.36638
0.0001697	1041.76203922
0.00016969	17259.3085002
0.00016959	5.28439177
0.00016951	200.0
0.0001695	20.25219248
0.00016948	13.27559445
0.00016941	294.40410838
0.00016928	27.94782836
0.00016911	11.56907708
0.0001691	200.0
0.00016909	11.02253237
0.00016908	8.84936125
0.00016907	293.88368393
0.00016901	150.0
0.000169	31277.1704275
0.0001689	5.30597987
0.00016885	590.7610305
0.00016873	311.3237523
0.00016871	591.37134269
0.00016867	47623.0
0.00016854	2.96649027
0.0001685	205.52460401
0.00016821	5.32774508
0.00016806	13.38744863
0.000168	294.975
0.00016785	5638.98897096
0.00016784	3091.07521553
0.0001677	124.0
0.00016759	384.2352263
0.00016752	5.34968959
0.00016717	8263.73303598
0.00016706	2.9927602
0.00016705	358.27596528
0.00016703	200.0
0.000167	6316.0629689
0.00016696	63.29402252
0.00016687	1946.37262242
0.00016685	590.7610305
0.00016683	5.37181562
0.0001668	1020.0
0.00016665	13.50120368
0.00016664	153.89711819
0.00016652	62.22166827
0.0001665	500.0
0.00016614	5.39412544
0.00016609	3.07219639
0.00016601	505.05201765
0.000166	38690.0
0.0001658	663.32143652
0.00016574	138.2989755
0.00016565	3493.31804362
0.00016563	500.0
0.0001656	590.7610305
0.00016559	6.09169595
0.0001655	188.82078308
0.00016545	5.41662134
0.00016523	13.61690849
0.00016518	440.83726843
0.00016509	2003.13853415
0.00016508	2500.0
0.00016506	2950.13604637
0.00016504	1208.79786718
0.000165	41272.8493807
0.00016486	302.5294189
0.00016476	5.43930566
0.00016465	400.0
0.00016461	47623.0
0.00016459	3.13853415
0.0001644	6.0
0.00016427	65.82989925
0.00016424	1000.0
0.0001642	52.1293986
0.00016412	1071.34564271
0.00016411	3.04672105
0.00016409	3.13853415
0.00016407	5.46218078
0.000164	69883.0514168
0.00016381	122.81435648
0.0001638	4511.05399038
0.00016375	121.83206107
0.00016372	902.80774905
0.00016364	4.0
0.00016362	4.35090942
0.0001706	160.43097714
0.00017051	23676.408
0.0001705	1050.0
0.00017038	1812.03182416
0.00017028	5.26297862
0.00017014	500.0
0.00017013	58.63163463
0.00017002	997.29828002
0.00017001	45.22580863
0.00017	32295.9430626
0.00016989	75.75686341
0.00016977	70.0
0.00016976	1125.18099891
0.00016975	48744.633
0.00016974	2312.45728393
0.00016972	25.0
0.00016971	67809.36638
0.0001697	1041.76203922
0.00016969	17259.3085002
0.00016959	5.28439177
0.00016951	200.0
0.0001695	20.25219248
0.00016948	13.27559445
0.00016941	294.40410838
0.00016928	27.94782836
0.00016911	11.56907708
0.0001691	200.0
0.00016909	11.02253237
0.00016908	8.84936125
0.00016907	293.88368393
0.00016901	150.0
0.000169	31277.1704275
0.0001689	5.30597987
0.00016885	590.7610305
0.00016873	311.3237523
0.00016871	591.37134269
0.00016867	47623.0
0.00016854	2.96649027
0.0001685	205.52460401
0.00016821	5.32774508
0.00016806	13.38744863
0.000168	294.975
0.00016785	5638.98897096
0.00016784	3091.07521553
0.0001677	124.0
0.00016759	384.2352263
0.00016752	5.34968959
0.00016717	8263.73303598
0.00016706	2.9927602
0.00016705	358.27596528
0.00016703	200.0
0.000167	6316.0629689
0.00016696	63.29402252
0.00016685	590.7610305
0.00016683	5.37181562
0.0001668	1020.0
0.00016665	13.50120368
0.00016664	153.89711819
0.00016652	62.22166827
0.0001665	500.0
0.00016614	5.39412544
0.00016609	3.07219639
0.00016603	1956.21995726
0.00016601	505.05201765
0.000166	38690.0
0.0001658	663.32143652
0.00016574	138.2989755
0.00016565	3493.31804362
0.00016563	500.0
0.0001656	590.7610305
0.00016559	6.09169595
0.0001655	188.82078308
0.00016545	5.41662134
0.00016523	13.61690849
0.00016518	440.83726843
0.00016509	2003.13853415
0.00016508	2500.0
0.00016506	2950.13604637
0.00016504	1208.79786718
0.000165	41272.8493807
0.00016486	302.5294189
0.00016476	5.43930566
0.00016465	400.0
0.00016461	47623.0
0.00016459	3.13853415
0.0001644	6.0
0.00016427	65.82989925
0.00016424	1000.0
0.0001642	52.1293986
0.00016412	1071.34564271
0.00016411	3.04672105
0.00016409	3.13853415
0.00016407	5.46218078
0.000164	69883.0514168
0.00016381	122.81435648
0.0001638	4511.05399038
0.00016375	121.83206107
0.00016372	902.80774905
0.00016364	4.0
0.00016362	4.35090942
0.000172	4150.41090602
0.00017077	25296.302
0.00017076	1000.0
0.0001707	1000.0
0.0001706	160.43097714
0.0001705	50.0
0.00017039	995.13265784
0.00017038	1812.03182416
0.00017028	5.26297862
0.00017014	500.0
0.00017013	58.63163463
0.00017001	45.22580863
0.00017	32295.9430626
0.00016989	75.75686341
0.00016977	70.0
0.00016976	1125.18099891
0.00016975	49961.624
0.00016974	2312.45728393
0.00016972	25.0
0.00016971	67809.36638
0.0001697	1041.76203922
0.00016969	17259.3085002
0.00016959	5.28439177
0.00016951	200.0
0.0001695	20.25219248
0.00016948	13.27559445
0.00016941	294.40410838
0.00016928	27.94782836
0.00016911	11.56907708
0.0001691	200.0
0.00016909	11.02253237
0.00016908	8.84936125
0.00016907	293.88368393
0.00016901	150.0
0.000169	31277.1704275
0.0001689	5.30597987
0.00016885	590.7610305
0.00016873	311.3237523
0.00016871	591.37134269
0.00016867	47623.0
0.00016854	2.96649027
0.0001685	205.52460401
0.00016821	5.32774508
0.00016806	13.38744863
0.000168	294.975
0.00016785	5638.98897096
0.00016784	3091.07521553
0.0001677	124.0
0.00016759	384.2352263
0.00016752	5.34968959
0.00016719	1942.64728455
0.00016717	8263.73303598
0.00016706	2.9927602
0.00016705	358.27596528
0.00016703	200.0
0.000167	6316.0629689
0.00016696	63.29402252
0.00016685	590.7610305
0.00016683	5.37181562
0.0001668	1020.0
0.00016665	13.50120368
0.00016664	153.89711819
0.00016652	62.22166827
0.0001665	500.0
0.00016614	5.39412544
0.00016609	3.07219639
0.00016601	505.05201765
0.000166	38690.0
0.0001658	663.32143652
0.00016574	138.2989755
0.00016565	3493.31804362
0.00016563	500.0
0.0001656	590.7610305
0.00016559	6.09169595
0.0001655	188.82078308
0.00016545	5.41662134
0.00016523	13.61690849
0.00016518	440.83726843
0.00016509	2003.13853415
0.00016508	2500.0
0.00016506	2950.13604637
0.00016504	1208.79786718
0.000165	41272.8493807
0.00016486	302.5294189
0.00016476	5.43930566
0.00016465	400.0
0.00016461	47623.0
0.00016459	3.13853415
0.0001644	6.0
0.00016427	65.82989925
0.00016424	1000.0
0.0001642	52.1293986
0.00016412	1071.34564271
0.00016411	3.04672105
0.00016409	3.13853415
0.00016407	5.46218078
0.000164	69883.0514168
0.00016381	13.73461362
0.0001638	4511.05399038
0.00016375	282.59084587
0.00017076	1000.0
0.0001706	160.43097714
0.0001705	50.0
0.00017049	5.05425538
0.00017039	66199.408
0.00017038	1812.03182416
0.00017014	500.0
0.00017013	58.63163463
0.00017002	997.29828002
0.00017001	45.22580863
0.00017	32295.9430626
0.00016989	75.75686341
0.0001698	5.07479388
0.00016977	70.0
0.00016976	1125.18099891
0.00016975	10894.514
0.00016974	2312.45728393
0.00016972	25.0
0.00016971	67809.36638
0.0001697	1041.76203922
0.00016969	17259.3085002
0.00016951	200.0
0.0001695	20.25219248
0.00016948	13.27559445
0.00016941	294.40410838
0.00016928	27.94782836
0.00016911	16.66457705
0.0001691	200.0
0.00016909	11.02253237
0.00016908	8.84936125
0.00016907	293.88368393
0.00016901	150.0
0.000169	31277.1704275
0.00016885	590.7610305
0.00016873	311.3237523
0.00016871	591.37134269
0.00016867	47623.0
0.00016854	2.96649027
0.0001685	205.52460401
0.00016842	5.11637573
0.00016806	13.38744863
0.000168	294.975
0.00016785	5638.98897096
0.00016784	3091.07521553
0.00016773	5.13742324
0.0001677	124.0
0.00016759	384.2352263
0.00016717	8263.73303598
0.00016706	2.9927602
0.00016705	358.27596528
0.00016704	5.15864464
0.00016703	200.0
0.000167	6316.0629689
0.00016696	63.29402252
0.00016685	590.7610305
0.0001668	1020.0
0.00016665	13.50120368
0.00016664	153.89711819
0.00016652	62.22166827
0.0001665	500.0
0.00016635	5.18004208
0.00016609	3.07219639
0.00016603	1956.21995726
0.00016601	505.05201765
0.000166	38690.0
0.0001658	663.32143652
0.00016574	138.2989755
0.00016566	5.20161777
0.00016565	3493.31804362
0.00016563	500.0
0.0001656	590.7610305
0.00016559	6.09169595
0.0001655	188.82078308
0.00016523	13.61690849
0.00016518	440.83726843
0.00016509	2003.13853415
0.00016508	2500.0
0.00016506	2950.13604637
0.00016504	1208.79786718
0.000165	41055.132552
0.00016497	5.22337395
0.00016488	98.93913453
0.00016486	302.5294189
0.00016465	400.0
0.00016461	47623.0
0.00016459	3.13853415
0.0001644	6.0
0.00016428	5.24531288
0.00016427	65.82989925
0.00016424	1000.0
0.0001642	52.1293986
0.00016411	3.04672105
0.00016409	3.13853415
0.000164	69883.0514168
0.00016381	13.73461362
0.0001638	4511.05399038
0.00016375	121.83206107
0.00016372	902.80774905
0.00016364	4.0
0.00016362	4.35090942
0.00017088	590.08067504
0.00017078	7748.14
0.00017076	1003.48187795
0.00017061	993.84944358
0.0001706	160.43097714
0.0001705	112.49545191
0.00017049	5.05425538
0.00017038	1812.03182416
0.00017014	500.0
0.00017013	58.63163463
0.00017001	45.22580863
0.00017	32295.9430626
0.00016989	75.75686341
0.0001698	5.07479388
0.00016977	70.0
0.00016976	1125.18099891
0.00016974	2312.45728393
0.00016972	25.0
0.00016971	67809.36638
0.0001697	1041.76203922
0.00016969	17259.3085002
0.00016951	200.0
0.0001695	20.25219248
0.00016948	13.27559445
0.00016941	294.40410838
0.00016928	27.94782836
0.00016911	16.66457705
0.0001691	200.0
0.00016909	11.02253237
0.00016908	8.84936125
0.00016907	293.88368393
0.00016901	150.0
0.000169	31277.1704275
0.00016885	590.7610305
0.00016873	311.3237523
0.00016871	591.37134269
0.00016867	47623.0
0.0001685	205.52460401
0.00016842	5.11637573
0.00016806	13.38744863
0.000168	294.975
0.00016785	5638.98897096
0.00016784	3091.07521553
0.00016773	5.13742324
0.0001677	124.0
0.00016759	384.2352263
0.00016719	1942.64728455
0.00016717	8263.73303598
0.00016705	358.27596528
0.00016704	5.15864464
0.00016703	200.0
0.000167	6316.0629689
0.00016696	63.29402252
0.00016685	590.7610305
0.0001668	1020.0
0.00016665	13.50120368
0.00016664	153.89711819
0.00016652	62.22166827
0.0001665	500.0
0.00016635	5.18004208
0.00016609	3.07219639
0.00016601	505.05201765
0.000166	38690.0
0.0001658	663.32143652
0.00016574	138.2989755
0.00016567	146.8316524
0.00016566	5.20161777
0.00016565	3493.31804362
0.00016563	500.0
0.0001656	590.7610305
0.00016559	3.07219639
0.0001655	188.82078308
0.00016523	13.61690849
0.00016518	440.83726843
0.00016509	2003.13853415
0.00016508	2500.0
0.00016506	2950.13604637
0.00016504	1208.79786718
0.000165	41272.8493807
0.00016497	5.22337395
0.00016486	302.5294189
0.00016465	400.0
0.00016461	47623.0
0.00016459	3.13853415
0.0001644	6.0
0.00016428	5.24531288
0.00016427	65.82989925
0.00016424	1000.0
0.0001642	1122.95307023
0.00016409	3.13853415
0.000164	69883.0514168
0.00016381	13.73461362
0.0001638	4511.05399038
0.00016375	121.83206107
0.00016372	902.80774905
0.00016364	4.0
0.00016362	4.35090942
0.0001636	15.0
0.00016359	8.40597103
0.00016343	15444.3981484
0.000172	458.41860465
0.00017133	79.79122922
0.0001709	992.16298168
0.00017089	5837.08818538
0.00017088	590.08067504
0.00017076	1003.48187795
0.0001706	160.43097714
0.0001705	112.49545191
0.00017049	5.05425538
0.00017039	55237.578
0.00017038	1812.03182416
0.00017014	500.0
0.00017013	58.63163463
0.00017001	45.22580863
0.00017	32320.9430626
0.00016989	75.75686341
0.0001698	5.07479388
0.00016977	70.0
0.00016976	1125.18099891
0.00016974	2312.45728393
0.00016972	21775.542
0.00016971	67809.36638
0.0001697	1041.76203922
0.00016969	17259.3085002
0.00016951	200.0
0.0001695	20.25219248
0.00016948	13.27559445
0.00016941	294.40410838
0.00016928	27.94782836
0.00016911	16.66457705
0.0001691	200.0
0.00016909	11.02253237
0.00016908	8.84936125
0.00016907	293.88368393
0.00016901	150.0
0.000169	31277.1704275
0.00016885	590.7610305
0.00016873	311.3237523
0.00016871	591.37134269
0.00016867	47623.0
0.00016857	2.96607451
0.0001685	205.52460401
0.00016842	5.11637573
0.00016806	13.38744863
0.000168	294.975
0.00016785	5638.98897096
0.00016784	3091.07521553
0.00016773	5.13742324
0.0001677	124.0
0.00016759	384.2352263
0.00016717	8263.73303598
0.00016711	2.99191402
0.00016705	358.27596528
0.00016704	5.15864464
0.00016703	200.0
0.000167	6316.0629689
0.00016696	63.29402252
0.00016687	1946.37262242
0.00016685	590.7610305
0.0001668	1020.0
0.00016665	13.50120368
0.00016664	153.89711819
0.00016652	62.22166827
0.0001665	500.0
0.00016635	5.18004208
0.0001661	110.47280829
0.00016609	3.07219639
0.00016602	1595.66041596
0.00016601	505.05201765
0.000166	38690.0
0.0001658	663.32143652
0.00016574	138.2989755
0.00016566	8.21982546
0.00016565	3493.31804362
0.00016563	500.0
0.0001656	590.7610305
0.00016559	3.07219639
0.0001655	188.82078308
0.00016523	13.61690849
0.00016518	440.83726843
0.00016509	2003.13853415
0.00016508	2500.0
0.00016506	2950.13604637
0.00016504	1208.79786718
0.000165	41272.8493807
0.00016497	5.22337395
0.00016486	302.5294189
0.00016465	400.0
0.00016461	47623.0
0.00016459	3.13853415
0.0001644	6.0
0.00016428	5.24531288
0.00016427	65.82989925
0.00016424	1000.0
0.0001642	1125.99803784
0.00016409	3.13853415
0.000164	69883.0514168
0.00016381	13.73461362
0.0001638	4511.05399038
0.00016375	121.83206107
0.00017201	4.5e-06
0.00017133	73.96913151
0.00017101	991.52478551
0.000171	875.0
0.00017089	5837.08818538
0.00017076	1003.48187795
0.0001706	160.43097714
0.0001705	112.49545191
0.00017049	5.05425538
0.00017039	37520.551
0.00017038	1812.03182416
0.00017014	500.0
0.00017013	58.63163463
0.00017001	186.69399464
0.00017	32875.9430626
0.00016989	78.69994423
0.0001698	5.07479388
0.00016977	27704.5
0.00016976	9878.45199891
0.00016974	2312.45728393
0.00016972	25.0
0.00016971	67809.36638
0.0001697	1041.76203922
0.00016969	17259.3085002
0.00016951	200.0
0.0001695	20.25219248
0.00016948	13.27559445
0.00016941	294.40410838
0.00016911	16.66457705
0.0001691	200.0
0.00016909	11.02253237
0.00016908	8.84936125
0.00016907	293.88368393
0.00016901	150.0
0.000169	31277.1704275
0.00016885	590.7610305
0.00016873	311.3237523
0.00016871	591.37134269
0.00016867	47623.0
0.00016857	2.96607451
0.0001685	205.52460401
0.00016842	5.11637573
0.00016806	13.38744863
0.000168	294.975
0.00016785	5638.98897096
0.00016784	3091.07521553
0.00016773	5.13742324
0.0001677	124.0
0.00016759	384.2352263
0.00016719	1942.64728455
0.00016717	8263.73303598
0.00016711	2.99191402
0.00016705	358.27596528
0.00016704	5.15864464
0.00016703	200.0
0.000167	6316.0629689
0.00016696	63.29402252
0.00016685	590.7610305
0.0001668	1020.0
0.00016665	13.50120368
0.00016664	153.89711819
0.00016652	62.22166827
0.0001665	500.0
0.00016635	5.18004208
0.00016609	3.07219639
0.00016601	505.05201765
0.000166	38690.0
0.00016582	591.04897629
0.00016581	100.00077018
0.0001658	663.32143652
0.00016574	138.2989755
0.00016566	8.21982546
0.00016565	3493.31804362
0.00016563	500.0
0.0001656	590.7610305
0.00016559	3.07219639
0.0001655	688.82078308
0.00016523	13.61690849
0.00016518	440.83726843
0.00016509	2003.13853415
0.00016508	2500.0
0.00016506	2950.13604637
0.00016504	1208.79786718
0.000165	41272.8493807
0.00016497	5.22337395
0.00016486	302.5294189
0.00016465	400.0
0.00016461	47623.0
0.00016459	3.13853415
0.0001644	6.0
0.00016428	5.24531288
0.00016427	65.82989925
0.00016424	1000.0
0.0001642	1125.99803784
0.00016409	3.13853415
0.000164	69883.0514168
0.00016381	13.73461362
0.0001638	4511.05399038
0.00016375	121.83206107
0.00016372	902.80774905
0.00017093	1133.28987712
0.0001709	1000.0
0.00017089	5837.08818538
0.00017077	6083.342
0.00017076	1000.0
0.00017061	993.84944358
0.0001706	160.43097714
0.0001705	112.49545191
0.00017049	5.05425538
0.00017038	1812.03182416
0.00017014	500.0
0.00017013	58.63163463
0.00017001	71525.8529946
0.00017	32875.9430626
0.00016989	75.75686341
0.0001698	5.07479388
0.00016977	70.0
0.00016976	1125.18099891
0.00016974	2312.45728393
0.00016972	25.0
0.00016971	67809.36638
0.0001697	1041.76203922
0.00016969	17259.3085002
0.00016951	200.0
0.0001695	20.25219248
0.00016948	13.27559445
0.00016941	294.40410838
0.00016911	16.66457705
0.0001691	200.0
0.00016909	11.02253237
0.00016908	8.84936125
0.00016907	293.88368393
0.00016901	150.0
0.000169	31277.1704275
0.00016885	590.7610305
0.00016873	311.3237523
0.00016871	591.37134269
0.00016867	47623.0
0.00016857	2.96607451
0.0001685	205.52460401
0.00016842	5.11637573
0.00016806	13.38744863
0.000168	294.975
0.00016785	5638.98897096
0.00016784	3091.07521553
0.00016773	5.13742324
0.0001677	124.0
0.00016759	384.2352263
0.00016719	1942.64728455
0.00016717	8263.73303598
0.00016711	2.99191402
0.00016705	358.27596528
0.00016704	5.15864464
0.00016703	200.0
0.000167	6316.0629689
0.00016696	63.29402252
0.00016685	590.7610305
0.0001668	1020.0
0.00016665	13.50120368
0.00016664	153.89711819
0.00016652	62.22166827
0.0001665	500.0
0.00016635	5.18004208
0.00016609	3.07219639
0.00016601	505.05201765
0.000166	38690.0
0.0001658	663.32143652
0.00016574	138.2989755
0.00016566	8.21982546
0.00016565	3493.31804362
0.00016563	500.0
0.0001656	590.7610305
0.00016559	3.07219639
0.0001655	688.82078308
0.00016523	13.61690849
0.00016518	440.83726843
0.00016509	2003.13853415
0.00016508	2500.0
0.00016506	2950.13604637
0.00016504	1208.79786718
0.000165	41272.8493807
0.00016497	5.22337395
0.00016486	302.5294189
0.00016466	529.29018187
0.00016465	400.0
0.00016461	47623.0
0.00016459	3.13853415
0.0001644	6.0
0.00016428	5.24531288
0.00016427	65.82989925
0.00016424	1000.0
0.0001642	1125.99803784
0.00016409	3.13853415
0.000164	69883.0514168
0.00016381	13.73461362
0.0001638	4511.05399038
0.00016375	121.83206107
0.00016372	902.80774905
0.00016364	4.0
0.00016362	4.35090942
0.00017236	115.73939781
0.00017098	4.83284595
0.00017093	8840.961
0.0001709	1000.0
0.00017089	5837.08818538
0.0001708	1000.0
0.0001706	160.43097714
0.0001705	62.49545191
0.00017038	1812.03182416
0.00017029	4.85242821
0.00017014	500.0
0.00017013	58.63163463
0.00017008	2.93979304
0.00017002	62800.732
0.00017001	786.69399464
0.00017	32875.9430626
0.00016989	75.75686341
0.00016977	70.0
0.00016976	1125.18099891
0.00016974	2312.45728393
0.00016972	25.0
0.00016971	67809.36638
0.0001697	1041.76203922
0.00016969	17259.3085002
0.0001696	4.87216981
0.00016951	200.0
0.0001695	20.25219248
0.00016948	13.27559445
0.00016941	294.40410838
0.00016911	11.56907708
0.0001691	200.0
0.00016909	11.02253237
0.00016908	8.84936125
0.00016907	293.88368393
0.00016901	150.0
0.000169	31277.1704275
0.00016891	4.8920727
0.00016885	590.7610305
0.00016873	311.3237523
0.00016871	591.37134269
0.00016867	47623.0
0.00016857	2.96607451
0.0001685	205.52460401
0.00016822	4.91213887
0.00016806	13.38744863
0.000168	294.975
0.00016785	5638.98897096
0.00016784	3091.07521553
0.0001677	124.0
0.00016759	384.2352263
0.00016753	4.93237032
0.00016719	1942.64728455
0.00016717	8263.73303598
0.00016711	2.99191402
0.00016705	358.27596528
0.00016703	200.0
0.000167	6316.0629689
0.00016696	63.29402252
0.00016685	590.7610305
0.00016684	4.95276912
0.0001668	1020.0
0.00016665	13.50120368
0.00016664	153.89711819
0.00016652	62.22166827
0.0001665	500.0
0.00016615	4.97333735
0.00016609	3.07219639
0.00016601	505.05201765
0.000166	38690.0
0.0001658	663.32143652
0.00016574	138.2989755
0.00016566	3.01820769
0.00016565	3493.31804362
0.00016563	500.0
0.0001656	590.7610305
0.00016559	3.07219639
0.0001655	688.82078308
0.00016546	4.99407712
0.00016523	13.61690849
0.00016518	440.83726843
0.00016509	2003.13853415
0.00016508	2500.0
0.00016506	2950.13604637
0.00016504	1208.79786718
0.000165	41272.8493807
0.00016486	302.5294189
0.00016477	5.01499059
0.00016465	400.0
0.00016461	47623.0
0.00016459	3.13853415
0.0001644	6.0
0.00016428	420.3249271
0.00016427	65.82989925
0.00016426	1070.43252698
0.00016424	1000.0
0.0001642	55.17436621
0.00016409	3.13853415
0.00016408	5.03607996
0.000164	69883.0514168
0.00016381	13.73461362
0.00017101	200.0
0.00017098	4.83284595
0.0001709	1000.0
0.00017084	72177.056
0.0001708	1000.0
0.0001706	160.43097714
0.00017051	994.43231229
0.0001705	62.49545191
0.00017038	1812.03182416
0.00017029	4.85242821
0.00017014	500.0
0.00017013	58.63163463
0.00017001	786.69399464
0.00017	35902.4213158
0.00016989	75.75686341
0.00016981	2.94455405
0.00016977	70.0
0.00016976	1125.18099891
0.00016974	2312.45728393
0.00016972	25.0
0.00016971	49526.44459
0.0001697	1041.76203922
0.00016969	17259.3085002
0.0001696	4.87216981
0.00016951	200.0
0.0001695	20.25219248
0.00016948	13.27559445
0.00016941	294.40410838
0.00016911	11.56907708
0.0001691	200.0
0.00016909	11.02253237
0.00016908	8.84936125
0.00016907	293.88368393
0.00016901	150.0
0.000169	31277.1704275
0.00016891	4.8920727
0.00016885	590.7610305
0.00016873	311.3237523
0.00016871	591.37134269
0.00016869	535.16988184
0.00016867	47623.0
0.00016857	2.96607451
0.0001685	205.52460401
0.00016822	4.91213887
0.00016806	13.38744863
0.000168	294.975
0.00016785	5638.98897096
0.00016784	3091.07521553
0.0001677	124.0
0.00016759	384.2352263
0.00016753	4.93237032
0.00016717	7463.73303598
0.00016711	2.99191402
0.00016705	358.27596528
0.00016703	200.0
0.000167	6316.0629689
0.00016696	63.29402252
0.00016687	1946.37262242
0.00016685	590.7610305
0.00016684	4.95276912
0.0001668	1020.0
0.00016665	13.50120368
0.00016664	153.89711819
0.00016652	62.22166827
0.0001665	500.0
0.00016615	4.97333735
0.00016609	3.07219639
0.00016601	505.05201765
0.000166	38690.0
0.0001658	663.32143652
0.00016574	138.2989755
0.00016566	3.01820769
0.00016565	3493.31804362
0.00016563	500.0
0.0001656	590.7610305
0.00016559	3.07219639
0.0001655	688.82078308
0.00016546	4.99407712
0.00016523	13.61690849
0.00016518	440.83726843
0.00016509	2003.13853415
0.00016508	2500.0
0.00016506	2950.13604637
0.00016504	1208.79786718
0.000165	41272.8493807
0.00016486	302.5294189
0.00016477	5.01499059
0.00016465	400.0
0.00016461	47623.0
0.00016459	3.13853415
0.0001644	6.0
0.00016427	65.82989925
0.00016426	1070.43252698
0.00016424	1000.0
0.0001642	55.17436621
0.00016409	3.13853415
0.00016408	5.03607996
0.000164	69883.0514168
0.00016381	13.73461362
0.0001638	4511.05399038
0.000171	6339.04525598
0.0001709	1000.0
0.00017084	72477.056
0.0001708	1000.0
0.0001706	160.43097714
0.0001705	62.49545191
0.00017038	1812.03182416
0.00017029	4.85242821
0.00017014	500.0
0.00017013	58.63163463
0.00017001	786.69399464
0.00017	35902.4213158
0.0001699	998.00266963
0.00016989	75.75686341
0.00016977	70.0
0.00016976	1125.18099891
0.00016974	2312.45728393
0.00016972	25.0
0.00016971	49526.44459
0.0001697	1041.76203922
0.00016969	17259.3085002
0.0001696	4.87216981
0.00016951	200.0
0.0001695	20.25219248
0.00016948	13.27559445
0.00016941	294.40410838
0.00016911	11.56907708
0.0001691	200.0
0.00016909	11.02253237
0.00016908	8.84936125
0.00016907	293.88368393
0.00016901	150.0
0.000169	31270.0875873
0.00016891	4.8920727
0.00016885	590.7610305
0.00016873	311.3237523
0.00016871	591.37134269
0.00016869	535.16988184
0.00016867	47623.0
0.00016857	2.96607451
0.0001685	205.52460401
0.00016822	4.91213887
0.00016806	13.38744863
0.000168	294.975
0.00016785	5638.98897096
0.00016784	3091.07521553
0.0001677	124.0
0.00016759	384.2352263
0.00016753	4.93237032
0.00016719	1942.64728455
0.00016717	7463.73303598
0.00016711	2.99191402
0.00016705	358.27596528
0.00016703	200.0
0.000167	6316.0629689
0.00016696	63.29402252
0.00016685	590.7610305
0.00016684	4.95276912
0.0001668	1020.0
0.00016665	13.50120368
0.00016664	153.89711819
0.00016652	62.22166827
0.0001665	500.0
0.00016615	4.97333735
0.00016609	3.07219639
0.00016601	505.05201765
0.000166	38690.0
0.0001658	663.32143652
0.00016574	138.2989755
0.00016566	3.01820769
0.00016565	3493.31804362
0.00016563	500.0
0.0001656	590.7610305
0.00016559	3.07219639
0.0001655	688.82078308
0.00016546	4.99407712
0.00016523	13.61690849
0.00016518	440.83726843
0.00016509	2003.13853415
0.00016508	2500.0
0.00016506	2950.13604637
0.00016504	1208.79786718
0.000165	41280.1039261
0.00016486	302.5294189
0.00016477	5.01499059
0.00016465	400.0
0.00016461	47623.0
0.00016459	3.13853415
0.0001644	6.0
0.00016427	65.82989925
0.00016426	1070.43252698
0.00016424	1000.0
0.0001642	55.17436621
0.00016409	3.13853415
0.00016408	5.03607996
0.000164	69883.0514168
0.00016381	13.73461362
0.0001638	4511.05399038
0.00016375	121.83206107
0.00016372	902.80774905
0.00017103	16424.879
0.000171	6339.04525598
0.0001709	1000.0
0.00017084	300.0
0.00017081	62768.644
0.0001708	1000.0
0.0001706	160.43097714
0.00017051	994.43231229
0.0001705	62.49545191
0.00017038	1812.03182416
0.00017029	4.85242821
0.00017014	500.0
0.00017013	58.63163463
0.00017001	786.69399464
0.00017	35902.4213158
0.00016989	75.75686341
0.00016977	72.94524784
0.00016976	1125.18099891
0.00016974	2312.45728393
0.00016972	25.0
0.00016971	49526.44459
0.0001697	1041.76203922
0.00016969	17259.3085002
0.0001696	4.87216981
0.00016951	200.0
0.0001695	20.25219248
0.00016948	13.27559445
0.00016941	294.40410838
0.00016911	11.56907708
0.0001691	200.0
0.00016909	11.02253237
0.00016908	8.84936125
0.00016907	293.88368393
0.00016901	150.0
0.000169	31270.0875873
0.00016891	4.8920727
0.00016885	590.7610305
0.00016873	311.3237523
0.00016871	591.37134269
0.00016869	535.16988184
0.00016867	47623.0
0.00016857	2.96607451
0.0001685	205.52460401
0.00016822	4.91213887
0.00016806	13.38744863
0.000168	294.975
0.00016785	5638.98897096
0.00016784	3091.07521553
0.0001677	124.0
0.00016759	384.2352263
0.00016753	4.93237032
0.00016719	1942.64728455
0.00016717	7463.73303598
0.00016711	2.99191402
0.00016705	358.27596528
0.00016703	200.0
0.000167	6316.0629689
0.00016696	63.29402252
0.00016685	590.7610305
0.00016684	4.95276912
0.0001668	1020.0
0.00016665	13.50120368
0.00016664	153.89711819
0.00016652	62.22166827
0.0001665	500.0
0.00016615	4.97333735
0.00016609	3.07219639
0.00016601	505.05201765
0.000166	38690.0
0.0001658	663.32143652
0.00016574	138.2989755
0.00016566	3.01820769
0.00016565	3493.31804362
0.00016563	500.0
0.0001656	590.7610305
0.00016559	3.07219639
0.0001655	688.82078308
0.00016546	4.99407712
0.00016523	13.61690849
0.00016518	440.83726843
0.00016509	2003.13853415
0.00016508	2500.0
0.00016506	2950.13604637
0.00016504	1208.79786718
0.000165	41502.7762138
0.00016486	302.5294189
0.00016477	5.01499059
0.00016465	400.0
0.00016461	47623.0
0.00016459	3.13853415
0.0001644	6.0
0.00016427	65.82989925
0.00016426	1070.43252698
0.00016424	1000.0
0.0001642	55.17436621
0.00016409	3.13853415
0.00016408	5.03607996
0.000164	69883.0514168
0.00016381	13.73461362
0.0001638	4511.05399038
0.00017105	23072.5837271
0.00017104	5831.96913003
0.00017103	5832.31012103
0.0001709	1382.47301375
0.00017084	300.0
0.0001708	1000.0
0.0001706	160.43097714
0.00017051	994.43231229
0.0001705	62.49545191
0.00017038	1816.69986031
0.00017014	500.0
0.00017013	58.63163463
0.00017001	53725.4109946
0.00017	35902.4213158
0.00016989	75.75686341
0.00016977	70.0
0.00016976	1125.18099891
0.00016974	2312.45728393
0.00016972	25.0
0.00016971	49526.44459
0.0001697	1046.44878053
0.00016969	17259.3085002
0.00016951	200.0
0.0001695	20.25219248
0.00016948	13.27559445
0.00016941	294.40410838
0.00016911	11.56907708
0.0001691	200.0
0.00016909	11.02253237
0.00016908	8.84936125
0.00016907	293.88368393
0.00016902	4.70559697
0.00016901	150.0
0.000169	31270.0875873
0.00016885	590.7610305
0.00016873	311.3237523
0.00016871	591.37134269
0.00016867	47623.0
0.00016857	2.96607451
0.0001685	205.52460401
0.00016834	4.72460497
0.00016806	13.38744863
0.000168	294.975
0.00016785	5638.98897096
0.00016784	3091.07521553
0.0001677	124.0
0.00016766	4.74376715
0.00016759	384.2352263
0.00016719	1942.64728455
0.00016717	7463.73303598
0.00016711	2.99191402
0.00016705	358.27596528
0.00016703	200.0
0.000167	6316.0629689
0.00016698	4.7630854
0.00016696	63.29402252
0.00016685	590.7610305
0.0001668	1020.0
0.00016665	13.50120368
0.00016664	153.89711819
0.00016652	62.22166827
0.0001665	500.0
0.0001663	4.78256164
0.00016609	3.07219639
0.00016601	505.05201765
0.000166	38690.0
0.0001658	663.32143652
0.00016574	138.2989755
0.00016566	3.01820769
0.00016565	3493.31804362
0.00016563	500.0
0.00016562	4.8021978
0.0001656	590.7610305
0.00016559	3.07219639
0.0001655	688.82078308
0.00016523	13.61690849
0.00016518	440.83726843
0.00016509	2003.13853415
0.00016508	2500.0
0.00016506	2950.13604637
0.00016504	1208.79786718
0.000165	41502.7762138
0.00016494	4.82199588
0.00016486	302.5294189
0.00016465	400.0
0.00016461	47623.0
0.00016459	3.13853415
0.0001644	6.0
0.00016427	65.82989925
0.00016426	1075.27448485
0.00016424	1000.0
0.0001642	55.17436621
0.00016409	3.13853415
0.000164	69883.0514168
0.00016381	13.73461362
0.0001638	4511.05399038
0.00016375	121.83206107
0.00016372	902.80774905
0.00016364	4.0
0.00016362	4.35090942
0.00017153	230.73816444
0.00017115	500.0
0.00017105	38106.348
0.00017104	5831.96913003
0.00017103	5832.31012103
0.0001709	1382.47301375
0.00017084	300.0
0.0001708	1000.0
0.00017061	993.84944358
0.0001706	160.43097714
0.0001705	62.49545191
0.00017039	37092.06
0.00017038	1816.69986031
0.00017014	500.0
0.00017013	58.63163463
0.00017001	786.69399464
0.00017	35902.4213158
0.00016989	75.75686341
0.00016977	70.0
0.00016976	1125.18099891
0.00016974	2312.45728393
0.00016972	25.0
0.00016971	49526.44459
0.0001697	1046.44878053
0.00016969	17259.3085002
0.00016951	200.0
0.0001695	20.25219248
0.00016948	13.27559445
0.00016941	294.40410838
0.00016939	687.73769843
0.00016911	11.56907708
0.0001691	200.0
0.00016909	11.02253237
0.00016908	8.84936125
0.00016907	293.88368393
0.00016902	4.70559697
0.00016901	150.0
0.000169	31270.0875873
0.00016885	590.7610305
0.00016873	311.3237523
0.00016871	591.37134269
0.00016867	47623.0
0.00016857	2.96607451
0.0001685	205.52460401
0.00016834	4.72460497
0.00016806	13.38744863
0.000168	294.975
0.00016785	5638.98897096
0.00016784	3091.07521553
0.0001677	124.0
0.00016766	4.74376715
0.00016759	384.2352263
0.00016717	7463.73303598
0.00016711	2.99191402
0.00016705	358.27596528
0.00016703	200.0
0.000167	6316.0629689
0.00016698	4.7630854
0.00016696	63.29402252
0.00016687	1946.37262242
0.00016685	590.7610305
0.0001668	1020.0
0.00016665	13.50120368
0.00016664	153.89711819
0.00016652	62.22166827
0.0001665	500.0
0.0001663	4.78256164
0.00016609	3.07219639
0.00016601	505.05201765
0.000166	38690.0
0.0001658	663.32143652
0.00016574	138.2989755
0.00016566	3.01820769
0.00016565	3493.31804362
0.00016563	500.0
0.00016562	4.8021978
0.0001656	590.7610305
0.00016559	3.07219639
0.0001655	688.82078308
0.00016523	13.61690849
0.00016518	440.83726843
0.00016509	2003.13853415
0.00016508	2500.0
0.00016506	2950.13604637
0.00016504	1208.79786718
0.000165	42200.7762138
0.00016494	4.82199588
0.00016486	302.5294189
0.00016465	400.0
0.00016461	47623.0
0.00016459	3.13853415
0.0001644	6.0
0.00016427	65.82989925
0.00016426	4.84195787
0.00016425	1070.49769791
0.00016424	1000.0
0.0001642	55.17436621
0.00016409	3.13853415
0.000164	69883.0514168
0.00016381	13.73461362
0.00017233	7663.00467769
0.00017157	12239.267
0.00017151	16.91556673
0.00017123	64423.592
0.00017122	990.30868806
0.00017115	500.0
0.00017104	5831.96913003
0.00017103	8748.46518155
0.00017102	1000.0
0.0001709	1382.47301375
0.00017084	300.0
0.0001706	160.43097714
0.0001705	62.49545191
0.00017038	1816.69986031
0.00017014	500.0
0.00017013	58.63163463
0.00017001	786.69399464
0.00017	35902.4213158
0.00016989	75.75686341
0.00016977	70.0
0.00016976	1125.18099891
0.00016974	2312.45728393
0.00016972	25.0
0.00016971	49526.44459
0.0001697	1046.44878053
0.00016969	17259.3085002
0.00016951	200.0
0.0001695	20.25219248
0.00016948	13.27559445
0.00016941	294.40410838
0.00016911	11.56907708
0.0001691	200.0
0.00016909	11.02253237
0.00016908	8.84936125
0.00016907	293.88368393
0.00016902	4.70559697
0.00016901	150.0
0.000169	31270.0875873
0.00016885	590.7610305
0.00016873	311.3237523
0.00016871	591.37134269
0.00016867	47623.0
0.00016857	2.96607451
0.0001685	205.52460401
0.00016834	4.72460497
0.00016806	13.38744863
0.000168	294.975
0.00016785	5638.98897096
0.00016784	3091.07521553
0.0001677	124.0
0.00016766	4.74376715
0.00016759	384.2352263
0.00016719	1942.64728455
0.00016717	7463.73303598
0.00016711	2.99191402
0.00016705	358.27596528
0.00016703	200.0
0.000167	6316.0629689
0.00016698	4.7630854
0.00016696	63.29402252
0.00016685	590.7610305
0.0001668	1020.0
0.00016665	13.50120368
0.00016664	153.89711819
0.00016652	62.22166827
0.0001665	500.0
0.0001663	4.78256164
0.00016609	3.07219639
0.00016601	505.05201765
0.000166	38690.0
0.0001658	663.32143652
0.00016574	138.2989755
0.00016566	3.01820769
0.00016565	3493.31804362
0.00016563	500.0
0.00016562	4.8021978
0.0001656	590.7610305
0.00016559	3.07219639
0.0001655	688.82078308
0.00016523	13.61690849
0.00016518	440.83726843
0.00016509	2003.13853415
0.00016508	2500.0
0.00016506	2950.13604637
0.00016504	1208.79786718
0.000165	42200.7762138
0.00016494	4.82199588
0.00016486	302.5294189
0.00016465	400.0
0.00016461	47623.0
0.00016459	3.13853415
0.0001644	6.0
0.00016427	65.82989925
0.00016426	4.84195787
0.00016425	1070.49769791
0.00016424	1000.0
0.0001642	55.17436621
0.00016409	3.13853415
0.000164	69883.0514168
0.00016381	13.73461362
0.0001716	1134.12891249
0.00017152	1377.4757349
0.00017151	16.91556673
0.0001715	80.0
0.00017125	56540.805
0.00017124	990.19302482
0.00017115	500.0
0.00017104	5831.96913003
0.00017103	8748.46518155
0.00017102	1000.0
0.00017084	300.0
0.0001706	160.43097714
0.0001705	62.49545191
0.00017041	8703.659
0.00017039	11191.555
0.00017038	1816.69986031
0.00017014	500.0
0.00017013	58.63163463
0.00017001	786.69399464
0.00017	35902.4213158
0.00016989	75.75686341
0.00016976	1125.18099891
0.00016974	2312.45728393
0.00016972	25.0
0.00016971	49526.44459
0.0001697	1046.44878053
0.00016969	17259.3085002
0.00016951	200.0
0.0001695	20.25219248
0.00016948	13.27559445
0.00016941	294.40410838
0.00016911	11.56907708
0.0001691	200.0
0.00016909	11.02253237
0.00016908	8.84936125
0.00016907	293.88368393
0.00016902	4.70559697
0.00016901	150.0
0.000169	31270.0875873
0.00016885	590.7610305
0.00016873	311.3237523
0.00016871	591.37134269
0.00016867	47623.0
0.00016857	2.96607451
0.0001685	205.52460401
0.00016834	4.72460497
0.00016806	13.38744863
0.00016802	1933.05082433
0.000168	294.975
0.00016785	5638.98897096
0.00016784	3091.07521553
0.0001677	124.0
0.00016766	4.74376715
0.00016759	384.2352263
0.00016717	7463.73303598
0.00016711	2.99191402
0.00016705	358.27596528
0.00016703	200.0
0.000167	6316.0629689
0.00016698	4.7630854
0.00016696	63.29402252
0.00016685	590.7610305
0.0001668	1020.0
0.00016665	13.50120368
0.00016664	153.89711819
0.00016652	62.22166827
0.0001665	500.0
0.0001663	4.78256164
0.00016609	3.07219639
0.00016601	505.05201765
0.000166	38690.0
0.0001658	663.32143652
0.00016574	138.2989755
0.00016566	3.01820769
0.00016565	3493.31804362
0.00016563	500.0
0.00016562	4.8021978
0.0001656	590.7610305
0.00016559	3.07219639
0.0001655	688.82078308
0.00016523	13.61690849
0.00016518	440.83726843
0.00016509	2003.13853415
0.00016508	2500.0
0.00016506	2950.13604637
0.00016504	1208.79786718
0.000165	42200.7762138
0.00016494	4.82199588
0.00016486	302.5294189
0.00016465	400.0
0.00016461	47623.0
0.00016459	3.13853415
0.0001644	6.0
0.00016427	65.82989925
0.00016426	4.84195787
0.00016425	1070.49769791
0.00016424	1000.0
0.0001642	55.17436621
0.00016409	3.13853415
0.000164	69883.0514168
0.0001725	3174.65067297
0.000172	363.0
0.00017154	6405.768
0.00017153	988.51893878
0.00017152	1377.4757349
0.00017151	11648.8903787
0.0001715	80.0
0.00017125	56540.805
0.00017115	500.0
0.00017104	5831.96913003
0.00017103	8748.46518155
0.00017102	1000.0
0.00017084	300.0
0.0001706	160.43097714
0.0001705	62.49545191
0.00017041	8703.659
0.00017038	1816.69986031
0.00017014	500.0
0.00017013	58.63163463
0.00017001	846.69399464
0.00017	35907.4569879
0.00016989	75.75686341
0.00016976	1125.18099891
0.00016974	2312.45728393
0.00016972	25.0
0.00016971	49526.44459
0.0001697	1046.44878053
0.00016969	17259.3085002
0.00016951	200.0
0.0001695	20.25219248
0.00016948	13.27559445
0.00016941	294.40410838
0.00016911	11.56907708
0.0001691	200.0
0.00016909	11.02253237
0.00016908	8.84936125
0.00016907	293.88368393
0.00016902	4.70559697
0.00016901	150.0
0.000169	31270.0875873
0.00016885	590.7610305
0.00016873	311.3237523
0.00016871	591.37134269
0.00016867	47623.0
0.00016857	2.96607451
0.0001685	205.52460401
0.00016834	4.72460497
0.00016806	13.38744863
0.000168	254.975
0.00016785	5638.98897096
0.00016784	3091.07521553
0.0001677	124.0
0.00016766	4.74376715
0.00016759	384.2352263
0.00016719	1942.64728455
0.00016717	7463.73303598
0.00016711	2.99191402
0.00016705	358.27596528
0.00016703	200.0
0.000167	6316.0629689
0.00016698	4.7630854
0.00016696	63.29402252
0.00016685	590.7610305
0.0001668	1020.0
0.00016665	13.50120368
0.00016664	153.89711819
0.00016652	62.22166827
0.0001665	500.0
0.0001663	4.78256164
0.00016609	3.07219639
0.00016601	505.05201765
0.000166	38690.0
0.0001658	663.32143652
0.00016574	138.2989755
0.00016566	3.01820769
0.00016565	3493.31804362
0.00016563	500.0
0.00016562	4.8021978
0.0001656	590.7610305
0.00016559	3.07219639
0.0001655	688.82078308
0.00016523	13.61690849
0.00016518	440.83726843
0.00016509	2003.13853415
0.00016508	2500.0
0.00016506	2950.13604637
0.00016504	1208.79786718
0.000165	42200.7762138
0.00016494	4.82199588
0.00016486	302.5294189
0.00016465	400.0
0.00016461	47623.0
0.00016459	3.13853415
0.0001644	6.0
0.00016427	65.82989925
0.00016426	4.84195787
0.00016425	1070.49769791
0.00016424	1000.0
0.0001642	55.17436621
0.00016409	3.13853415
