0.01283166	44.11845781
0.01283165	396.11402088
0.01283164	34.69434671
0.0128247	4.98874603
0.01282223	3.19647008
0.01282196	0.03899559
0.01281	3.89344262
0.01280429	0.03938895
0.01280428	0.52267654
0.01280001	163.02892963
0.0128	4.0
0.01279459	0.17585545
0.01278004	18.75966587
0.01276336	1.0
0.01276019	27.65563464
0.01275	0.04
0.01274332	13.2688277
0.01273808	1.57002138
0.01273807	1.5
0.0127217	0.1
0.01272144	0.8
0.01272143	40.0
0.01270941	0.03934092
0.01270165	205.52987988
0.01270164	0.06574425
0.0127	11.83465575
0.01269392	8.66556929
0.012689	0.17731882
0.01267662	0.11785749
0.01267245	11.73350021
0.01265898	35.183
0.01265	0.92258893
0.01264043	1.31295948
0.01263707	25.0
0.01263321	0.2088242
0.01260025	19.79127398
0.0126	93.00001234
0.01259686	1.03969242
0.01258354	351.83
0.01258341	0.17880675
0.01258164	0.06574425
0.01257	39.66314097
0.01255049	0.11892245
0.01252	0.25
0.01251887	3.67445304
0.01250562	0.03988207
0.01250027	37.09167045
0.0125002	1.0
0.01250001	8.53766031
0.0125	132.39881042
0.01248431	0.04005025
0.01248	45.32889295
0.01247782	0.18031987
0.01246995	1.99980754
0.01246164	0.06574425
0.01245704	2.0
0.01242561	0.12011787
0.012425	80.28190449
0.01242	2.0
0.01241234	1.60727147
0.0124	2.0
0.01237223	0.18185881
0.01237176	0.0404146
0.01234857	0.16137039
0.01234568	1.0
0.01234164	0.06574425
0.01233999	0.86616626
0.01230925	1.8
0.01230197	0.12132506
0.01229401	0.08658685
0.01227634	1.0
0.01226664	0.18342425
0.01225921	0.04078564
0.01225	0.041
0.01224993	0.65530367
0.01222164	0.06574425
0.01221381	81.66984749
0.01221302	1.87748776
0.0122	38.56078757
0.01218066	2.0
0.01217957	0.12254438
0.01217912	0.041
0.01216105	0.18501687
0.01215901	1.00442061
0.012159	45.61494944
0.01214666	0.04116355
0.01210164	0.06574425
0.01210001	0.08243795
0.0121	14.83884298
0.01208066	3.0
0.01207912	0.0414
0.0120603	0.134806
0.01205838	0.12377596
0.01205546	0.18663739
0.01203411	0.04154853
0.01202474	27.3275491
0.0120246	20.0
0.01201993	0.04214006
0.01200005	9.5
0.01200001	29.0940383
0.01283166	48.44227514
0.01283165	396.11402088
0.01283164	34.69434671
0.0128247	4.98874603
0.01282223	3.19647008
0.01282196	0.03899559
0.01281	3.89344262
0.01280428	0.52267654
0.01280005	67.66
0.01280001	0.07792963
0.0128	4.0
0.01279459	0.17585545
0.01278005	101.347
0.01278004	18.75966587
0.01276336	1.0
0.01276019	27.65563464
0.01275	0.04
0.01274332	13.2688277
0.01273808	1.57002138
0.01273807	1.5
0.01272171	0.8
0.0127217	0.1
0.01272143	40.0
0.01270941	0.03934092
0.01270165	205.52987988
0.01270164	0.06574425
0.0127	11.83465575
0.012689	0.17731882
0.01267662	0.11785749
0.01267245	11.73350021
0.01265898	35.183
0.01265	0.92258893
0.01264043	1.31295948
0.01263707	25.0
0.01263321	0.2088242
0.01260025	19.79127398
0.0126	93.00001234
0.01259686	1.03969242
0.01258354	351.83
0.01258341	0.17880675
0.01258164	0.06574425
0.01257	39.66314097
0.01255049	0.11892245
0.01252	0.25
0.01251887	3.67445304
0.01250562	0.03988207
0.01250027	37.09167045
0.0125002	1.0
0.01250001	8.53766031
0.0125	132.39881042
0.01248431	0.04005025
0.01248	45.32889295
0.01247782	0.18031987
0.01246995	1.99980754
0.01246164	0.06574425
0.01245704	2.0
0.01242561	0.12011787
0.012425	80.28190449
0.01242	2.0
0.01241234	1.60727147
0.0124	2.0
0.01237223	0.18185881
0.01237176	0.0404146
0.01234857	0.16137039
0.01234568	1.0
0.01234164	0.06574425
0.01233999	0.86616626
0.01230925	1.8
0.01230197	0.12132506
0.01229401	0.08658685
0.01227634	1.0
0.01226664	0.18342425
0.01225921	0.04078564
0.01225	0.041
0.01224993	0.65530367
0.01222164	0.06574425
0.01221381	81.66984749
0.01221302	1.87748776
0.0122	38.56078757
0.01218066	2.0
0.01217957	0.12254438
0.01217912	0.041
0.01216105	0.18501687
0.01215901	1.00442061
0.012159	45.61494944
0.01214666	0.04116355
0.01210164	0.06574425
0.01210001	0.08243795
0.0121	14.83884298
0.01208066	3.0
0.01207912	0.0414
0.0120603	0.134806
0.01205838	0.12377596
0.01205546	0.18663739
0.01203411	0.04154853
0.01202474	27.3275491
0.0120246	20.0
0.01201993	0.04214006
0.01200005	9.5
0.01200001	29.0940383
0.01283167	176.101
0.01283166	9.81684383
0.01283164	34.69434671
0.0128247	4.98874603
0.01282223	3.19647008
0.01282196	0.03899559
0.01281	3.89344262
0.01280428	0.52267654
0.01280001	0.07792963
0.0128	4.0
0.01279459	0.17585545
0.01278005	0.8
0.01278004	18.75966587
0.01276337	205.52939936
0.01276336	1.0
0.01276019	27.65563464
0.01275	0.04
0.01274332	13.2688277
0.01273808	1.57002138
0.01273807	1.5
0.0127217	0.1
0.01272143	40.0
0.01270941	0.03934092
0.01270164	0.06574425
0.0127	11.83465575
0.012689	0.17731882
0.01267662	0.11785749
0.01267245	11.73350021
0.01265898	35.183
0.01265	0.92258893
0.01264043	1.31295948
0.01263321	0.2088242
0.01260025	19.79127398
0.0126	93.00001234
0.01259686	1.03969242
0.01258354	351.83
0.01258341	0.17880675
0.01258164	0.06574425
0.01257007	36.88570512
0.01257	39.66314097
0.01255049	0.11892245
0.01252	0.25
0.01251887	3.67445304
0.01250562	0.03988207
0.0125002	1.0
0.01250001	8.53766031
0.0125	132.39881042
0.01248431	0.04005025
0.01248	45.32889295
0.01247782	0.18031987
0.01246995	1.99980754
0.01246164	0.06574425
0.01245704	2.0
0.01242561	0.12011787
0.012425	80.28190449
0.01242	2.0
0.01241234	1.60727147
0.0124	2.0
0.01237223	0.18185881
0.01237176	0.0404146
0.01234857	0.16137039
0.01234568	1.0
0.01234164	0.06574425
0.01233999	0.86616626
0.01230925	1.8
0.01230197	0.12132506
0.01229401	0.08658685
0.01227634	1.0
0.01226664	0.18342425
0.01225921	0.04078564
0.01225	0.041
0.01224993	0.65530367
0.01222164	0.06574425
0.01221381	81.66984749
0.01221302	1.87748776
0.0122	38.56078757
0.01218066	2.0
0.01217957	0.12254438
0.01217912	0.041
0.01216105	0.18501687
0.01215901	1.00442061
0.012159	45.61494944
0.01214666	0.04116355
0.01210164	0.06574425
0.01210001	0.08243795
0.0121	14.83884298
0.01208066	3.0
0.01207912	0.0414
0.0120603	0.134806
0.01205838	0.12377596
0.01205546	0.18663739
0.01203411	0.04154853
0.01202474	27.3275491
0.0120246	20.0
0.01201993	0.04214006
0.01200005	9.5
0.01200001	29.0940383
0.012	399.54123634
0.01199119	1.0
0.01198164	0.06574425
0.01285001	168.46
0.01285	19.40661479
0.01283175	43.69104416
0.01283166	9.81684383
0.01283164	34.69434671
0.0128247	4.98874603
0.01282223	3.19647008
0.01282196	0.03899559
0.01281	3.89344262
0.01280428	0.52267654
0.01280001	0.07792963
0.0128	4.0
0.01279459	0.17585545
0.01278005	0.8
0.01278004	18.75966587
0.01276337	205.52907901
0.01276336	1.0
0.01276019	27.65563464
0.01275	0.04
0.01274332	13.2688277
0.01273808	1.57002138
0.01273807	1.5
0.0127217	0.1
0.01272143	40.0
0.01270941	0.03934092
0.01270164	0.06574425
0.0127	11.83465575
0.012689	0.17731882
0.0126818	0.03942658
0.01267662	0.11785749
0.01267245	11.73350021
0.01265898	35.183
0.01265	0.92258893
0.01264043	1.31295948
0.01263321	0.2088242
0.01260025	19.79127398
0.0126	93.00001234
0.01259686	1.03969242
0.01258354	351.83
0.01258341	0.17880675
0.01258164	0.06574425
0.01257	39.66314097
0.01255049	0.11892245
0.01252007	37.03301142
0.01252	0.25
0.01251887	3.67445304
0.01250562	0.03988207
0.0125002	1.0
0.01250001	8.53766031
0.0125	132.39881042
0.01248431	0.04005025
0.01248	45.32889295
0.01247782	0.18031987
0.01246995	1.99980754
0.01246164	0.06574425
0.01245704	2.0
0.01242561	0.12011787
0.012425	80.28190449
0.01242	2.0
0.01241234	1.60727147
0.0124	2.0
0.01237223	0.18185881
0.01237176	0.0404146
0.01234857	0.16137039
0.01234568	1.0
0.01234164	0.06574425
0.01233999	0.86616626
0.01230925	1.8
0.01230197	0.12132506
0.01229401	0.08658685
0.01227634	1.0
0.01226664	0.18342425
0.01225921	0.04078564
0.01225	0.041
0.01224993	0.65530367
0.01222164	0.06574425
0.01221381	81.66984749
0.01221302	1.87748776
0.0122	38.56078757
0.01218066	2.0
0.01217957	0.12254438
0.01217912	0.041
0.01216105	0.18501687
0.01215901	1.00442061
0.012159	45.61494944
0.01214666	0.04116355
0.01210164	0.06574425
0.01210001	0.08243795
0.0121	14.83884298
0.01208066	3.0
0.01207912	0.0414
0.0120603	0.134806
0.01205838	0.12377596
0.01205546	0.18663739
0.01203411	0.04154853
0.01202474	27.3275491
0.0120246	20.0
0.01201993	0.04214006
0.01200005	9.5
0.01200001	29.0940383
0.01285062	86.23
0.0128506	395.53029499
0.01285057	0.05569917
0.01285048	0.05569956
0.01285002	0.05570156
0.01285001	0.0557016
0.01283175	43.69104416
0.01283166	9.81684383
0.01283164	34.69434671
0.0128247	4.98874603
0.01282224	74.899
0.01282223	3.19647008
0.01282196	0.03899559
0.01281	3.89344262
0.01280428	0.52267654
0.01280002	0.8
0.01280001	0.07792963
0.0128	4.0
0.0127946	0.03930373
0.01279459	0.17585545
0.01278004	18.75966587
0.01276337	205.52907901
0.01276336	1.0
0.01276019	27.65563464
0.01275	0.04
0.01274332	13.2688277
0.01273808	1.57002138
0.01273807	1.5
0.0127217	0.1
0.01272144	8.64681986
0.01272143	40.0
0.01271391	25.0
0.01270941	0.03934092
0.01270164	0.06574425
0.0127	11.83465575
0.01269454	35.183
0.012689	0.17731882
0.01267662	0.11785749
0.01267245	11.73350021
0.01265	0.92258893
0.01264043	1.31295948
0.01263321	0.2088242
0.01260025	19.79127398
0.0126	93.00001234
0.01259686	1.03969242
0.01258354	351.83
0.01258341	0.17880675
0.01258164	0.06574425
0.01257	39.66314097
0.01255049	0.11892245
0.01252	0.25
0.01251887	3.67445304
0.01250562	0.03988207
0.01250027	37.09167045
0.0125002	1.0
0.01250001	8.53766031
0.0125	132.39881042
0.01248431	0.04005025
0.01248	45.32889295
0.01247782	0.18031987
0.01246995	1.99980754
0.01246164	0.06574425
0.01245704	2.0
0.01242561	0.12011787
0.012425	80.28190449
0.01242	2.0
0.01241234	1.60727147
0.0124	2.0
0.01237223	0.18185881
0.01237176	0.0404146
0.01234857	0.16137039
0.01234568	1.0
0.01234164	0.06574425
0.01233999	0.86616626
0.01230925	1.8
0.01230197	0.12132506
0.0123	25.18480863
0.01229401	0.08658685
0.01227634	1.0
0.01226664	0.18342425
0.01225921	0.04078564
0.01225	0.041
0.01224993	0.65530367
0.01222164	0.06574425
0.01221381	81.66984749
0.01221302	1.87748776
0.0122	38.56078757
0.01218066	2.0
0.01217957	0.12254438
0.01217912	0.041
0.01216105	0.18501687
0.01215901	1.00442061
0.012159	45.61494944
0.01214666	0.04116355
0.01210164	0.06574425
0.01210001	0.08243795
0.0121	14.83884298
0.01208066	3.0
0.01207912	0.0414
0.0120603	0.134806
0.01285057	0.05569917
0.01285048	0.05569956
0.01285002	0.05570156
0.01285001	0.0557016
0.01283176	147.104
0.01283175	43.69104416
0.01283166	9.81684383
0.01283164	34.69434671
0.0128247	4.98874603
0.01282223	3.19647008
0.01282196	0.03899559
0.01281001	27.721
0.01281	3.89344262
0.01280428	0.52267654
0.01280002	117.7
0.01280001	0.07792963
0.0128	4.0
0.01278005	0.03930373
0.01278004	18.75966587
0.01276336	1.0
0.01276019	27.65563464
0.01275	0.04
0.01274332	13.2688277
0.01273807	1.5
0.0127217	0.1
0.01272144	1.57136347
0.01272143	40.0
0.01271391	25.0
0.01270941	0.03934092
0.01270164	0.06574425
0.0127	11.83465575
0.01269454	35.183
0.01267662	0.11785749
0.01267245	11.73350021
0.01265	0.92258893
0.01264043	1.31295948
0.01263321	0.2088242
0.01260025	19.79127398
0.0126	93.00001234
0.01259686	1.03969242
0.01258354	351.83
0.01258164	0.06574425
0.01257	39.66314097
0.01255049	0.11892245
0.01252	0.25
0.01251887	3.67445304
0.01250562	0.03988207
0.0125002	1.0
0.01250001	8.53766031
0.0125	132.39881042
0.01248431	0.04005025
0.01248007	37.15170631
0.01248	45.32889295
0.01246995	1.99980754
0.01246164	0.06574425
0.01245704	2.0
0.01242561	0.12011787
0.012425	80.28190449
0.01242	2.0
0.01241234	1.60727147
0.0124	2.0
0.01237176	0.0404146
0.01234857	0.16137039
0.01234568	1.0
0.01234164	0.06574425
0.01233999	0.86616626
0.01230925	1.8
0.01230197	0.12132506
0.0123	25.18480863
0.01229401	0.08658685
0.01227634	1.0
0.01225921	0.04078564
0.01225	0.041
0.01224993	0.65530367
0.01222164	0.06574425
0.01221381	81.66984749
0.01221302	1.87748776
0.0122	38.56078757
0.01218066	2.0
0.01217957	0.12254438
0.01217912	0.041
0.01215901	1.00442061
0.012159	45.61494944
0.01214666	0.04116355
0.01210164	0.06574425
0.01210001	0.08243795
0.0121	14.83884298
0.01208066	3.0
0.01207912	0.0414
0.0120603	0.134806
0.01205838	0.12377596
0.01203411	0.04154853
0.01202474	27.3275491
0.0120246	20.0
0.01201993	0.04214006
0.01200005	9.5
0.01200001	29.0940383
0.012	403.73982133
0.01199119	1.0
0.01198164	0.06574425
0.01286	17.2553158
0.01285057	15.58030236
0.01285048	0.05569956
0.01285002	0.05570156
0.01285001	0.0557016
0.01283178	51.596
0.01283177	300.12867395
0.01283175	43.69104416
0.01283166	9.81684383
0.01283164	34.69434671
0.0128247	4.98874603
0.01282223	3.19647008
0.01282196	0.03899559
0.01281	3.89344262
0.01280428	0.52267654
0.01280002	117.7
0.01280001	0.07792963
0.0128	4.1
0.01278004	18.75966587
0.01276336	1.0
0.01276019	27.65563464
0.01275	0.04
0.01274332	13.2688277
0.01273807	1.5
0.0127217	0.1
0.01272144	1.57136347
0.01272143	40.0
0.01270941	0.03934092
0.01270164	0.06574425
0.0127	11.83465575
0.01269454	35.183
0.0126774	205.07662736
0.01267662	0.11785749
0.01267245	11.73350021
0.01265	0.92258893
0.01264043	1.31295948
0.01263321	0.2088242
0.01260025	19.79127398
0.0126	93.00001234
0.01259686	1.03969242
0.01258354	351.83
0.01258164	0.06574425
0.01257	39.66314097
0.01255049	0.11892245
0.01252	0.25
0.01251887	3.67445304
0.01250562	0.03988207
0.0125002	1.0
0.01250001	8.53766031
0.0125	132.39881042
0.01248431	0.04005025
0.01248007	37.15170631
0.01248	45.32889295
0.01246995	1.99980754
0.01246164	0.06574425
0.01245704	2.0
0.01242561	0.12011787
0.012425	80.28190449
0.01242	2.0
0.01241234	1.60727147
0.0124	2.0
0.01237176	0.0404146
0.01234857	0.16137039
0.01234568	1.0
0.01234164	0.06574425
0.01233999	0.86616626
0.01230925	1.8
0.01230197	0.12132506
0.0123	25.18480863
0.01229401	0.08658685
0.01227634	1.0
0.01225921	0.04078564
0.01225	0.041
0.01224993	0.65530367
0.01222164	0.06574425
0.01221381	81.66984749
0.01221302	1.87748776
0.0122	38.56078757
0.01218066	2.0
0.01217957	0.12254438
0.01217912	0.041
0.01215901	1.00442061
0.012159	45.61494944
0.01214666	0.04116355
0.01210164	0.06574425
0.01210001	0.08243795
0.0121	14.83884298
0.01208066	3.0
0.01207912	0.0414
0.0120603	0.134806
0.01205838	0.12377596
0.01203411	0.04154853
0.01202474	27.3275491
0.0120246	20.0
0.01201993	0.04214006
0.01200005	9.5
0.01200001	29.0940383
0.012	403.73982133
0.01199119	1.0
0.01198164	0.06574425
0.01285057	15.52460319
0.01283175	43.69104416
0.01283166	9.81684383
0.01283164	34.69434671
0.01282471	116.663
0.0128247	4.98874603
0.01282226	0.03925238
0.01282224	58.473
0.01282223	3.19647008
0.01282196	0.03899559
0.01281	3.89344262
0.01280428	0.52267654
0.01280001	0.07792963
0.0128	4.1
0.01278004	18.75966587
0.01276336	1.0
0.0127602	118.1
0.01276019	27.65563464
0.01275344	0.17642294
0.01275	0.04
0.01274332	13.2688277
0.01273808	5.18131461
0.01273807	1.5
0.0127217	0.1
0.01272143	40.0
0.01270941	0.03934092
0.01270164	0.06574425
0.01270001	1.57246302
0.0127	11.83465575
0.01269454	35.183
0.01267662	0.11785749
0.01267245	11.73350021
0.01265	0.92258893
0.01264689	205.07662736
0.01264688	0.1779094
0.01264043	1.31295948
0.01263321	0.2088242
0.01260025	19.79127398
0.0126	93.00001234
0.01259686	1.03969242
0.01258354	351.83
0.01258164	0.06574425
0.01257	39.66314097
0.01255049	0.11892245
0.01254032	0.17942112
0.01252	0.25
0.01251887	3.67445304
0.01250562	0.03988207
0.0125002	1.0
0.01250001	8.53766031
0.0125	132.39881042
0.01248431	0.04005025
0.01248007	37.15170631
0.01248	45.32889295
0.01246995	1.99980754
0.01246164	0.06574425
0.01245704	2.0
0.01243377	0.18095876
0.01242561	0.12011787
0.012425	80.28190449
0.01242	2.0
0.01241234	1.60727147
0.0124	2.0
0.01237176	0.0404146
0.01234857	0.16137039
0.01234568	1.0
0.01234164	0.06574425
0.01233999	0.86616626
0.01232721	0.18252297
0.01230925	1.8
0.01230197	0.12132506
0.0123	25.18480863
0.01229401	0.08658685
0.01227634	1.0
0.01225921	0.04078564
0.01225	0.041
0.01224993	0.65530367
0.01222164	0.06574425
0.01222065	0.18411446
0.01221381	81.66984749
0.01221302	1.87748776
0.0122	38.56078757
0.01218066	2.0
0.01217957	0.12254438
0.01217912	0.041
0.01215901	1.00442061
0.012159	45.61494944
0.01214666	0.04116355
0.0121141	0.18573395
0.01210164	0.06574425
0.01210001	0.08243795
0.0121	14.83884298
0.01208066	3.0
0.01207912	0.0414
0.0120603	0.134806
0.01205838	0.12377596
0.01203411	0.04154853
0.01202474	27.3275491
0.0120246	20.0
0.01201993	0.04214006
0.01283164	34.69434671
0.0128247	4.98874603
0.01282223	3.19647008
0.01282196	0.03899559
0.01281002	127.382
0.01281	3.89344262
0.01280428	0.52267654
0.01280001	0.07792963
0.0128	4.1
0.01278004	18.75966587
0.01276338	46.846
0.01276336	1.0
0.0127602	118.1
0.01276019	27.65563464
0.01275344	0.17642294
0.01275	0.04
0.01274332	13.2688277
0.01273807	1.5
0.0127217	0.1
0.01272143	40.0
0.01270941	0.03934092
0.0127062	205.52955953
0.01270619	1.57361736
0.01270164	0.06574425
0.0127	11.83465575
0.01269454	35.183
0.01267662	0.11785749
0.01267245	11.73350021
0.01267163	0.72163876
0.0126557	8.69173803
0.01265	0.92258893
0.01264688	0.1779094
0.01264043	1.31295948
0.01263321	0.2088242
0.01260025	19.79127398
0.0126	93.00001234
0.01259686	1.03969242
0.01258354	351.83
0.01258164	0.06574425
0.01257	39.66314097
0.01255049	0.11892245
0.01254032	0.17942112
0.01252	0.25
0.01251887	3.67445304
0.01250562	0.03988207
0.0125002	1.0
0.01250001	8.53766031
0.0125	132.39881042
0.01248431	0.04005025
0.01248007	37.15170631
0.01248	45.32889295
0.01246995	1.99980754
0.01246164	0.06574425
0.01245704	2.0
0.01243377	0.18095876
0.01242561	0.12011787
0.012425	80.28190449
0.01242	2.0
0.01241234	1.60727147
0.0124	2.0
0.01237176	0.0404146
0.01234857	0.16137039
0.01234568	1.0
0.01234164	0.06574425
0.01233999	0.86616626
0.01232721	0.18252297
0.01230925	1.8
0.01230197	0.12132506
0.0123	25.18480863
0.01229401	0.08658685
0.01227634	1.0
0.01225921	0.04078564
0.01225	0.041
0.01224993	0.65530367
0.01222164	0.06574425
0.01222065	0.18411446
0.01221381	81.66984749
0.01221302	1.87748776
0.0122	38.56078757
0.01218066	2.0
0.01217957	0.12254438
0.01217912	0.041
0.01215901	1.00442061
0.012159	45.61494944
0.01214666	0.04116355
0.0121141	0.18573395
0.01210164	0.06574425
0.01210001	0.08243795
0.0121	14.83884298
0.01208066	3.0
0.01207912	0.0414
0.0120603	0.134806
0.01205838	0.12377596
0.01203411	0.04154853
0.01202474	27.3275491
0.0120246	20.0
0.01201993	0.04214006
0.01200754	0.18738219
0.01200005	9.5
0.01200001	29.0940383
0.01285	200.0
0.01283164	82.78201863
0.0128247	4.98874603
0.01282223	3.19647008
0.01282196	0.03899559
0.01281003	23.489
0.01281	3.89344262
0.01280428	0.52267654
0.01280001	139.48492963
0.0128	4.1
0.01278004	18.75966587
0.01276336	1.0
0.0127602	118.1
0.01276019	27.65563464
0.01275344	0.17642294
0.01275	0.04
0.01274332	13.2688277
0.01273807	1.5
0.0127217	0.1
0.01272143	40.0
0.01270941	0.03934092
0.01270622	205.52987988
0.01270621	1.57318165
0.01270164	0.06574425
0.0127	11.83465575
0.01269454	35.183
0.01267662	0.11785749
0.01267245	11.73350021
0.01267163	0.72163876
0.01265	0.92258893
0.01264688	0.1779094
0.01264043	1.31295948
0.01263321	0.2088242
0.01260025	19.79127398
0.0126	93.00001234
0.01259686	1.03969242
0.01258354	351.83
0.01258164	0.06574425
0.01257	39.66314097
0.01255049	0.11892245
0.01254032	0.17942112
0.01252	0.25
0.01251887	3.67445304
0.01250562	0.03988207
0.0125002	1.0
0.01250001	8.53766031
0.0125	132.39881042
0.01248431	0.04005025
0.01248007	37.15170631
0.01248	45.32889295
0.01246995	1.99980754
0.01246164	0.06574425
0.01245704	2.0
0.01243377	0.18095876
0.01242561	0.12011787
0.012425	80.28190449
0.01242	2.0
0.01241234	1.60727147
0.0124	2.0
0.01237176	0.0404146
0.01234857	0.16137039
0.01234568	1.0
0.01234164	0.06574425
0.01233999	0.86616626
0.01232721	0.18252297
0.01230925	1.8
0.01230197	0.12132506
0.0123	25.18480863
0.01229401	0.08658685
0.01227634	1.0
0.01225921	0.04078564
0.01225	0.041
0.01224993	0.65530367
0.01222164	0.06574425
0.01222065	0.18411446
0.01221381	81.66984749
0.01221302	1.87748776
0.0122	38.56078757
0.01218066	2.0
0.01217957	0.12254438
0.01217912	0.041
0.01215901	1.00442061
0.012159	45.61494944
0.01214666	0.04116355
0.0121141	0.18573395
0.01210164	0.06574425
0.01210001	0.08243795
0.0121	14.83884298
0.01208066	3.0
0.01207912	0.0414
0.0120603	0.134806
0.01205838	0.12377596
0.01203411	0.04154853
0.01202474	27.3275491
0.0120246	20.0
0.01201993	0.04214006
0.01200754	0.18738219
0.01200005	9.5
0.01200001	29.0940383
0.012	416.20857133
0.012869	4.56522917
0.01285	41.91485562
0.01283164	82.78201863
0.0128247	4.98874603
0.01282223	3.19647008
0.01282196	0.03899559
0.01281003	23.489
0.01281	3.89344262
0.01280428	0.52267654
0.01280001	131.91292963
0.0128	4.1
0.01278004	18.75966587
0.01276336	1.0
0.0127602	118.1
0.01276019	27.65563464
0.01275344	0.17642294
0.01275002	0.03936496
0.01275	0.04
0.01274332	13.2688277
0.01273807	1.5
0.0127217	0.1
0.01272143	40.0
0.01270942	204.93320599
0.01270941	0.03934092
0.01270624	1.57256317
0.01270165	8.66029217
0.01270164	0.06574425
0.0127	11.83465575
0.01267662	0.11785749
0.01267245	11.73350021
0.01267163	0.72163876
0.01265	0.92258893
0.01264688	0.1779094
0.01264117	35.183
0.01264043	1.31295948
0.01263321	0.2088242
0.01260025	19.79127398
0.0126	93.00001234
0.01259686	1.03969242
0.01258354	351.83
0.01258164	0.06574425
0.01257	39.66314097
0.01255049	0.11892245
0.01254032	0.17942112
0.01252	0.25
0.01251887	3.67445304
0.01250562	0.03988207
0.0125002	1.0
0.01250001	8.53766031
0.0125	132.39881042
0.01248431	0.04005025
0.01248007	37.15170631
0.01248	45.32889295
0.01246995	1.99980754
0.01246164	0.06574425
0.01245704	2.0
0.01243377	0.18095876
0.01242561	0.12011787
0.012425	80.28190449
0.01242	2.0
0.01241234	1.60727147
0.0124	2.0
0.01237176	0.0404146
0.01234857	0.16137039
0.01234568	1.0
0.01234164	0.06574425
0.01233999	0.86616626
0.01232721	0.18252297
0.01230925	1.8
0.01230197	0.12132506
0.0123	25.18480863
0.01229401	0.08658685
0.01227634	1.0
0.01225921	0.04078564
0.01225	0.041
0.01224993	0.65530367
0.01222164	0.06574425
0.01222065	0.18411446
0.01221381	81.66984749
0.01221302	1.87748776
0.0122	38.56078757
0.01218066	2.0
0.01217957	0.12254438
0.01217912	0.041
0.01215901	1.00442061
0.012159	45.61494944
0.01214666	0.04116355
0.0121141	0.18573395
0.01210164	0.06574425
0.01210001	0.08243795
0.0121	14.83884298
0.01208066	3.0
0.01207912	0.0414
0.0120603	0.134806
0.01205838	0.12377596
0.01203411	0.04154853
0.01202474	27.3275491
0.0120246	20.0
0.01201993	0.04214006
0.01200754	0.18738219
0.012869	4.28082883
0.01285	41.91485562
0.01283164	83.69690929
0.01282471	29.696
0.0128247	4.98874603
0.01282223	3.19647008
0.01282196	0.03899559
0.01281001	139.568
0.01281	3.89344262
0.01280428	0.52267654
0.01280001	0.07792963
0.0128	4.1
0.01278004	18.75966587
0.01276336	1.0
0.0127602	118.1
0.01276019	27.65563464
0.01275344	0.17642294
0.01275	0.04
0.01274332	13.2688277
0.01273807	1.5
0.01272171	204.93320599
0.0127217	0.1
0.01272144	1.57191305
0.01272143	40.0
0.01271099	0.03933605
0.01270941	0.03934092
0.01270164	0.06574425
0.0127	11.83465575
0.01267662	0.11785749
0.01267245	11.73350021
0.01267163	0.72163876
0.01265	0.92258893
0.01264688	0.1779094
0.01264117	35.183
0.01264043	1.31295948
0.01263321	0.2088242
0.01260025	19.79127398
0.0126	93.00001234
0.01259686	1.03969242
0.01258354	351.83
0.01258164	0.06574425
0.01257	39.66314097
0.01255049	0.11892245
0.01254032	0.17942112
0.01252	0.25
0.01251887	3.67445304
0.01250562	0.03988207
0.01250027	37.09167045
0.0125002	1.0
0.01250001	8.53766031
0.0125	132.39881042
0.01248431	0.04005025
0.01248	45.32889295
0.01246995	1.99980754
0.01246164	0.06574425
0.01245704	2.0
0.01243377	0.18095876
0.01242561	0.12011787
0.012425	80.28190449
0.01242	2.0
0.01241234	1.60727147
0.0124	6.02217742
0.01237176	0.0404146
0.01234857	0.16137039
0.01234568	1.0
0.01234164	0.06574425
0.01233999	0.86616626
0.01232721	0.18252297
0.01230925	1.8
0.01230197	0.12132506
0.0123	25.18480863
0.01229401	0.08658685
0.01227634	1.0
0.01225921	0.04078564
0.01225	0.041
0.01224993	0.65530367
0.01222164	0.06574425
0.01222065	0.18411446
0.01221381	81.66984749
0.01221302	1.87748776
0.0122	38.56078757
0.01218066	2.0
0.01217957	0.12254438
0.01217912	0.041
0.01215901	1.00442061
0.012159	45.61494944
0.01214666	0.04116355
0.0121141	0.18573395
0.01210164	0.06574425
0.01210001	0.08243795
0.0121	14.83884298
0.01208066	3.0
0.01207912	0.0414
0.0120603	0.134806
0.01205838	0.12377596
0.01203411	0.04154853
0.01202474	27.3275491
0.0120246	20.0
0.01201993	0.04214006
0.01200754	0.18738219
0.012869	4.28082883
0.01285	41.91485562
0.01283164	83.69690929
0.0128247	4.98874603
0.01282223	3.19647008
0.01282196	0.03899559
0.01281004	0.0393409
0.01281003	55.774
0.01281	3.89344262
0.01280428	0.52267654
0.01280002	109.355
0.01280001	23.55492963
0.0128	4.1
0.01278004	18.75966587
0.01276336	1.0
0.0127602	118.1
0.01276019	27.65563464
0.01275344	0.17642294
0.01275	0.04
0.01274332	13.2688277
0.01273807	1.5
0.01272173	204.93320599
0.01272172	1.57177222
0.0127217	0.1
0.01272143	40.0
0.01270941	0.03934092
0.01270164	0.06574425
0.0127	11.83465575
0.01267662	0.11785749
0.01267245	11.73350021
0.01267163	0.72163876
0.01265	0.92258893
0.01264688	0.1779094
0.01264117	35.183
0.01264043	1.31295948
0.01263321	0.2088242
0.01260025	19.79127398
0.0126	93.00001234
0.01259686	1.03969242
0.01258354	351.83
0.01258164	0.06574425
0.01257	39.66314097
0.01255049	0.11892245
0.01254032	0.17942112
0.01252	0.25
0.01251887	3.67445304
0.01250562	0.03988207
0.01250027	37.09167045
0.0125002	1.0
0.01250001	8.53766031
0.0125	132.39881042
0.01248431	0.04005025
0.01248	45.32889295
0.01246995	1.99980754
0.01246164	0.06574425
0.01245704	2.0
0.01243377	0.18095876
0.01242561	0.12011787
0.012425	80.28190449
0.01242	2.0
0.01241234	1.60727147
0.0124	6.02217742
0.01237176	0.0404146
0.01234857	0.16137039
0.01234568	1.0
0.01234164	0.06574425
0.01233999	0.86616626
0.01232721	0.18252297
0.01230925	1.8
0.01230197	0.12132506
0.0123	25.18480863
0.01229401	0.08658685
0.01227634	1.0
0.01225921	0.04078564
0.01225	0.041
0.01224993	0.65530367
0.01222164	0.06574425
0.01222065	0.18411446
0.01221381	81.66984749
0.01221302	1.87748776
0.0122	38.56078757
0.01218066	2.0
0.01217957	0.12254438
0.01217912	0.041
0.01215901	1.00442061
0.012159	45.61494944
0.01214666	0.04116355
0.0121141	0.18573395
0.01210164	0.06574425
0.01210001	0.08243795
0.0121	14.83884298
0.01208066	3.0
0.01207912	0.0414
0.0120603	0.134806
0.01205838	0.12377596
0.01203411	0.04154853
0.01202474	27.3275491
0.0120246	20.0
0.01201993	0.04214006
0.01200754	0.18738219
0.012869	9.86131724
0.01285	41.91485562
0.01283164	83.69690929
0.0128247	4.98874603
0.01282223	3.19647008
0.01282196	0.03899559
0.01281	3.89344262
0.01280428	0.52267654
0.01280002	109.355
0.01280001	35.06692963
0.0128	4.1
0.01278005	30.688
0.01276336	1.0
0.0127602	118.1
0.01276019	27.65563464
0.01275344	0.17642294
0.01275	0.04
0.01274332	13.2688277
0.01273807	1.5
0.01273087	1.57072298
0.01273086	15.61578448
0.01272177	204.93320599
0.0127217	0.1
0.01272143	40.0
0.01270941	0.03934092
0.01270215	0.03936343
0.01270164	0.06574425
0.0127	11.83465575
0.01267662	0.11785749
0.01267245	11.73350021
0.01267163	0.72163876
0.01265	0.92258893
0.01264688	0.1779094
0.01264117	35.183
0.01264043	1.31295948
0.01263321	0.2088242
0.01260025	19.79127398
0.0126	93.00001234
0.01259686	1.03969242
0.01258354	351.83
0.01258164	0.06574425
0.01257	39.66314097
0.01255049	0.11892245
0.01254032	0.17942112
0.01252	0.25
0.01251887	3.67445304
0.01250562	0.03988207
0.01250027	37.09167045
0.0125002	1.0
0.01250001	8.53766031
0.0125	132.39881042
0.01248431	0.04005025
0.01248	45.32889295
0.01246995	1.99980754
0.01246164	0.06574425
0.01245704	2.0
0.01243377	0.18095876
0.01242561	0.12011787
0.012425	80.28190449
0.01242	2.0
0.01241234	1.60727147
0.0124	6.02217742
0.01237176	0.0404146
0.01234857	0.16137039
0.01234568	1.0
0.01234164	0.06574425
0.01233999	0.86616626
0.01232721	0.18252297
0.01230925	1.8
0.01230197	0.12132506
0.0123	25.18480863
0.01229401	0.08658685
0.01227634	1.0
0.01225921	0.04078564
0.01225	0.041
0.01224993	0.65530367
0.01222164	0.06574425
0.01222065	0.18411446
0.01221381	81.66984749
0.01221302	1.87748776
0.0122	38.56078757
0.01218066	2.0
0.01217957	0.12254438
0.01217912	0.041
0.01215901	1.00442061
0.012159	45.61494944
0.01214666	0.04116355
0.0121141	0.18573395
0.01210164	0.06574425
0.01210001	0.08243795
0.0121	14.83884298
0.01208066	3.0
0.01207912	0.0414
0.0120603	0.134806
0.01205838	0.12377596
0.01203411	0.04154853
0.01202474	27.3275491
0.0120246	20.0
0.01201993	0.04214006
0.01200754	0.18738219
0.012869	3.6626349
0.01285	48.12270333
0.01283164	83.69690929
0.01282471	31.613
0.0128247	4.98874603
0.01282223	3.19647008
0.01282196	0.03899559
0.01281	3.89344262
0.01280428	0.52267654
0.01280004	95.087
0.01280001	48.41192963
0.0128	4.1
0.01276336	1.0
0.0127602	118.1
0.01276019	27.65563464
0.01275344	0.17642294
0.01275	0.04
0.01274924	8.62796753
0.01274333	204.93320599
0.01274332	13.2688277
0.01273807	1.5
0.01273087	1.57072298
0.01273086	15.61578448
0.0127217	0.1
0.01272143	40.0
0.01270941	0.03934092
0.01270164	0.06574425
0.0127	11.83465575
0.01267662	0.11785749
0.01267245	11.73350021
0.01267163	0.72163876
0.01265	0.92258893
0.01264688	0.1779094
0.01264117	35.183
0.01264043	1.31295948
0.01263321	0.2088242
0.01260025	19.79127398
0.0126	93.00001234
0.01259686	1.03969242
0.01258354	351.83
0.01258164	0.06574425
0.01257	39.66314097
0.01255049	0.11892245
0.01254032	0.17942112
0.01252	0.25
0.01251887	3.67445304
0.01250562	0.03988207
0.01250027	37.09167045
0.0125002	1.0
0.01250001	8.53766031
0.0125	132.39881042
0.01248431	0.04005025
0.01248	45.32889295
0.01246995	1.99980754
0.01246164	0.06574425
0.01245704	2.0
0.01243377	0.18095876
0.01242561	0.12011787
0.012425	80.28190449
0.01242	2.0
0.01241234	1.60727147
0.0124	6.02217742
0.01237176	0.0404146
0.01234857	0.16137039
0.01234568	1.0
0.01234164	0.06574425
0.01233999	0.86616626
0.01232721	0.18252297
0.01230925	1.8
0.01230197	0.12132506
0.0123	25.18480863
0.01229401	0.08658685
0.01227634	1.0
0.01225921	0.04078564
0.01225	0.041
0.01224993	0.65530367
0.01222164	0.06574425
0.01222065	0.18411446
0.01221381	81.66984749
0.01221302	1.87748776
0.0122	38.56078757
0.01218066	2.0
0.01217957	0.12254438
0.01217912	0.041
0.01215901	1.00442061
0.012159	45.61494944
0.01214666	0.04116355
0.0121141	0.18573395
0.01210164	0.06574425
0.01210001	0.08243795
0.0121	14.83884298
0.01208066	3.0
0.01207912	0.0414
0.0120603	0.134806
0.01205838	0.12377596
0.01203411	0.04154853
0.01202474	27.3275491
0.0120246	20.0
0.01201993	0.04214006
0.01200754	0.18738219
0.012869	3.6626349
0.01285	48.12270333
0.012849	9.02855346
0.01283164	83.69690929
0.01282471	29.514
0.0128247	4.98874603
0.01282223	3.19647008
0.01282196	0.03899559
0.01281001	137.382
0.01281	3.89344262
0.01280428	0.52267654
0.01280001	0.07792963
0.0128	16.60007594
0.01276336	1.0
0.0127602	118.1
0.01276019	27.65563464
0.01275344	0.17642294
0.01275	0.04
0.01274332	13.2688277
0.01273808	1.57002138
0.01273807	1.5
0.01272171	204.93320599
0.0127217	0.1
0.01272144	0.03944266
0.01272143	40.0
0.01270941	0.03934092
0.01270164	0.06574425
0.0127	11.83465575
0.01267662	0.11785749
0.01267245	11.73350021
0.01267163	0.72163876
0.01265	0.92258893
0.01264688	0.1779094
0.01264117	35.183
0.01264043	1.31295948
0.01263321	0.2088242
0.01260025	19.79127398
0.0126	93.00001234
0.01259686	1.03969242
0.01258354	351.83
0.01258164	0.06574425
0.01257	39.66314097
0.01255049	0.11892245
0.01254032	0.17942112
0.01252	0.25
0.01251887	3.67445304
0.01250562	0.03988207
0.01250027	37.09167045
0.0125002	1.0
0.01250001	8.53766031
0.0125	132.39881042
0.01248431	0.04005025
0.01248	45.32889295
0.01246995	1.99980754
0.01246164	0.06574425
0.01245704	2.0
0.01243377	0.18095876
0.01242561	0.12011787
0.012425	80.28190449
0.01242	2.0
0.01241234	1.60727147
0.0124	6.02217742
0.01237176	0.0404146
0.01234857	0.16137039
0.01234568	1.0
0.01234164	0.06574425
0.01233999	0.86616626
0.01232721	0.18252297
0.01230925	1.8
0.01230197	0.12132506
0.0123	25.18480863
0.01229401	0.08658685
0.01227634	1.0
0.01225921	0.04078564
0.01225	0.041
0.01224993	0.65530367
0.01222164	0.06574425
0.01222065	0.18411446
0.01221381	81.66984749
0.01221302	1.87748776
0.0122	38.56078757
0.01218066	2.0
0.01217957	0.12254438
0.01217912	0.041
0.01215901	1.00442061
0.012159	45.61494944
0.01214666	0.04116355
0.0121141	0.18573395
0.01210164	0.06574425
0.01210001	0.08243795
0.0121	14.83884298
0.01208066	3.0
0.01207912	0.0414
0.0120603	0.134806
0.01205838	0.12377596
0.01203411	0.04154853
0.01202474	27.3275491
0.0120246	20.0
0.01201993	0.04214006
0.01200754	0.18738219
0.012869	7.62925308
0.01285	48.12270333
0.012849	9.02855346
0.01283164	83.69690929
0.0128247	4.98874603
0.01282223	3.19647008
0.01282196	0.03899559
0.01281	3.89344262
0.01280428	0.52267654
0.01280002	120.45
0.01280001	56.64092963
0.0128	16.60007594
0.01276337	204.93320599
0.01276336	1.0
0.0127602	118.1
0.01276019	27.65563464
0.01275344	0.17642294
0.01275	0.04
0.01274332	13.2688277
0.01273808	1.57002138
0.01273807	1.5
0.0127217	0.1
0.01272143	40.0
0.01270941	0.03934092
0.01270164	0.06574425
0.0127	11.83465575
0.01267662	0.11785749
0.01267245	11.73350021
0.01267163	0.72163876
0.0126681	8.68323024
0.01265	0.92258893
0.01264688	0.1779094
0.01264117	35.183
0.01264043	1.31295948
0.01263321	0.2088242
0.01260025	19.79127398
0.0126	93.00001234
0.01259686	1.03969242
0.01258354	351.83
0.01258164	0.06574425
0.01257	39.66314097
0.01255049	0.11892245
0.01254032	0.17942112
0.01252	0.25
0.01251887	3.67445304
0.01250562	0.03988207
0.01250027	37.09167045
0.0125002	1.0
0.01250001	8.53766031
0.0125	132.39881042
0.01248431	0.04005025
0.01248	45.32889295
0.01246995	1.99980754
0.01246164	0.06574425
0.01245704	2.0
0.01243377	0.18095876
0.01242561	0.12011787
0.012425	80.28190449
0.01242	2.0
0.01241234	1.60727147
0.0124	6.02217742
0.01237176	0.0404146
0.01234857	0.16137039
0.01234568	1.0
0.01234164	0.06574425
0.01233999	0.86616626
0.01232721	0.18252297
0.01230925	1.8
0.01230197	0.12132506
0.0123	25.18480863
0.01229401	0.08658685
0.01227634	1.0
0.01225921	0.04078564
0.01225	0.041
0.01224993	0.65530367
0.01222164	0.06574425
0.01222065	0.18411446
0.01221381	81.66984749
0.01221302	1.87748776
0.0122	38.56078757
0.01218066	2.0
0.01217957	0.12254438
0.01217912	0.041
0.01215901	1.00442061
0.012159	45.61494944
0.01214666	0.04116355
0.0121141	0.18573395
0.01210164	0.06574425
0.01210001	0.08243795
0.0121	14.83884298
0.01208066	3.0
0.01207912	0.0414
0.0120603	0.134806
0.01205838	0.12377596
0.01203411	0.04154853
0.01202474	27.3275491
0.0120246	20.0
0.01201993	0.04214006
0.01200754	0.18738219
0.01200005	9.5
0.01285	58.00597293
0.012849	9.02855346
0.01283164	83.69690929
0.0128247	4.98874603
0.01282223	3.19647008
0.01282196	0.03899559
0.01281	3.89344262
0.01280428	0.52267654
0.01280002	139.667
0.01280001	36.96992963
0.0128	16.60007594
0.01276337	204.93320599
0.01276336	1.0
0.0127602	118.1
0.01276019	27.65563464
0.01275344	0.17642294
0.01275	0.04
0.01274332	13.2688277
0.01273808	1.57002138
0.01273807	1.5
0.0127217	0.1
0.01272143	40.0
0.01270941	0.03934092
0.01270164	0.06574425
0.0127	11.83465575
0.01267662	0.11785749
0.01267245	11.73350021
0.01267163	0.72163876
0.01265	0.92258893
0.01264688	0.1779094
0.01264117	35.183
0.01264043	1.31295948
0.01263321	0.2088242
0.01260025	19.79127398
0.0126	93.00001234
0.01259686	1.03969242
0.01258354	351.83
0.01258164	0.06574425
0.01257	39.66314097
0.01255049	0.11892245
0.01254032	0.17942112
0.01252	0.25
0.01251887	3.67445304
0.01250562	0.03988207
0.01250027	37.09167045
0.0125002	1.0
0.01250001	8.53766031
0.0125	132.39881042
0.01248431	0.04005025
0.01248	45.32889295
0.01246995	1.99980754
0.01246164	0.06574425
0.01245704	2.0
0.01243377	0.18095876
0.01242561	0.12011787
0.012425	80.28190449
0.01242	2.0
0.01241234	1.60727147
0.0124	6.02217742
0.01237176	0.0404146
0.01234857	0.16137039
0.01234568	1.0
0.01234164	0.06574425
0.01233999	0.86616626
0.01232721	0.18252297
0.01230925	1.8
0.01230197	0.12132506
0.0123	25.18480863
0.01229401	0.08658685
0.01227634	1.0
0.01225921	0.04078564
0.01225	0.041
0.01224993	0.65530367
0.01222164	0.06574425
0.01222065	0.18411446
0.01221381	81.66984749
0.01221302	1.87748776
0.0122	38.56078757
0.01218066	2.0
0.01217957	0.12254438
0.01217912	0.041
0.01215901	1.00442061
0.012159	45.61494944
0.01214666	0.04116355
0.0121141	0.18573395
0.01210164	0.06574425
0.01210001	0.08243795
0.0121	14.83884298
0.01208066	3.0
0.01207912	0.0414
0.0120603	0.134806
0.01205838	0.12377596
0.01203411	0.04154853
0.01202474	27.3275491
0.0120246	20.0
0.01201993	0.04214006
0.01200754	0.18738219
0.01200005	9.5
0.01200001	29.0940383
0.012	416.20857133
0.01285	13.72037039
0.012849	9.02855346
0.01283164	83.69690929
0.0128247	4.98874603
0.01282223	3.19647008
0.01282196	0.03899559
0.01281	3.89344262
0.01280428	0.52267654
0.01280005	50.361
0.01280001	0.07792963
0.0128	16.60007594
0.01276342	123.264
0.01276336	1.0
0.0127602	118.1
0.01276019	27.65563464
0.01275344	0.17642294
0.01275	0.04
0.01274332	13.2688277
0.01273808	1.57002138
0.01273807	1.5
0.01272171	205.23622006
0.0127217	0.1
0.01272143	40.0
0.01270941	0.03934092
0.01270164	0.06574425
0.0127	11.83465575
0.01267662	0.11785749
0.01267245	11.73350021
0.01267163	0.72163876
0.01265	0.92258893
0.01264688	0.1779094
0.01264117	35.183
0.01264043	1.31295948
0.01263321	0.2088242
0.01260025	19.79127398
0.0126	93.00001234
0.01259686	1.03969242
0.01258354	351.83
0.01258164	0.06574425
0.01257	39.66314097
0.01255049	0.11892245
0.01254032	0.17942112
0.01252	0.25
0.01251887	3.67445304
0.01250562	0.03988207
0.01250027	37.09167045
0.0125002	1.0
0.01250001	8.53766031
0.0125	132.39881042
0.01248431	0.04005025
0.01248	45.32889295
0.01246995	1.99980754
0.01246164	0.06574425
0.01245704	2.0
0.01243377	0.18095876
0.01242561	0.12011787
0.012425	80.28190449
0.01242	2.0
0.01241234	1.60727147
0.0124	6.02217742
0.01237176	0.0404146
0.01234857	0.16137039
0.01234568	1.0
0.01234164	0.06574425
0.01233999	0.86616626
0.01232721	0.18252297
0.01230925	1.8
0.01230197	0.12132506
0.0123	25.18480863
0.01229401	0.08658685
0.01227634	1.0
0.01225921	0.04078564
0.01225	0.041
0.01224993	0.65530367
0.01222164	0.06574425
0.01222065	0.18411446
0.01221381	81.66984749
0.01221302	1.87748776
0.0122	38.56078757
0.01218066	2.0
0.01217957	0.12254438
0.01217912	0.041
0.01215901	1.00442061
0.012159	45.61494944
0.01214666	0.04116355
0.0121141	0.18573395
0.01210164	0.06574425
0.01210001	0.08243795
0.0121	14.83884298
0.01208066	3.0
0.01207912	0.0414
0.0120603	0.134806
0.01205838	0.12377596
0.01203411	0.04154853
0.01202474	27.3275491
0.0120246	20.0
0.01201993	0.04214006
0.01200754	0.18738219
0.01200005	9.5
0.01200001	29.0940383
0.012865	3.0
0.01283164	60.23420272
0.0128247	4.98874603
0.01282223	3.19647008
0.01282196	0.03899559
0.01281	3.89344262
0.01280428	0.52267654
0.01280008	53.533
0.01280007	77.85192666
0.01280001	0.07792963
0.0128	16.60007594
0.01276343	123.939
0.01276336	1.0
0.0127602	118.1
0.01276019	27.65563464
0.01275344	0.17642294
0.01275	0.04
0.01274332	13.2688277
0.01273807	1.5
0.01272172	1.57185252
0.0127217	0.1
0.01272143	40.0
0.01270942	5.19299858
0.01270941	0.03934092
0.01270164	0.06574425
0.0127	11.83465575
0.01267662	0.11785749
0.01267245	11.73350021
0.01267163	0.72163876
0.01265	0.92258893
0.01264688	0.1779094
0.01264117	35.183
0.01264043	1.31295948
0.01263321	0.2088242
0.01260025	19.79127398
0.0126	93.00001234
0.01259686	1.03969242
0.01258354	556.58818539
0.01258164	0.06574425
0.01257	39.66314097
0.01255049	0.11892245
0.01254032	0.17942112
0.01252007	37.03301142
0.01252	0.25
0.01251887	3.67445304
0.01250562	0.03988207
0.0125002	1.0
0.01250001	8.53766031
0.0125	132.39881042
0.01248431	0.04005025
0.01248	45.32889295
0.01246995	1.99980754
0.01246164	0.06574425
0.01245704	2.0
0.01243377	0.18095876
0.01242561	0.12011787
0.012425	80.28190449
0.01242	2.0
0.01241234	1.60727147
0.0124	6.02217742
0.01237176	0.0404146
0.01234857	0.16137039
0.01234568	1.0
0.01234164	0.06574425
0.01233999	0.86616626
0.01232721	0.18252297
0.01230925	1.8
0.01230197	0.12132506
0.0123	25.18480863
0.01229401	0.08658685
0.01227634	1.0
0.01225921	0.04078564
0.01225	0.041
0.01224993	0.65530367
0.01222164	0.06574425
0.01222065	0.18411446
0.01221381	81.66984749
0.01221302	1.87748776
0.0122	38.56078757
0.01218066	2.0
0.01217957	0.12254438
0.01217912	0.041
0.01215901	1.00442061
0.012159	45.61494944
0.01214666	0.04116355
0.0121141	0.18573395
0.01210164	0.06574425
0.01210001	0.08243795
0.0121	14.83884298
0.01208066	3.0
0.01207912	0.0414
0.0120603	0.134806
0.01205838	0.12377596
0.01203411	0.04154853
0.01202474	27.3275491
0.0120246	20.0
0.01201993	0.04214006
0.01200754	0.18738219
0.01200005	9.5
0.01200001	29.0940383
0.01283164	57.13440272
0.0128247	4.98874603
0.01282223	3.19647008
0.01282196	0.03899559
0.01281	3.89344262
0.01280428	0.52267654
0.01280001	21.27092963
0.0128	16.60007594
0.01276343	123.939
0.01276336	1.0
0.0127602	39.58
0.01276019	27.65563464
0.01275344	0.17642294
0.01275	0.04
0.01274332	13.2688277
0.01273833	8.63535826
0.01273807	1.5
0.0127217	0.1
0.01272148	205.52987988
0.01272147	1.57185252
0.01272143	40.0
0.01270941	0.03934092
0.01270164	0.06574425
0.0127	11.83465575
0.01267663	118.9
0.01267662	0.11785749
0.01267245	11.73350021
0.01267163	0.72163876
0.01265	0.92258893
0.01264688	0.1779094
0.01264117	35.183
0.01264043	1.31295948
0.01263321	0.2088242
0.01260025	19.79127398
0.0126	93.00001234
0.01259686	1.03969242
0.01258354	351.83
0.01258164	0.06574425
0.01257	39.66314097
0.01255049	0.11892245
0.01254032	0.17942112
0.01252	0.25
0.01251887	3.67445304
0.01250562	0.03988207
0.0125002	1.0
0.01250001	8.53766031
0.0125	132.39881042
0.01248431	0.04005025
0.01248007	37.15170631
0.01248	45.32889295
0.01246995	1.99980754
0.01246164	0.06574425
0.01245704	2.0
0.01243377	0.18095876
0.01242561	0.12011787
0.012425	80.28190449
0.01242	2.0
0.01241234	1.60727147
0.0124	6.02217742
0.01237176	0.0404146
0.01234857	0.16137039
0.01234568	1.0
0.01234164	0.06574425
0.01233999	0.86616626
0.01232721	0.18252297
0.01230925	1.8
0.01230197	0.12132506
0.0123	25.18480863
0.01229401	0.08658685
0.01227634	1.0
0.01225921	0.04078564
0.01225	0.041
0.01224993	0.65530367
0.01222164	0.06574425
0.01222065	0.18411446
0.01221381	81.66984749
0.01221302	1.87748776
0.0122	38.56078757
0.01218066	2.0
0.01217957	0.12254438
0.01217912	0.041
0.01215901	1.00442061
0.012159	45.61494944
0.01214666	0.04116355
0.0121141	0.18573395
0.01210164	0.06574425
0.01210001	0.08243795
0.0121	14.83884298
0.01208066	3.0
0.01207912	0.0414
0.0120603	0.134806
0.01205838	0.12377596
0.01203411	0.04154853
0.01202474	27.3275491
0.0120246	20.0
0.01201993	0.04214006
0.01200754	0.18738219
0.01200005	9.5
0.01200001	29.0940383
0.012	416.20857133
0.01283164	96.00316774
0.0128247	4.98874603
0.01282223	3.19647008
0.01282196	0.03899559
0.01281	3.89344262
0.01280428	0.52267654
0.01280003	0.03928488
0.01280002	18.909
0.01280001	0.07792963
0.0128	16.60007594
0.01276347	150.693
0.01276345	78.07529398
0.01276336	1.0
0.01276019	27.65563464
0.01275344	0.17642294
0.01275	0.04
0.01274332	13.2688277
0.01273807	1.5
0.0127217	0.1
0.01272153	1.57185252
0.01272152	205.52987988
0.01272143	40.0
0.01270942	118.6
0.01270941	0.03934092
0.01270164	0.06574425
0.0127	11.83465575
0.01267662	0.11785749
0.01267245	11.73350021
0.01267163	0.72163876
0.01265	0.92258893
0.01264688	0.1779094
0.01264117	35.183
0.01264043	1.31295948
0.01263321	0.2088242
0.01260025	19.79127398
0.0126	93.00001234
0.01259686	1.03969242
0.01258354	351.83
0.01258164	0.06574425
0.01257	39.66314097
0.01255049	0.11892245
0.01254032	0.17942112
0.01252	0.25
0.01251887	3.67445304
0.01250562	0.03988207
0.0125002	1.0
0.01250001	8.53766031
0.0125	132.39881042
0.01248431	0.04005025
0.01248007	37.15170631
0.01248	45.32889295
0.01246995	1.99980754
0.01246164	0.06574425
0.01245704	2.0
0.01243377	0.18095876
0.01242561	0.12011787
0.012425	80.28190449
0.01242	2.0
0.01241234	1.60727147
0.0124	6.02217742
0.01237176	0.0404146
0.01234857	0.16137039
0.01234568	1.0
0.01234164	0.06574425
0.01233999	0.86616626
0.01232721	0.18252297
0.01230925	1.8
0.01230197	0.12132506
0.0123	25.18480863
0.01229401	0.08658685
0.01227634	1.0
0.01225921	0.04078564
0.01225	0.041
0.01224993	0.65530367
0.01222164	0.06574425
0.01222065	0.18411446
0.01221381	81.66984749
0.01221302	1.87748776
0.0122	38.56078757
0.01218066	2.0
0.01217957	0.12254438
0.01217912	0.041
0.01215901	1.00442061
0.012159	45.61494944
0.01214666	0.04116355
0.0121141	0.18573395
0.01210164	0.06574425
0.01210001	0.08243795
0.0121	14.83884298
0.01208066	3.0
0.01207912	0.0414
0.0120603	0.134806
0.01205838	0.12377596
0.01203411	0.04154853
0.01202474	27.3275491
0.0120246	20.0
0.01201993	0.04214006
0.01200754	0.18738219
0.01200005	9.5
0.01200001	29.0940383
0.01283164	95.90728182
0.0128247	4.98874603
0.01282223	3.19647008
0.01282196	0.03899559
0.01281	3.89344262
0.01280428	0.52267654
0.01280001	0.11714529
0.0128	16.60007594
0.01278009	107.863
0.01278008	22.19452571
0.01276346	65.996
0.01276345	78.07529398
0.01276337	4.4848906
0.01276336	1.0
0.01276019	27.65563464
0.01275344	0.17642294
0.01275	0.04
0.01274332	13.2688277
0.01273807	1.5
0.0127217	0.1
0.01272143	40.0
0.01270944	118.6
0.01270943	1.57307524
0.01270941	0.03934092
0.01270164	0.06574425
0.0127	11.83465575
0.01267662	0.11785749
0.01267245	11.73350021
0.01267163	0.72163876
0.01265	0.92258893
0.01264688	0.1779094
0.01264117	35.183
0.01264043	1.31295948
0.01263321	0.2088242
0.01260025	19.79127398
0.0126	93.00001234
0.01259686	1.03969242
0.01258354	351.83
0.01258164	0.06574425
0.01257001	205.52987988
0.01257	39.66314097
0.01255049	0.11892245
0.01254032	0.17942112
0.01252	0.25
0.01251887	3.67445304
0.01250562	0.03988207
0.0125002	1.0
0.01250001	8.53766031
0.0125	132.39881042
0.01248431	0.04005025
0.01248007	37.15170631
0.01248	45.32889295
0.01246995	1.99980754
0.01246164	0.06574425
0.01245704	2.0
0.01243377	0.18095876
0.01242561	0.12011787
0.012425	80.28190449
0.01242	2.0
0.01241234	1.60727147
0.0124	6.02217742
0.01237176	0.0404146
0.01234857	0.16137039
0.01234568	1.0
0.01234164	0.06574425
0.01233999	0.86616626
0.01232721	0.18252297
0.01230925	1.8
0.01230197	0.12132506
0.0123	25.18480863
0.01229401	0.08658685
0.01227634	1.0
0.01225921	0.04078564
0.01225	0.041
0.01224993	0.65530367
0.01222164	0.06574425
0.01222065	0.18411446
0.01221381	81.66984749
0.01221302	1.87748776
0.0122	38.56078757
0.01218066	2.0
0.01217957	0.12254438
0.01217912	0.041
0.01215901	1.00442061
0.012159	45.61494944
0.01214666	0.04116355
0.0121141	0.18573395
0.01210164	0.06574425
0.01210001	0.08243795
0.0121	14.83884298
0.01208066	3.0
0.01207912	0.0414
0.0120603	0.134806
0.01205838	0.12377596
0.01203411	0.04154853
0.01202474	27.3275491
0.0120246	20.0
0.01201993	0.04214006
0.01200754	0.18738219
0.01200005	9.5
0.01283164	53.90728182
0.0128247	4.98874603
0.01282223	3.19647008
0.01282196	0.03899559
0.01281	3.89344262
0.01280428	0.52267654
0.01280001	0.07792963
0.0128	16.60007594
0.01278011	105.284
0.01277268	71.475
0.01276345	78.07529398
0.01276336	1.0
0.01276019	27.65563464
0.01275344	0.17642294
0.01275	0.04
0.01273807	1.5
0.01272311	15.17630802
0.0127217	0.1
0.01272143	40.0
0.01270946	118.6
0.01270945	1.57307524
0.01270941	0.03934092
0.01270381	20.08457761
0.01270164	0.06574425
0.0127	11.83465575
0.01269412	8.66542935
0.01267662	0.11785749
0.01267245	11.73350021
0.01265	0.92258893
0.01264688	0.1779094
0.01264117	35.183
0.01264043	1.31295948
0.01263321	0.2088242
0.01262897	25.0
0.01260025	19.79127398
0.0126	93.00001234
0.01259686	1.03969242
0.01258354	351.83
0.01258164	0.06574425
0.01257001	205.52987988
0.01257	39.66314097
0.01255049	0.11892245
0.01254032	0.17942112
0.01252	0.25
0.01251887	3.67445304
0.01250562	0.03988207
0.0125002	1.0
0.01250001	8.53766031
0.0125	132.39881042
0.01248431	0.04005025
0.01248007	37.15170631
0.01248	45.32889295
0.01246995	1.99980754
0.01246164	0.06574425
0.01245704	2.0
0.01243377	0.18095876
0.01242561	0.12011787
0.012425	80.28190449
0.01242	2.0
0.01241234	1.60727147
0.0124	6.02217742
0.01237176	0.0404146
0.01234857	0.16137039
0.01234568	1.0
0.01234164	0.06574425
0.01233999	0.86616626
0.01232721	0.18252297
0.01230925	1.8
0.01230197	0.12132506
0.0123	25.18480863
0.01229401	0.08658685
0.01227634	1.0
0.01225921	0.04078564
0.01225	0.041
0.01224993	0.65530367
0.01222164	0.06574425
0.01222065	0.18411446
0.01221381	81.66984749
0.01221302	1.87748776
0.0122	38.56078757
0.01218066	2.0
0.01217957	0.12254438
0.01217912	0.041
0.01215901	1.00442061
0.012159	45.61494944
0.01214666	0.04116355
0.0121141	0.18573395
0.01210164	0.06574425
0.01210001	0.08243795
0.0121	14.83884298
0.01208066	3.0
0.01207912	0.0414
0.0120603	0.134806
0.01205838	0.12377596
0.01203411	0.04154853
0.01202474	27.3275491
0.0120246	20.0
0.01201993	0.04214006
0.01200754	0.18738219
0.01200005	9.5
0.01283164	52.90728182
0.0128247	4.98874603
0.01282223	3.19647008
0.01282196	0.03899559
0.01281	3.89344262
0.01280428	0.52267654
0.01280002	0.03925163
0.01280001	0.07792963
0.0128	16.60007594
0.01277268	71.475
0.01276345	78.07529398
0.01276336	1.0
0.0127602	100.914
0.01276019	27.65563464
0.01275344	0.17642294
0.01275	0.04
0.01273833	8.63535826
0.01273807	1.5
0.01272311	15.17630802
0.0127217	0.1
0.01272143	40.0
0.01270952	118.6
0.01270951	1.57307524
0.01270941	0.03934092
0.01270381	20.08457761
0.01270164	0.06574425
0.0127	11.83465575
0.01267663	205.52987988
0.01267245	11.73350021
0.01265	0.92258893
0.01264688	0.1779094
0.01264117	35.183
0.01264043	1.31295948
0.01263321	0.2088242
0.01262897	25.0
0.01260025	19.79127398
0.0126	93.00001234
0.01259686	1.03969242
0.01258354	351.83
0.01258164	0.06574425
0.01257	39.66314097
0.01254032	0.17942112
0.01252	0.25
0.01251887	3.67445304
0.01250562	0.03988207
0.01250027	37.09167045
0.0125002	1.0
0.01250001	8.53766031
0.0125	132.39881042
0.01248431	0.04005025
0.01248	45.32889295
0.01246995	1.99980754
0.01246164	0.06574425
0.01245704	2.0
0.01243377	0.18095876
0.012425	80.28190449
0.01242	2.0
0.01241234	1.60727147
0.0124	6.02217742
0.01237176	0.0404146
0.01234857	0.16137039
0.01234568	1.0
0.01234164	0.06574425
0.01233999	0.86616626
0.01232721	0.18252297
0.01230925	1.8
0.0123	25.18480863
0.01229401	0.08658685
0.01227634	1.0
0.01225921	0.04078564
0.01225	0.041
0.01224993	0.65530367
0.01222164	0.06574425
0.01222065	0.18411446
0.01221381	81.66984749
0.01221302	1.87748776
0.0122	38.56078757
0.01218066	2.0
0.01217912	0.041
0.01215901	1.00442061
0.012159	45.61494944
0.01214666	0.04116355
0.0121141	0.18573395
0.01210164	0.06574425
0.01210001	0.08243795
0.0121	14.83884298
0.01208066	3.0
0.01207912	0.0414
0.0120603	0.134806
0.01203411	0.04154853
0.01202474	27.3275491
0.0120246	20.0
0.01201993	0.04214006
0.01200754	0.18738219
0.01200005	9.5
0.01200001	29.0940383
0.012	416.20857133
0.01199119	1.0
0.01198164	0.06574425
0.01198066	4.0
0.012833	1.26090514
0.01283169	5.0
0.01283164	20.64870456
0.0128247	4.98874603
0.01282223	3.19647008
0.01282196	0.03899559
0.01281	3.89344262
0.01280428	0.52267654
0.01280001	0.07792963
0.0128	16.60007594
0.01276346	172.014
0.01276345	78.07529398
0.01276336	1.0
0.01276019	27.65563464
0.01275344	0.17642294
0.01275	0.04
0.01273807	1.5
0.01272311	15.17630802
0.0127217	0.1
0.01272143	40.0
0.01270956	118.6
0.01270955	1.57264355
0.01270941	0.03934092
0.01270381	20.08457761
0.01270164	0.06574425
0.0127	11.83465575
0.01267246	205.52987988
0.01267245	11.73350021
0.01265	0.92258893
0.01264688	0.1779094
0.01264117	35.183
0.01264043	1.31295948
0.01263321	0.2088242
0.01262897	25.0
0.01260025	19.79127398
0.0126	93.00001234
0.01259686	1.03969242
0.01258354	351.83
0.01258164	0.06574425
0.01257	39.66314097
0.01254032	0.17942112
0.01252	0.25
0.01251887	3.67445304
0.01250562	0.03988207
0.01250027	37.09167045
0.0125002	1.0
0.01250001	8.53766031
0.0125	132.39881042
0.01248431	0.04005025
0.01248	45.32889295
0.01246995	1.99980754
0.01246164	0.06574425
0.01245704	2.0
0.01243377	0.18095876
0.012425	80.28190449
0.01242	2.0
0.01241234	1.60727147
0.0124	6.02217742
0.01237176	0.0404146
0.01234857	0.16137039
0.01234568	1.0
0.01234164	0.06574425
0.01233999	0.86616626
0.01232721	0.18252297
0.01230925	1.8
0.01229401	0.08658685
0.01227634	1.0
0.01225921	0.04078564
0.01225	0.041
0.01224993	0.65530367
0.01222164	0.06574425
0.01222065	0.18411446
0.01221381	81.66984749
0.01221302	1.87748776
0.0122	38.56078757
0.01218066	2.0
0.01217912	0.041
0.01215901	1.00442061
0.012159	45.61494944
0.01214666	0.04116355
0.0121141	0.18573395
0.01210164	0.06574425
0.01210001	0.08243795
0.0121	14.83884298
0.01208066	3.0
0.01207912	0.0414
0.0120603	0.134806
0.01203411	0.04154853
0.01202474	27.3275491
0.0120246	20.0
0.01201993	0.04214006
0.01200754	0.18738219
0.01200005	9.5
0.01200001	29.0940383
0.012	416.20857133
0.01199119	1.0
0.01198164	0.06574425
0.01198066	4.0
0.01197066	1.0
0.0119466	0.13609
0.01285637	0.02706056
0.01283164	20.64870456
0.0128247	4.98874603
0.01282223	3.19647008
0.01282196	0.03899559
0.01281	3.89344262
0.01280428	0.52267654
0.01280001	0.07792963
0.0128	18.54831813
0.01276346	172.014
0.01276345	78.07529398
0.01276336	1.0
0.01276019	27.65563464
0.01275344	0.17642294
0.01275	0.04
0.01273807	1.5
0.01272845	0.11694787
0.01272311	15.17630802
0.0127217	0.1
0.01272144	1.57209963
0.01272143	40.0
0.01270942	118.6
0.01270941	0.03934092
0.01270381	20.08457761
0.01270164	0.06574425
0.0127	11.83465575
0.01267246	205.52987988
0.01267245	11.73350021
0.01265	0.92258893
0.01264688	0.1779094
0.01264117	35.183
0.01264043	1.31295948
0.01263321	0.2088242
0.01262897	25.0
0.0126018	0.11843908
0.01260025	19.79127398
0.0126	93.00001234
0.01259686	1.03969242
0.01258354	351.83
0.01258164	0.06574425
0.01257	39.66314097
0.01254032	0.17942112
0.01252	0.25
0.01251887	3.67445304
0.01250562	0.03988207
0.01250027	37.09167045
0.0125002	1.0
0.01250001	8.53766031
0.0125	132.39881042
0.01248431	0.04005025
0.01248	45.32889295
0.01247641	0.11962876
0.01246995	1.99980754
0.01246164	0.06574425
0.01245704	2.0
0.01243377	0.18095876
0.012425	80.28190449
0.01242	2.0
0.01241234	1.60727147
0.0124	6.02217742
0.01237176	0.0404146
0.01235227	0.12083104
0.01234857	0.16137039
0.01234568	1.0
0.01234164	0.06574425
0.01233999	0.86616626
0.01232721	0.18252297
0.01230925	1.8
0.01229401	0.08658685
0.01227634	1.0
0.01225921	0.04078564
0.01225	0.041
0.01224993	0.65530367
0.01222936	0.1220454
0.01222164	0.06574425
0.01222065	0.18411446
0.01221381	81.66984749
0.01221302	1.87748776
0.0122	38.56078757
0.01218066	2.0
0.01217912	0.041
0.01215901	1.00442061
0.012159	45.61494944
0.01214666	0.04116355
0.0121141	0.18573395
0.01210768	0.12327196
0.01210164	0.06574425
0.01210001	0.08243795
0.0121	14.83884298
0.01208066	3.0
0.01207912	0.0414
0.0120603	0.134806
0.01203411	0.04154853
0.01202474	27.3275491
0.0120246	20.0
0.01201993	0.04214006
0.01200754	0.18738219
0.01200005	9.5
0.01200001	29.0940383
0.012	416.20857133
0.01285637	0.02706056
0.01283164	20.64870456
0.0128247	4.98874603
0.01282223	3.19647008
0.01282196	0.03899559
0.01281	3.89344262
0.01280428	0.52267654
0.01280001	78.81592963
0.0128	18.54831813
0.01276345	78.07529398
0.01276336	1.0
0.0127602	87.079
0.01276019	27.65563464
0.01275344	0.17642294
0.01275	0.04
0.01273807	1.5
0.01272845	0.11694787
0.01272312	1.57168453
0.01272311	15.17630802
0.0127217	0.1
0.01272144	118.5
0.01272143	40.0
0.01270941	0.03934092
0.01270381	20.08457761
0.01270164	0.06574425
0.0127	11.83465575
0.01267246	205.52987988
0.01267245	11.73350021
0.01265	0.92258893
0.01264688	0.1779094
0.01264117	35.183
0.01264043	1.31295948
0.01263321	0.2088242
0.01262897	25.0
0.0126018	0.11843908
0.01260025	19.79127398
0.0126	93.00001234
0.01259686	1.03969242
0.01258354	351.83
0.01258164	0.06574425
0.01257007	36.88570512
0.01257	39.66314097
0.01254032	0.17942112
0.01252	0.25
0.01251887	3.67445304
0.01250562	0.03988207
0.0125002	1.0
0.01250001	8.53766031
0.0125	144.36897082
0.01248431	0.04005025
0.01248	45.32889295
0.01247641	0.11962876
0.01246995	1.99980754
0.01246164	0.06574425
0.01245704	2.0
0.01243377	0.18095876
0.012425	80.28190449
0.01242	2.0
0.01241234	1.60727147
0.0124	6.02217742
0.01237176	0.0404146
0.01235227	0.12083104
0.01234857	0.16137039
0.01234568	1.0
0.01234164	0.06574425
0.01233999	0.86616626
0.01232721	0.18252297
0.01230925	1.8
0.01229401	0.08658685
0.01227634	1.0
0.01225921	0.04078564
0.01225	0.041
0.01224993	0.65530367
0.01222936	0.1220454
0.01222164	0.06574425
0.01222065	0.18411446
0.01221381	81.66984749
0.01221302	1.87748776
0.0122	38.56078757
0.01218066	2.0
0.01217912	0.041
0.01215901	1.00442061
0.012159	45.61494944
0.01214666	0.04116355
0.0121141	0.18573395
0.01210768	0.12327196
0.01210164	0.06574425
0.01210001	0.08243795
0.0121	14.83884298
0.01208066	3.0
0.01207912	0.0414
0.0120603	0.134806
0.01203411	0.04154853
0.01202474	27.3275491
0.0120246	20.0
0.01201993	0.04214006
0.01200754	0.18738219
0.01200005	9.5
0.01200001	29.0940383
0.012	416.20857133
0.01285637	0.02706056
0.01283164	20.64870456
0.0128247	4.98874603
0.012824	1.94459607
0.01282223	3.19647008
0.01282196	0.03899559
0.01281002	91.154
0.01281	3.89344262
0.01280428	0.52267654
0.01280001	20.47092963
0.0128	18.54831813
0.01276346	63.308
0.01276345	78.07529398
0.01276336	1.0
0.01276286	0.03917617
0.01276019	27.65563464
0.01275344	0.17642294
0.01275	0.04
0.01273807	1.5
0.01272845	0.11694787
0.01272314	1.57168453
0.0127217	0.1
0.01272144	118.5
0.01272143	40.0
0.01271715	12.49410715
0.01270941	0.03934092
0.01270382	205.13453081
0.01270381	20.08457761
0.01270164	0.06574425
0.0127	11.83465575
0.01267245	11.73350021
0.01265	0.92258893
0.01264688	0.1779094
0.01264117	35.183
0.01264043	1.31295948
0.01263321	0.2088242
0.01262897	25.0
0.0126018	0.11843908
0.01260025	19.79127398
0.0126	93.00001234
0.01259686	1.03969242
0.01258354	351.83
0.01258164	0.06574425
0.01257007	36.88570512
0.01257	39.66314097
0.01254032	0.17942112
0.01252	0.25
0.01251887	3.67445304
0.01250562	0.03988207
0.0125002	1.0
0.01250001	8.53766031
0.0125	144.36897082
0.01248431	0.04005025
0.01248	45.32889295
0.01247641	0.11962876
0.01246995	1.99980754
0.01246164	0.06574425
0.01245704	2.0
0.01243377	0.18095876
0.012425	80.28190449
0.01242	2.0
0.01241234	1.60727147
0.0124	6.02217742
0.01237176	0.0404146
0.01235227	0.12083104
0.01234857	0.16137039
0.01234568	1.0
0.01234164	0.06574425
0.01233999	0.86616626
0.01232721	0.18252297
0.01230925	1.8
0.01229401	0.08658685
0.01227634	1.0
0.01225921	0.04078564
0.01225	0.041
0.01224993	0.65530367
0.01222936	0.1220454
0.01222164	0.06574425
0.01222065	0.18411446
0.01221381	81.66984749
0.01221302	1.87748776
0.0122	38.56078757
0.01218066	2.0
0.01217912	0.041
0.01215901	1.00442061
0.012159	45.61494944
0.01214666	0.04116355
0.0121141	0.18573395
0.01210768	0.12327196
0.01210164	0.06574425
0.01210001	0.08243795
0.0121	14.83884298
0.01208066	3.0
0.01207912	0.0414
0.0120603	0.134806
0.01203411	0.04154853
0.01202474	27.3275491
0.0120246	20.0
0.01201993	0.04214006
0.01200754	0.18738219
0.01286638	51.85235154
0.01285637	0.02706056
0.01283164	20.64870456
0.0128247	4.98874603
0.012824	1.94459607
0.01282223	3.19647008
0.01282196	0.03899559
0.01281	3.89344262
0.01280428	0.52267654
0.01280001	167.51021021
0.0128	18.54831813
0.01276345	78.07529398
0.01276336	1.0
0.01276019	27.65563464
0.01275344	0.17642294
0.01275	0.04
0.01273807	1.5
0.01272845	0.11694787
0.0127217	0.1
0.0127215	118.5
0.01272149	1.5708118
0.01272143	40.0
0.01271715	12.49410715
0.01270941	0.03934092
0.01270382	204.97493684
0.01270381	20.08457761
0.01270164	0.06574425
0.0127	11.83465575
0.01267245	11.73350021
0.01265	0.92258893
0.01264688	0.1779094
0.01264117	35.183
0.01264043	1.31295948
0.01263321	0.2088242
0.01262897	25.0
0.0126018	0.11843908
0.01260025	19.79127398
0.0126	93.00001234
0.01259686	1.03969242
0.01258354	351.83
0.01258164	0.06574425
0.01257	39.66314097
0.01254032	0.17942112
0.01252007	37.03301142
0.01252	0.25
0.01251887	3.67445304
0.01250562	0.03988207
0.0125002	1.0
0.01250001	8.53766031
0.0125	144.36897082
0.01248431	0.04005025
0.01248	45.32889295
0.01247641	0.11962876
0.01246995	1.99980754
0.01246164	0.06574425
0.01245704	2.0
0.01243377	0.18095876
0.012425	80.28190449
0.01242	2.0
0.01241234	1.60727147
0.0124	6.02217742
0.01237176	0.0404146
0.01235227	0.12083104
0.01234857	0.16137039
0.01234568	1.0
0.01234164	0.06574425
0.01233999	0.86616626
0.01232721	0.18252297
0.01230925	1.8
0.01229401	0.08658685
0.01227634	1.0
0.01225921	0.04078564
0.01225	0.041
0.01224993	0.65530367
0.01222936	0.1220454
0.01222164	0.06574425
0.01222065	0.18411446
0.01221381	81.66984749
0.01221302	1.87748776
0.0122	38.56078757
0.01218066	2.0
0.01217912	0.041
0.01215901	1.00442061
0.012159	45.61494944
0.01214666	0.04116355
0.0121141	0.18573395
0.01210768	0.12327196
0.01210164	0.06574425
0.01210001	0.08243795
0.0121	14.83884298
0.01208066	3.0
0.01207912	0.0414
0.0120603	0.134806
0.01203411	0.04154853
0.01202474	27.3275491
0.0120246	20.0
0.01201993	0.04214006
0.01200754	0.18738219
0.01200005	9.5
0.01200001	29.0940383
0.01286638	45.24978418
0.01285637	0.02706056
0.01283165	1.87680251
0.01283164	20.64870456
0.0128247	4.98874603
0.012824	1.94459607
0.01282223	3.19647008
0.01282196	0.03899559
0.01281	3.89344262
0.01280428	0.52267654
0.01280001	167.47092963
0.0128	18.54831813
0.01276345	78.07529398
0.01276336	1.0
0.0127602	6.74111836
0.01276019	27.65563464
0.01275344	0.17642294
0.01275	0.04
0.01273807	6.68131705
0.01272845	0.11694787
0.0127217	0.1
0.01272152	118.5
0.01272151	1.5704319
0.01272143	40.0
0.01271715	12.49410715
0.01270941	0.03934092
0.01270382	204.97493684
0.01270381	20.08457761
0.01270164	0.06574425
0.0127	11.83465575
0.01267245	11.73350021
0.01265	0.92258893
0.01264688	0.1779094
0.01264117	35.183
0.01264043	1.31295948
0.01263321	0.2088242
0.01262897	25.0
0.0126018	0.11843908
0.01260025	19.79127398
0.0126	93.00001234
0.01259686	1.03969242
0.01258354	351.83
0.01258164	0.06574425
0.01257	39.66314097
0.01254032	0.17942112
0.01252007	37.03301142
0.01252	0.25
0.01251887	3.67445304
0.01250562	0.03988207
0.0125002	1.0
0.01250001	8.53766031
0.0125	144.36897082
0.01248431	0.04005025
0.01248	45.32889295
0.01247641	0.11962876
0.01246995	1.99980754
0.01246164	0.06574425
0.01245704	2.0
0.01243377	0.18095876
0.012425	80.28190449
0.01242	2.0
0.01241234	1.60727147
0.0124	6.02217742
0.01237176	0.0404146
0.01235227	0.12083104
0.01234857	0.16137039
0.01234568	1.0
0.01234164	0.06574425
0.01233999	0.86616626
0.01232721	0.18252297
0.01230925	1.8
0.01229401	0.08658685
0.01227634	1.0
0.01225921	0.04078564
0.01225	0.041
0.01224993	0.65530367
0.01222936	0.1220454
0.01222164	0.06574425
0.01222065	0.18411446
0.01221381	81.66984749
0.01221302	1.87748776
0.0122	38.56078757
0.01218066	2.0
0.01217912	0.041
0.01215901	1.00442061
0.012159	45.61494944
0.01214666	0.04116355
0.0121141	0.18573395
0.01210768	0.12327196
0.01210164	0.06574425
0.01210001	0.08243795
0.0121	14.83884298
0.01208066	3.0
0.01207912	0.0414
0.0120603	0.134806
0.01203411	0.04154853
0.01202474	27.3275491
0.0120246	20.0
0.01201993	0.04214006
0.01200754	0.18738219
0.01286638	45.24978418
0.01285637	0.02706056
0.01283165	1.87680251
0.01283164	20.64870456
0.0128247	4.98874603
0.012824	1.94459607
0.01282224	0.03920019
0.01282223	3.19647008
0.01281002	34.327
0.01281001	138.928
0.01281	3.89344262
0.01280428	0.52267654
0.01280001	0.117157
0.0128	18.54831813
0.01276345	78.07529398
0.01276336	1.0
0.01276019	27.65563464
0.01275504	5.17442517
0.01275344	0.17642294
0.01275	0.04
0.01273808	1.56987596
0.01273807	1.5
0.01272845	0.11694787
0.0127217	0.1
0.01272144	118.5
0.01272143	40.0
0.01271716	204.97493684
0.01271715	12.49410715
0.01270381	20.08457761
0.01270164	0.06574425
0.0127	11.83465575
0.01267245	11.73350021
0.01265	0.92258893
0.01264688	0.1779094
0.01264117	35.183
0.01264043	1.31295948
0.01263321	0.2088242
0.0126018	0.11843908
0.01260025	19.79127398
0.0126	93.00001234
0.01259686	1.0
0.01258354	351.83
0.01258164	0.06574425
0.01257	39.66314097
0.01254032	0.17942112
0.01252007	37.03301142
0.01252	0.25
0.01251887	3.67445304
0.01250562	0.03988207
0.0125002	1.0
0.01250001	8.53766031
0.0125	144.36897082
0.01248	45.32889295
0.01247641	0.11962876
0.01246995	1.99980754
0.01246164	0.06574425
0.01245704	2.0
0.01243377	0.18095876
0.012425	80.28190449
0.01242	2.0
0.01241234	1.60727147
0.0124	6.02217742
0.01235227	0.12083104
0.01234857	0.16137039
0.01234568	1.0
0.01234164	0.06574425
0.01233999	0.86616626
0.01232721	0.18252297
0.01230925	1.8
0.01229401	0.08658685
0.01227634	1.0
0.01225	0.041
0.01224993	0.65530367
0.01222936	0.1220454
0.01222164	0.06574425
0.01222065	0.18411446
0.01221381	81.66984749
0.01221302	1.87748776
0.0122	38.56078757
0.01218066	2.0
0.01217912	0.041
0.01215901	1.00442061
0.012159	45.61494944
0.0121141	0.18573395
0.01210768	0.12327196
0.01210164	0.06574425
0.01210001	0.08243795
0.0121	14.83884298
0.01208066	3.0
0.01207912	0.0414
0.01202474	27.3275491
0.0120246	20.0
0.01201993	0.04214006
0.01200754	0.18738219
0.01200005	9.5
0.01200001	29.0940383
0.012	416.20857133
0.0119997	0.135488
0.01199119	1.0
0.01198721	0.12451085
0.01286684	4.51702607
0.01286677	0.05563072
0.01286639	0.05563072
0.01286638	0.05563072
0.01285637	0.02706056
0.01283165	1.87680251
0.01283164	20.64870456
0.0128247	4.98874603
0.012824	1.94459607
0.01282223	3.19647008
0.01281002	34.327
0.01281001	51.06
0.01281	3.89344262
0.01280428	0.52267654
0.01280001	84.26692963
0.0128	18.54831813
0.01276345	78.07529398
0.01276336	1.0
0.01276019	27.65563464
0.01275666	0.03919518
0.01275344	0.17642294
0.01275	0.04
0.01273809	204.97493684
0.01273808	1.56987596
0.01273807	1.5
0.01272845	0.11694787
0.0127217	0.1
0.01272144	118.5
0.01272143	40.0
0.01271715	12.49410715
0.01270381	20.08457761
0.01270164	0.06574425
0.0127	11.83465575
0.0126766	25.0
0.01267245	11.73350021
0.01265	0.92258893
0.01264688	0.1779094
0.01264649	0.03953664
0.01264117	35.183
0.01264043	1.31295948
0.01263321	0.2088242
0.0126018	0.11843908
0.01260025	19.79127398
0.0126	93.00001234
0.01259686	1.0
0.01258354	351.83
0.01258164	0.06574425
0.01257	39.66314097
0.01254032	0.17942112
0.01253632	0.0398841
0.01252007	37.03301142
0.01252	0.25
0.01251887	3.67445304
0.01250562	0.03988207
0.0125002	1.0
0.01250001	8.53766031
0.0125	144.36897082
0.01248	45.32889295
0.01247641	0.11962876
0.01246995	1.99980754
0.01246164	0.06574425
0.01245704	2.0
0.01243377	0.18095876
0.01242615	0.04023772
0.012425	80.28190449
0.01242	2.0
0.01241234	1.60727147
0.0124	6.02217742
0.01235227	0.12083104
0.01234857	0.16137039
0.01234568	1.0
0.01234164	0.06574425
0.01233999	0.86616626
0.01232721	0.18252297
0.01231597	0.04059766
0.01230925	1.8
0.01229401	0.08658685
0.01227634	1.0
0.01225	0.041
0.01224993	0.65530367
0.01222936	0.1220454
0.01222164	0.06574425
0.01222065	0.18411446
0.01221381	81.66984749
0.01221302	1.87748776
0.0122058	0.04096411
0.0122	38.56078757
0.01218066	2.0
0.01217912	0.041
0.01215901	1.00442061
0.012159	45.61494944
0.0121141	0.18573395
0.01210768	0.12327196
0.01210164	0.06574425
0.01210001	0.08243795
0.0121	14.83884298
0.01209563	0.04133722
0.01208066	3.0
0.01207912	0.0414
0.01202474	27.3275491
0.0128673	0.05562873
0.01286722	0.05562873
0.01286685	0.05562873
0.01286684	4.51702408
0.01285637	0.02706056
0.01283165	1.87680251
0.01283164	20.64870456
0.0128247	4.98874603
0.012824	1.94459607
0.01282223	3.19647008
0.01281001	176.989
0.01281	3.89344262
0.01280428	0.52267654
0.01280001	0.07792963
0.0128	7.04824219
0.01276345	78.07529398
0.01276336	1.0
0.01276019	27.65563464
0.01275666	0.03919518
0.01275344	0.17642294
0.01275	0.04
0.01273809	204.96028132
0.01273808	1.56987596
0.01273807	1.5
0.01272845	0.11694787
0.0127217	0.1
0.01272143	40.0
0.01271715	12.49410715
0.01270381	20.08457761
0.01270164	0.06574425
0.0127	11.83465575
0.0126766	25.0
0.01267245	11.73350021
0.01265	0.92258893
0.01264688	0.1779094
0.01264649	0.03953664
0.01264117	35.183
0.01264043	1.31295948
0.01263321	0.2088242
0.0126018	0.11843908
0.01260025	19.79127398
0.0126	93.00001234
0.01259686	1.0
0.01258354	351.83
0.01258164	0.06574425
0.01257	39.66314097
0.01254032	0.17942112
0.01253632	0.0398841
0.01252007	37.03301142
0.01252	0.25
0.01251887	3.67445304
0.01250562	0.03988207
0.0125002	1.0
0.01250001	8.53766031
0.0125	144.36897082
0.01248	45.32889295
0.01247641	0.11962876
0.01246995	1.99980754
0.01246164	0.06574425
0.01245704	2.0
0.01243377	0.18095876
0.01242615	0.04023772
0.012425	80.28190449
0.01242	2.0
0.01241234	1.60727147
0.0124	6.02217742
0.01235227	0.12083104
0.01234857	0.16137039
0.01234568	1.0
0.01234164	0.06574425
0.01233999	0.86616626
0.01232721	0.18252297
0.01231597	0.04059766
0.01230925	1.8
0.01229401	0.08658685
0.01227634	1.0
0.01225	0.041
0.01224993	0.65530367
0.01222936	0.1220454
0.01222164	0.06574425
0.01222065	0.18411446
0.01221381	81.66984749
0.01221302	1.87748776
0.0122058	0.04096411
0.0122	38.56078757
0.01218066	2.0
0.01217912	0.041
0.01215901	1.00442061
0.012159	45.61494944
0.0121141	0.18573395
0.01210768	0.12327196
0.01210164	0.06574425
0.01210001	0.08243795
0.0121	14.83884298
0.01209563	0.04133722
0.01208066	3.0
0.01207912	0.0414
0.01202474	27.3275491
0.0120246	20.0
0.01201993	0.04214006
0.01286729	0.05552865
0.01286721	0.05552865
0.01286685	0.05552865
0.01286684	5.93865865
0.0128668	21.65963707
0.01285637	0.02706056
0.01283166	49.057
0.01283165	1.87680251
0.01283164	19.48950506
0.01282471	38.337
0.0128247	4.98874603
0.012824	1.94459607
0.01282223	3.19647008
0.01281001	88.861
0.01281	3.89344262
0.01280428	0.52267654
0.01280001	0.11716413
0.0128	6.04824219
0.01277685	204.96760882
0.01276345	78.07529398
0.01276336	1.0
0.0127602	118.1
0.01276019	27.65563464
0.01275666	0.03919518
0.01275344	0.17642294
0.01275004	1.56803958
0.01275	0.04
0.01273807	1.5
0.01272845	0.11694787
0.0127217	0.1
0.01272143	40.0
0.01271715	12.49410715
0.01270523	25.0
0.01270381	20.08457761
0.01270164	0.06574425
0.0127	11.83465575
0.01267245	11.73350021
0.01265	0.92258893
0.01264688	0.1779094
0.01264649	0.03953664
0.01264117	35.183
0.01264043	1.31295948
0.01263321	0.2088242
0.0126018	0.11843908
0.01260025	19.79127398
0.0126	93.00001234
0.01259686	1.0
0.01258354	351.83
0.01258164	0.06574425
0.01257	39.66314097
0.01254032	0.17942112
0.01253632	0.0398841
0.01252007	37.03301142
0.01252	0.25
0.01251887	3.67445304
0.01250562	0.03988207
0.0125002	1.0
0.01250001	8.53766031
0.0125	144.36897082
0.01248	45.32889295
0.01247641	0.11962876
0.01246995	1.99980754
0.01246164	0.06574425
0.01245704	2.0
0.01243377	0.18095876
0.01242615	0.04023772
0.012425	80.28190449
0.01242	2.0
0.01241234	1.60727147
0.0124	6.02217742
0.01235227	0.12083104
0.01234857	0.16137039
0.01234568	1.0
0.01234164	0.06574425
0.01233999	0.86616626
0.01232721	0.18252297
0.01231597	0.04059766
0.01230925	1.8
0.01229401	0.08658685
0.01227634	1.0
0.01225	0.041
0.01224993	0.65530367
0.01222936	0.1220454
0.01222164	0.06574425
0.01222065	0.18411446
0.01221381	81.66984749
0.01221302	1.87748776
0.0122058	0.04096411
0.0122	38.56078757
0.01218066	2.0
0.01217912	0.041
0.01215901	1.00442061
0.012159	45.61494944
0.0121141	0.18573395
0.01210768	0.12327196
0.01210164	0.06574425
0.01210001	0.08243795
0.0121	14.83884298
0.01209563	0.04133722
0.01208066	3.0
0.01294192	0.03904533
0.01294191	6.7074208
0.01289649	5.72664784
0.01286729	0.05552865
0.01286721	0.05552865
0.01286685	0.05552865
0.01286684	5.93865865
0.0128668	21.65963707
0.01285641	43.505
0.01285638	4.19429527
0.01285637	0.02706056
0.01283165	1.87680251
0.01283164	19.48950506
0.01282471	132.987
0.0128247	4.98874603
0.012824	1.94459607
0.01282223	3.19647008
0.01281	3.89344262
0.01280563	8.58997175
0.01280428	0.52267654
0.01280001	0.07792963
0.0128	6.04824219
0.01276347	118.1
0.01276346	204.96760882
0.01276345	78.07529398
0.01276336	1.0
0.0127602	1.56735144
0.01276019	27.65563464
0.01275666	0.03919518
0.01275344	0.17642294
0.01275	0.04
0.01273807	1.5
0.01272845	0.11694787
0.0127217	0.1
0.01272143	40.0
0.01271715	12.49410715
0.01270523	25.0
0.01270381	20.08457761
0.01270164	0.06574425
0.0127	11.83465575
0.01267684	35.183
0.01267245	11.73350021
0.01265	0.92258893
0.01264688	0.1779094
0.01264649	0.03953664
0.01264043	1.31295948
0.01263321	0.2088242
0.0126018	0.11843908
0.01260032	39.51595164
0.01260025	19.79127398
0.0126	93.00001234
0.01259686	1.0
0.01258354	351.83
0.01258164	0.06574425
0.01257	39.66314097
0.01254032	0.17942112
0.01253632	0.0398841
0.01252	0.25
0.01251887	3.67445304
0.01250562	0.03988207
0.0125002	1.0
0.01250001	8.53766031
0.0125	144.36897082
0.01248	45.32889295
0.01247641	0.11962876
0.01246995	1.99980754
0.01246164	0.06574425
0.01245704	2.0
0.01243377	0.18095876
0.01242615	0.04023772
0.012425	80.28190449
0.01242	2.0
0.01241234	1.60727147
0.0124	6.02217742
0.01235227	0.12083104
0.01234857	0.16137039
0.01234568	1.0
0.01234164	0.06574425
0.01233999	0.86616626
0.01232721	0.18252297
0.01231597	0.04059766
0.01230925	1.8
0.01229401	0.08658685
0.01227634	1.0
0.01225	0.041
0.01224993	0.65530367
0.01222936	0.1220454
0.01222164	0.06574425
0.01222065	0.18411446
0.01221381	81.66984749
0.01221302	1.87748776
0.0122058	0.04096411
0.0122	38.56078757
0.01218066	2.0
0.01217912	0.041
0.01215901	1.00442061
0.012159	45.61494944
0.0121141	0.18573395
0.01210768	0.12327196
0.01210164	0.06574425
0.01294192	0.03908671
0.01294191	6.35084828
0.012867	6.44930637
0.01286684	5.88313
0.0128668	21.65963707
0.01285643	14.899
0.01285637	0.02706056
0.01283166	144.631
0.01283165	1.87680251
0.01283164	19.48950506
0.0128247	4.98874603
0.012824	1.94459607
0.01282223	3.19647008
0.01281	3.89344262
0.01280428	0.52267654
0.01280001	0.07792963
0.0128	6.04824219
0.01279207	5.15944509
0.01276348	203.77868706
0.01276345	78.07529398
0.01276336	1.0
0.0127602	1.56735144
0.01276019	27.65563464
0.01275666	0.03919518
0.01275344	0.17642294
0.01275	0.04
0.01273807	1.5
0.01272845	0.11694787
0.0127217	0.1
0.01272143	40.0
0.01271715	12.49410715
0.01270523	25.0
0.01270381	20.08457761
0.01270164	0.06574425
0.0127	11.83465575
0.01267684	35.183
0.01267245	11.73350021
0.01265	0.92258893
0.01264688	0.1779094
0.01264649	0.03953664
0.01264043	1.31295948
0.01263321	0.2088242
0.0126018	0.11843908
0.01260032	39.51595164
0.01260025	19.79127398
0.0126	93.00001234
0.01259686	1.0
0.01258354	351.83
0.01258164	0.06574425
0.01257	39.66314097
0.01254032	0.17942112
0.01253632	0.0398841
0.01252	0.25
0.01251887	3.67445304
0.01250562	0.03988207
0.0125002	1.0
0.01250001	8.53766031
0.0125	144.36897082
0.01248	45.32889295
0.01247641	0.11962876
0.01246995	1.99980754
0.01246164	0.06574425
0.01245704	2.0
0.01243377	0.18095876
0.01242615	0.04023772
0.012425	80.28190449
0.01242	2.0
0.01241234	1.60727147
0.0124	6.02217742
0.01235227	0.12083104
0.01234857	0.16137039
0.01234568	1.0
0.01234164	0.06574425
0.01233999	0.86616626
0.01232721	0.18252297
0.01231597	0.04059766
0.01230925	1.8
0.01229401	0.08658685
0.01227634	1.0
0.01225	0.041
0.01224993	0.65530367
0.01222936	0.1220454
0.01222164	0.06574425
0.01222065	0.18411446
0.01221381	81.66984749
0.01221302	1.87748776
0.0122058	0.04096411
0.0122	38.56078757
0.01218066	2.0
0.01217912	0.041
0.01215901	1.00442061
0.012159	45.61494944
0.0121141	0.18573395
0.01210768	0.12327196
0.01210164	0.06574425
0.01210001	0.08243795
0.0121	14.83884298
0.01209563	0.04133722
0.01208066	3.0
0.01207912	0.0414
0.01286684	5.92221041
0.0128668	21.65963707
0.01285643	14.899
0.01285637	0.02706056
0.01283166	144.631
0.01283165	1.87680251
0.01283164	19.48950506
0.0128247	4.98874603
0.012824	1.94459607
0.01282223	3.19647008
0.01281	3.89344262
0.01280428	0.52267654
0.01280002	117.7
0.01280001	0.07792963
0.0128	6.04824219
0.01279414	11.17699633
0.01277961	12.17349901
0.01276353	1.56631053
0.01276351	203.77821469
0.01276345	78.07529398
0.01276336	1.0
0.01276019	27.65563464
0.01275666	0.03919518
0.01275344	0.17642294
0.01275	0.04
0.01273807	1.5
0.01272845	0.11694787
0.0127217	0.1
0.01272143	40.0
0.01271715	12.49410715
0.01270523	25.0
0.01270381	20.08457761
0.01270164	0.06574425
0.0127	11.83465575
0.01267684	35.183
0.01267245	11.73350021
0.01265	0.92258893
0.01264688	0.1779094
0.01264649	0.03953664
0.01264043	1.31295948
0.01263321	0.2088242
0.0126018	0.11843908
0.01260025	19.79127398
0.0126	93.00001234
0.01259686	1.0
0.01258354	351.83
0.01258164	0.06574425
0.01257007	39.61104717
0.01257	39.66314097
0.01254032	0.17942112
0.01253632	0.0398841
0.01252	0.25
0.01251887	3.67445304
0.01250562	0.03988207
0.0125002	1.0
0.01250001	8.53766031
0.0125	144.36897082
0.01248	45.32889295
0.01247641	0.11962876
0.01246995	1.99980754
0.01246164	0.06574425
0.01245704	2.0
0.01243377	0.18095876
0.01242615	0.04023772
0.012425	80.28190449
0.01242	2.0
0.01241234	1.60727147
0.0124	6.02217742
0.01235227	0.12083104
0.01234857	0.16137039
0.01234568	1.0
0.01234164	0.06574425
0.01233999	0.86616626
0.01232721	0.18252297
0.01231597	0.04059766
0.01230925	1.8
0.01229401	0.08658685
0.01227634	1.0
0.01225	0.041
0.01224993	0.65530367
0.01222936	0.1220454
0.01222164	0.06574425
0.01222065	0.18411446
0.01221381	81.66984749
0.01221302	1.87748776
0.0122058	0.04096411
0.0122	38.56078757
0.01218066	2.0
0.01217912	0.041
0.01215901	1.00442061
0.012159	45.61494944
0.0121141	0.18573395
0.01210768	0.12327196
0.01210164	0.06574425
0.01210001	0.08243795
0.0121	14.83884298
0.01209563	0.04133722
0.01208066	3.0
0.01207912	0.0414
0.01202474	27.3275491
0.01286685	19.62
0.01286684	4.32145868
0.0128668	21.65963707
0.01285643	14.899
0.01285637	0.02706056
0.01283165	1.87680251
0.01283164	19.48950506
0.0128247	4.98874603
0.012824	1.94459607
0.01282223	3.19647008
0.01281	3.89344262
0.01280428	0.52267654
0.01280001	0.07792963
0.0128	6.04824219
0.01276358	119.66572441
0.01276357	204.96760882
0.01276345	78.07529398
0.01276336	1.0
0.01276019	27.65563464
0.01275666	0.03919518
0.01275344	0.17642294
0.01275	0.04
0.01273807	1.5
0.01272845	0.11694787
0.0127217	0.1
0.01272143	40.0
0.01271715	12.49410715
0.01270523	25.0
0.01270381	20.08457761
0.01270164	0.06574425
0.0127	11.83465575
0.01267684	35.183
0.01267245	11.73350021
0.01265	0.92258893
0.01264688	0.1779094
0.01264649	0.03953664
0.01264043	1.31295948
0.01263321	0.2088242
0.0126018	0.11843908
0.01260025	19.79127398
0.0126	93.00001234
0.01259686	1.0
0.01258354	351.83
0.01258164	0.06574425
0.01257007	39.61104717
0.01257	39.66314097
0.01254032	0.17942112
0.01253632	0.0398841
0.01252	0.25
0.01251887	3.67445304
0.01250562	0.03988207
0.0125002	1.0
0.01250001	8.53766031
0.0125	144.36897082
0.01248	45.32889295
0.01247641	0.11962876
0.01246995	1.99980754
0.01246164	0.06574425
0.01245704	2.0
0.01243377	0.18095876
0.01242615	0.04023772
0.012425	80.28190449
0.01242	2.0
0.01241234	1.60727147
0.0124	6.02217742
0.01235227	0.12083104
0.01234857	0.16137039
0.01234568	1.0
0.01234164	0.06574425
0.01233999	0.86616626
0.01232721	0.18252297
0.01231597	0.04059766
0.01230925	1.8
0.01229401	0.08658685
0.01227634	1.0
0.01225	0.041
0.01224993	0.65530367
0.01222936	0.1220454
0.01222164	0.06574425
0.01222065	0.18411446
0.01221381	81.66984749
0.01221302	1.87748776
0.0122058	0.04096411
0.0122	38.56078757
0.01218066	2.0
0.01217912	0.041
0.01215901	1.00442061
0.012159	45.61494944
0.0121141	0.18573395
0.01210768	0.12327196
0.01210164	0.06574425
0.01210001	0.08243795
0.0121	14.83884298
0.01209563	0.04133722
0.01208066	3.0
0.01207912	0.0414
0.01202474	27.3275491
0.0120246	20.0
0.01201993	0.04214006
0.01200754	0.18738219
0.01286685	52.1875112
0.01286684	4.90593567
0.0128668	21.65963707
0.01285637	0.02706056
0.01283165	1.87680251
0.01283164	19.48950506
0.0128247	4.98874603
0.012824	1.94459607
0.01282223	3.19647008
0.01281001	122.013
0.01281	3.89344262
0.01280429	0.03911834
0.01280428	0.52267654
0.01280002	117.7
0.01280001	0.07792963
0.0128	6.09824219
0.01278173	11.1878439
0.01276367	204.96028132
0.01276365	1.56526244
0.01276345	78.07529398
0.01276336	1.0
0.01276019	27.65563464
0.01275666	0.03919518
0.01275344	0.17642294
0.01275	0.04
0.01273807	1.5
0.01272845	0.11694787
0.0127217	0.1
0.01272143	40.0
0.01271715	12.49410715
0.01270523	25.0
0.01270381	20.08457761
0.01270164	0.06574425
0.0127	11.83465575
0.01267684	35.183
0.01267245	11.73350021
0.01265	0.92258893
0.01264688	0.1779094
0.01264649	0.03953664
0.01264043	1.31295948
0.01263321	0.2088242
0.0126018	0.11843908
0.01260025	19.79127398
0.0126	93.00001234
0.01259686	1.0
0.01258354	351.83
0.01258164	0.06574425
0.01257	39.66314097
0.01254032	0.17942112
0.01253632	0.0398841
0.01252007	39.76923737
0.01252	0.25
0.01251887	3.67445304
0.01250562	0.03988207
0.0125002	1.0
0.01250001	8.53766031
0.0125	144.36897082
0.01248	45.32889295
0.01247641	0.11962876
0.01246995	1.99980754
0.01246164	0.06574425
0.01245704	2.0
0.01243377	0.18095876
0.01242615	0.04023772
0.012425	80.28190449
0.01242	2.0
0.01241234	1.60727147
0.0124	6.02217742
0.01235227	0.12083104
0.01234857	0.16137039
0.01234568	1.0
0.01234164	0.06574425
0.01233999	0.86616626
0.01232721	0.18252297
0.01231597	0.04059766
0.01230925	1.8
0.01229401	0.08658685
0.01227634	1.0
0.01225	0.041
0.01224993	0.65530367
0.01222936	0.1220454
0.01222164	0.06574425
0.01222065	0.18411446
0.01221381	81.66984749
0.01221302	1.87748776
0.0122058	0.04096411
0.0122	38.56078757
0.01218066	2.0
0.01217912	0.041
0.01215901	1.00442061
0.012159	45.61494944
0.0121141	0.18573395
0.01210768	0.12327196
0.01210164	0.06574425
0.01210001	0.08243795
0.0121	14.83884298
0.01209563	0.04133722
0.01208066	3.0
0.01207912	0.0414
0.01202474	27.3275491
0.01286767	0.05562515
0.01286731	0.09464303
0.0128673	0.05562675
0.01286696	159.397
0.01286684	4.90593567
0.0128668	21.65963707
0.01285637	0.02706056
0.01283164	19.48950506
0.0128247	4.98874603
0.012824	1.94459607
0.01282223	3.19647008
0.01281515	11.15866767
0.01281001	117.6
0.01281	3.89344262
0.01280428	0.52267654
0.01280001	0.07792963
0.0128	6.09824219
0.01276346	204.9532729
0.01276345	78.07529398
0.01276336	1.0
0.01276019	27.65563464
0.01275666	0.03919518
0.01275344	0.17642294
0.01275	0.04
0.01273807	1.5
0.01272845	0.11694787
0.0127217	0.1
0.01272144	1.57151781
0.01272143	40.0
0.01271715	12.49410715
0.01270381	20.08457761
0.01270164	0.06574425
0.0127	11.83465575
0.01267684	35.183
0.01267245	11.73350021
0.01265	0.92258893
0.01264688	0.1779094
0.01264649	0.03953664
0.01264043	1.31295948
0.01263321	0.2088242
0.0126018	0.11843908
0.01260025	19.79127398
0.0126	93.00001234
0.01259686	1.0
0.01258354	351.83
0.01258164	0.06574425
0.01257	39.66314097
0.01254032	0.17942112
0.01253632	0.0398841
0.01252007	39.76923737
0.01252	0.25
0.01251887	3.67445304
0.01250562	0.03988207
0.0125002	1.0
0.01250001	8.53766031
0.0125	144.36897082
0.01248	45.32889295
0.01247641	0.11962876
0.01246995	1.99980754
0.01246164	0.06574425
0.01245704	2.0
0.01243377	0.18095876
0.01242615	0.04023772
0.012425	80.28190449
0.01242	2.0
0.01241234	1.60727147
0.0124	6.02217742
0.01235227	0.12083104
0.01234857	0.16137039
0.01234568	1.0
0.01234164	0.06574425
0.01233999	0.86616626
0.01232721	0.18252297
0.01231597	0.04059766
0.01230925	1.8
0.01229401	0.08658685
0.01227634	1.0
0.01225	0.041
0.01224993	0.65530367
0.01222936	0.1220454
0.01222164	0.06574425
0.01222065	0.18411446
0.01221381	81.66984749
0.01221302	1.87748776
0.0122058	0.04096411
0.0122	38.56078757
0.01218066	2.0
0.01217912	0.041
0.01215901	1.00442061
0.012159	45.61494944
0.0121141	0.18573395
0.01210768	0.12327196
0.01210164	0.06574425
0.01210001	0.08243795
0.0121	14.83884298
0.01209563	0.04133722
0.01208066	3.0
0.01207912	0.0414
0.01202474	27.3275491
0.0120246	20.0
0.01286779	163.484
0.01286778	1.17977843
0.01286774	2.0
0.01286767	0.05562515
0.01286731	0.05562671
0.0128673	0.05562675
0.01286699	0.03901632
0.01286698	1.87164921
0.01286684	4.90593567
0.0128668	21.65963707
0.01285637	0.02706056
0.01283164	19.48950506
0.0128247	4.98874603
0.012824	1.94459607
0.01282223	3.19647008
0.01281515	11.15866767
0.01281001	117.6
0.01281	3.89344262
0.01280428	0.52267654
0.01280001	0.07792963
0.0128	6.09824219
0.01276346	204.9532729
0.01276345	78.07529398
0.01276336	1.0
0.01276019	27.65563464
0.01275666	0.03919518
0.01275344	0.17642294
0.01275	0.04
0.01274151	25.0
0.01273807	1.5
0.01272845	0.11694787
0.0127217	0.1
0.01272144	1.57151781
0.01272143	40.0
0.01271241	35.183
0.01270381	20.08457761
0.01270164	0.06574425
0.0127	11.83465575
0.01267245	11.73350021
0.01265	0.92258893
0.01264688	0.1779094
0.01264649	0.03953664
0.01264043	1.31295948
0.01263321	0.2088242
0.0126018	0.11843908
0.01260025	19.79127398
0.0126	93.00001234
0.01259686	1.0
0.01258354	351.83
0.01258164	0.06574425
0.01257	39.66314097
0.01254032	0.17942112
0.01253632	0.0398841
0.01252007	39.76923737
0.01252	0.25
0.01251887	3.67445304
0.01250562	0.03988207
0.0125002	1.0
0.01250001	8.53766031
0.0125	144.36897082
0.01248	45.32889295
0.01247641	0.11962876
0.01246995	1.99980754
0.01246164	0.06574425
0.01245704	2.0
0.01243377	0.18095876
0.01242615	0.04023772
0.012425	80.28190449
0.01242	2.0
0.01241234	1.60727147
0.0124	6.02217742
0.01235227	0.12083104
0.01234857	0.16137039
0.01234568	1.0
0.01234164	0.06574425
0.01233999	0.86616626
0.01232721	0.18252297
0.01231597	0.04059766
0.01230925	1.8
0.01229401	0.08658685
0.01227634	1.0
0.01225	0.041
0.01224993	0.65530367
0.01222936	0.1220454
0.01222164	0.06574425
0.01222065	0.18411446
0.01221381	81.66984749
0.01221302	1.87748776
0.0122058	0.04096411
0.0122	38.56078757
0.01218066	2.0
0.01217912	0.041
0.01215901	1.00442061
0.012159	45.61494944
0.0121141	0.18573395
0.01210768	0.12327196
0.01210164	0.06574425
0.01210001	0.08243795
0.0121	14.83884298
0.01209563	0.04133722
0.01286894	167.216
0.01286893	38.69114493
0.01286878	0.05562035
0.0128687	0.0556207
0.01286835	0.05562221
0.01286834	0.05562226
0.01286774	2.0
0.01286699	0.03901632
0.01286698	1.87164921
0.01286684	4.90593567
0.0128668	21.65963707
0.01285637	0.02706056
0.01283164	19.48950506
0.0128247	4.98874603
0.012824	1.94459607
0.01282223	3.19647008
0.01281516	117.6
0.01281515	11.15866767
0.01281	3.89344262
0.01280428	0.52267654
0.01280001	0.07792963
0.0128	6.09824219
0.01279317	12.03447338
0.01276346	204.95120232
0.01276345	78.07529398
0.01276336	1.0
0.01276019	27.65563464
0.01275666	0.03919518
0.01275344	0.17642294
0.01275	0.04
0.01274151	25.0
0.01273807	1.5
0.01272845	0.11694787
0.0127217	0.1
0.01272144	1.57151781
0.01272143	40.0
0.01271241	35.183
0.01270381	20.08457761
0.01270164	0.06574425
0.0127	11.83465575
0.01267245	11.73350021
0.01265	0.92258893
0.01264688	0.1779094
0.01264649	0.03953664
0.01264043	1.31295948
0.01263321	0.2088242
0.0126018	0.11843908
0.01260025	19.79127398
0.0126	93.00001234
0.01259686	1.0
0.01258354	351.83
0.01258164	0.06574425
0.01257	39.66314097
0.01254032	0.17942112
0.01253632	0.0398841
0.01252	0.25
0.01251887	3.67445304
0.01250562	0.03988207
0.0125002	1.0
0.01250001	8.53766031
0.0125	144.36897082
0.01248	45.32889295
0.01247641	0.11962876
0.01246995	1.99980754
0.01246164	0.06574425
0.01245704	2.0
0.01243377	0.18095876
0.01242615	0.04023772
0.012425	80.28190449
0.01242	2.0
0.01241234	1.60727147
0.0124	6.02217742
0.01235227	0.12083104
0.01234857	0.16137039
0.01234568	1.0
0.01234164	0.06574425
0.01233999	0.86616626
0.01232721	0.18252297
0.01231597	0.04059766
0.01230925	1.8
0.01229401	0.08658685
0.01227634	1.0
0.01225	0.041
0.01224993	0.65530367
0.01222936	0.1220454
0.01222164	0.06574425
0.01222065	0.18411446
0.01221381	81.66984749
0.01221302	1.87748776
0.0122058	0.04096411
0.0122	38.56078757
0.01218066	2.0
0.01217912	0.041
0.01215901	1.00442061
0.012159	45.61494944
0.0121141	0.18573395
0.01210768	0.12327196
0.01210164	0.06574425
0.01210001	0.08243795
0.0121	14.83884298
0.01286958	172.724
0.01286957	38.68922083
0.0128687	0.0556207
0.01286834	0.05562226
0.01286774	2.0
0.01286699	0.03901632
0.01286698	1.87164921
0.01286684	4.90593567
0.0128668	21.65963707
0.01285637	0.02706056
0.01283164	19.48950506
0.0128247	4.98874603
0.012824	1.94459607
0.01282223	3.19647008
0.01281516	117.6
0.01281515	11.15866767
0.01281	3.89344262
0.01280428	0.52267654
0.01280001	0.07792963
0.0128	13.89121094
0.01279318	204.93288749
0.01279317	12.03447338
0.01276345	78.07529398
0.01276336	1.0
0.01276019	27.65563464
0.01275666	0.03919518
0.01275344	0.17642294
0.01275	0.04
0.01274151	25.0
0.01273808	1.56984146
0.01273807	1.5
0.01272845	0.11694787
0.0127217	0.1
0.01272143	40.0
0.01271241	35.183
0.01270381	20.08457761
0.01270164	0.06574425
0.0127	11.83465575
0.01267245	11.73350021
0.01265	0.92258893
0.01264688	0.1779094
0.01264649	0.03953664
0.01264043	1.31295948
0.01263321	0.2088242
0.0126018	0.11843908
0.01260025	19.79127398
0.0126	93.00001234
0.01259686	1.0
0.01258354	351.83
0.01258164	0.06574425
0.01257	39.66314097
0.01254032	0.17942112
0.01253632	0.0398841
0.01252	0.25
0.01251887	3.67445304
0.01250562	0.03988207
0.0125002	1.0
0.01250001	8.53766031
0.0125	144.36897082
0.01248	45.32889295
0.01247641	0.11962876
0.01246995	1.99980754
0.01246164	0.06574425
0.01245704	2.0
0.01243377	0.18095876
0.01242615	0.04023772
0.012425	80.28190449
0.01242	2.0
0.01241234	1.60727147
0.0124	6.02217742
0.01235227	0.12083104
0.01234857	0.16137039
0.01234568	1.0
0.01234164	0.06574425
0.01233999	0.86616626
0.01232721	0.18252297
0.01231597	0.04059766
0.01230925	1.8
0.01229401	0.08658685
0.01227634	1.0
0.01225	0.041
0.01224993	0.65530367
0.01222936	0.1220454
0.01222164	0.06574425
0.01222065	0.18411446
0.01221381	81.66984749
0.01221302	1.87748776
0.0122058	0.04096411
0.0122	38.56078757
0.01218066	2.0
0.01217912	0.041
0.01215901	1.00442061
0.012159	45.61494944
0.0121141	0.18573395
0.01210768	0.12327196
0.01210164	0.06574425
0.01210001	0.08243795
0.0121	14.83884298
0.01209563	0.04133722
0.01208066	3.0
