0.000178675
0.00017881
0.000178935
0.000179025
0.00017895
0.000178835
0.00017881
0.000178765
0.000178815
0.000178845
0.00017882
0.0001788
0.00017885
0.00017882
0.00017884
0.0001788
0.000178755
0.00017873
0.000178705
0.00017868
0.00017867
0.00017879
0.00017917
0.00017913
0.000179085
0.000179055
0.00017903
0.00017901
0.000178995
0.00017914
0.000178935
0.000178895
0.000178865
0.00017885
0.00017883
0.000179135
0.000179155
0.00017961
0.00017961
0.000180105
0.000180105
0.00017959
0.000179605
0.00017975
