0.00011482
0.00011483
0.000115075
0.000115975
0.00011598
0.000115975
0.000116145
0.000116145
0.000116145
0.000116145
0.000116275
0.000116265
0.00011538
0.00011553
0.00011549
0.00011565
0.000115645
0.00011492
0.000114595
0.000114685
0.000115325
0.000115505
0.000115555
0.00011554
0.00011511
0.00011561
0.000116005
0.00011616
0.00011597
0.000116355
0.00011633
0.000116685
0.000116735
0.00011675
0.000116045
0.000115985
0.000116035
0.00011573
0.00011567
0.00011559
0.0001145
0.0001145
0.000115145
0.0001145
