0.048884485
0.04888476
0.048884905
0.048884565
0.0488824
0.04888198
0.04888169
0.04887937
0.04887893
0.04885054
0.048848515
0.048846485
0.04884639
0.048844245
0.048840335
0.04843148
0.04843164
0.048824985
0.048634135
0.04863157
0.04862315
0.048596355
0.048593625
0.048593215
0.04859268
0.048590485
0.04859006
0.04854769
0.04854711
0.04854415
0.04854601
0.048547845
0.048544985
0.04859146
0.04847773
0.048494605
0.04844228
0.04844402
0.048442005
0.04845783
0.048457585
0.0484576
0.048459375
0.048509275
