0.000170665
0.00017067
0.00017128
0.00017126
0.0001715
0.00017095
0.00017145
0.00017146
0.000171485
0.0001713
0.000171525
0.0001715
0.000171115
0.00017111
0.000171625
0.000171655
0.000171985
0.00017202
0.000171705
0.000172005
0.00017206
0.00017206
0.00017217
0.000171755
0.000171755
0.000171855
0.00017217
0.00017126
0.00017098
0.0001721
0.00017088
0.00017157
0.000172005
0.000172165
0.000171655
0.000172445
0.000171505
0.000171505
0.00017152
0.00017153
0.000171765
0.000172345
0.0001724
0.000172545
