0.0172574
0.01726288
0.01735537
0.0172884
0.017288885
0.017289465
0.01729002
0.01735677
0.01735689
0.01735686
0.01735721
0.017357215
0.01729438
0.01728904
0.017282805
0.01728228
0.017281835
0.017282435
0.017282025
0.017247055
0.01725213
0.017257045
0.017257005
0.017256965
0.01725676
0.017256545
0.01725617
0.017134475
0.017255395
0.01725489
0.017254325
0.017253675
0.017240855
0.017245495
0.017252245
0.017252535
0.017258075
0.01728442
0.01730924
0.01730897
0.017308755
0.017308555
0.017283195
0.0172022
