0.000170665
0.00017067
0.00017128
0.00017126
0.0001715
0.00017095
0.00017145
0.00017146
0.000171485
0.0001713
0.000171525
0.0001715
0.000171115
0.00017111
0.000171625
0.000171655
0.000171985
0.00017202
0.000171705
0.000172005
0.00017206
0.00017206
0.00017217
0.000171755
0.000171755
0.000171855
0.00017217
0.00017126
0.00017098
0.0001721
0.00017088
0.00017157
0.000172005
0.000172165
0.000171655
0.000172445
0.000171505
0.000171505
0.00017152
0.00017153
0.000171765
0.000172345
0.0001724
0.000172545
0.000173215
0.000172765
0.000172765
0.00017276
0.00017276
0.00017277
0.0001723
0.00017237
0.0001723
0.000172355
0.000172385
0.00017239
0.000172405
0.00017276
0.000172675
0.00017277
0.000173155
0.000173155
0.00017358
0.00017402
0.00017434
0.00017475
0.000174895
0.000174435
0.000174435
0.00017443
0.00017444
0.000174505
0.00017467
0.0001749
0.00017491
0.00017457
0.00017484
0.00017541
0.000175705
0.00017586
0.000176105
0.00017653
0.0001759
0.00017574
0.00017455
0.00017455
0.000174995
0.000174645
0.000174005
0.0001745
0.000174505
0.00017451
0.00017466
0.00017456
0.00017452
0.000174525
0.00017479
0.00017482
0.00017482
0.000174445
0.000174445
0.00017465
0.000174195
0.000174195
0.000174075
0.000173085
0.000173375
0.00017325
0.00017295
0.00017332
0.00017372
0.0001736
0.000173275
0.00017325
0.000173035
0.00017327
0.000173465
0.00017437
0.000174735
0.00017392
0.000173965
0.00017399
0.00017406
0.000173915
0.00017394
0.00017369
0.000173705
0.000173695
0.000173725
0.000173425
0.00017413
0.00017404
0.0001745
0.00017455
0.0001746
0.0001744
0.0001738
0.00017385
0.00017356
0.00017385
0.00017375
0.00017375
0.00017375
0.00017375
0.000173755
0.000173745
0.000173745
0.000173745
0.00017371
0.00017344
0.00017339
0.000174
0.00017528
0.000174325
0.0001753
0.000175535
0.000175535
0.000175565
0.0001749
0.00017487
0.00017482
0.000174195
0.000175135
0.00017543
0.000175585
0.000175745
0.0001751
0.000175895
0.0001761
0.0001761
0.0001759
0.000174745
0.00017378
0.000173855
0.00017389
0.00017463
0.00017451
0.00017392
0.00017392
0.000173925
0.000174395
0.000174045
0.000174445
0.000174445
0.000174205
0.000173825
0.00017382
0.00017335
0.00017335
0.000172465
0.00017236
0.000172375
0.00017223
0.00017213
0.000172115
0.00017201
0.000172125
0.000172135
0.000172165
0.00017211
0.000171415
0.000171555
0.000171855
0.000171375
0.00017184
0.000171805
0.00017185
0.000171845
0.000171275
0.000171045
0.00017103
0.00017075
0.000170325
0.00017043
0.00017007
0.000170045
0.00017012
0.00016988
0.000169755
0.00016974
0.0001696
0.000168995
0.000168755
0.00016876
0.000169775
0.000170315
0.000170185
0.00017035
0.00017111
0.00017014
0.00017041
0.00017085
0.000170745
0.00017073
0.00017087
0.0001708
0.00017095
0.00017095
0.00017066
0.000170745
0.00017041
0.000170405
0.000170405
0.000170495
0.00017074
0.00017055
0.000170495
0.00017055
0.00017055
0.00017076
0.00017079
0.000170805
0.00017081
0.0001708
0.0001708
0.00017108
0.000170905
0.000171155
0.0001712
0.000171265
0.000171505
0.000171075
0.000171035
0.000170895
0.00017131
0.00017088
0.00017082
0.00017073
0.000170495
0.000170485
0.000170025
0.000170025
0.00017036
0.000170845
0.000170845
0.000170805
0.00017048
0.0001702
0.000170195
0.000170195
0.000170415
0.000170675
0.000170545
0.000170545
0.000170745
0.000170745
0.00017077
0.00017045
0.00017045
0.000170575
0.000170325
0.00017018
0.00016986
0.000169465
0.00016903
0.000168925
0.000168925
0.000169425
0.00016858
0.00016856
0.000168375
0.000168165
0.000167565
0.00016759
0.00016756
0.00016756
0.00016756
0.000167555
0.000167545
0.000167185
0.000167095
0.00016694
0.000167395
0.000167595
0.000167965
0.000168045
0.000166865
0.000167125
0.000167075
0.000166435
0.00016652
0.00016605
0.00016625
0.000166335
0.000166245
0.00016611
0.00016567
0.00016599
0.000165595
0.000165595
0.000166155
0.000166135
0.000165795
0.00016555
0.000165795
0.00016584
0.000165775
0.000165775
0.00016704
0.000168665
0.00016767
0.000168845
0.000168905
0.00016886
0.00016806
0.0001678
0.0001678
0.000167805
0.000167795
0.000167795
0.000167795
0.000167795
0.00016779
0.00016764
0.00016883
0.000168645
0.000168175
0.00016848
0.000168405
0.00016845
0.00016832
0.00016791
0.00016732
0.000166905
0.00016675
0.00016675
0.00016675
0.00016743
0.000166805
0.00016726
0.000166805
0.000166895
0.000166895
0.00016679
0.0001659
0.00016628
0.000165835
0.00016584
0.00016547
0.000165465
0.00016516
0.00016511
0.000165085
0.000165125
0.00016495
0.00016488
0.000164755
0.000164765
0.000164645
0.000164545
0.00016457
0.000164305
0.000163875
0.000163795
0.00016483
0.000164455
0.00016427
0.000165235
0.00016515
0.00016595
0.0001654
0.00016449
0.000165355
0.000164745
0.00016445
0.000164335
0.000164335
0.000164285
0.00016445
0.000164505
0.000164555
0.00016531
0.000165745
0.000165875
0.000165745
0.000165315
0.000165315
0.000164755
0.000164005
0.00016402
0.000164485
0.00016447
0.00016529
0.000164825
0.000164715
0.0001647
0.000164575
0.00016445
0.000164745
0.00016527
0.00016496
0.000164575
0.000165225
0.00016462
0.000165215
0.000165275
0.000165205
0.000165095
0.000163975
0.00016492
0.00016428
0.0001649
0.000164105
0.000164055
0.000163715
0.000163675
0.000163675
0.000163925
0.00016376
0.00016377
0.000163795
0.000164105
0.00016377
0.000164095
0.000163705
0.00016344
0.000163645
0.00016334
0.00016333
0.00016197
0.000163365
