0.048884485
0.04888476
0.048884905
0.048884565
0.0488824
0.04888198
0.04888169
0.04887937
0.04887893
0.04885054
0.048848515
0.048846485
0.04884639
0.048844245
0.048840335
0.04843148
0.04843164
0.048824985
0.048634135
0.04863157
0.04862315
0.048596355
0.048593625
0.048593215
0.04859268
0.048590485
0.04859006
0.04854769
0.04854711
0.04854415
0.04854601
0.048547845
0.048544985
0.04859146
0.04847773
0.048494605
0.04844228
0.04844402
0.048442005
0.04845783
0.048457585
0.0484576
0.048459375
0.048509275
0.04850573
0.048504
0.048503595
0.04850177
0.048500005
0.048499555
0.04849769
0.048497325
0.048495465
0.048443415
0.04844126
0.04843734
0.04843099
0.04842917
0.04813602
0.048431015
0.048431415
0.048243535
0.048192985
0.048190705
0.04818854
0.04818425
0.04818366
0.048176005
0.04817387
0.048171715
0.04817121
0.048169005
0.0481669
0.048130025
0.0477985
0.047798495
0.0477985
0.047798505
0.047798525
0.048064305
0.048060955
0.048060355
0.04805845
0.048056605
0.04805477
0.048089245
0.04808765
0.048000025
0.048000115
0.047984005
0.04798301
0.047983985
0.047983985
0.047983015
0.04798302
0.04791006
0.04791009
0.04791035
0.04791063
0.048134595
0.04813242
0.048130265
0.048142035
0.048141645
0.048137745
0.04814993
0.048049995
0.048149115
0.048148675
0.048148215
0.04814778
0.04814751
0.04814826
0.04821124
0.0482091
0.0482091
0.048210145
0.048216395
0.048216215
0.048216035
0.048004375
0.04821338
0.048213195
0.048213015
0.048212845
0.04821267
0.04821249
0.048212275
0.048212075
0.04820973
0.0482117
0.048210315
0.04821033
0.048212725
0.048211635
0.048211635
0.048212695
0.04821265
0.048212615
0.04821263
0.048212505
0.04800563
0.04800601
0.048008715
0.048009095
0.04801184
0.048014515
0.04801761
0.048017855
0.04802999
0.04803833
0.048040195
0.048040325
0.048040515
0.048044635
0.048046205
0.048046665
0.048099215
0.04810127
0.048099835
0.048099955
0.04809991
0.048098435
0.047809195
0.047806575
0.04813942
0.04813936
0.047961165
0.047809525
0.04780952
0.047809525
0.047809525
0.04810815
0.04809467
0.04823087
0.04794407
0.04794162
0.047942375
0.0479424
0.0479424
0.047865285
0.04786553
0.047812815
0.047812815
0.04809646
0.0480648
0.048050005
0.048050895
0.048049605
0.048049805
0.04805016
0.048050515
0.04820054
0.04820049
0.048200445
0.04805078
0.048049095
0.04804914
0.048041775
0.04804195
0.04804211
0.04803982
0.04804009
0.04803835
0.048037265
0.04803726
0.048037215
0.04803704
0.048035495
0.048035475
0.0480355
0.048035635
0.04803565
0.048035695
0.04803472
0.04803511
0.04803689
0.04800611
0.048038455
0.048037275
0.04803882
0.048040135
0.048040135
0.04803882
0.04803252
0.048031095
0.048031115
0.048031095
0.04803242
0.04803375
0.04803375
0.0480311
0.048004965
0.048003795
0.047955085
0.047955085
0.04795513
0.048099995
0.047955095
0.047955005
0.0479542
0.047953885
0.0479055
0.047905495
0.04795418
0.047905495
0.047999995
0.047905495
0.047905495
0.047905495
0.047905495
0.047905495
0.047905495
0.047905055
0.047905035
0.04814242
0.047955
0.04790507
0.04784316
0.047844075
0.047843295
0.047843295
0.0478433
0.04784341
0.047844365
0.047845295
0.04784546
0.047846405
0.04785
0.0478509
0.04785088
0.04785091
0.047851045
0.047851315
0.047851535
0.04799907
0.04799907
0.04785274
0.047853095
0.047853435
0.047929245
0.04793039
0.047930395
0.047929505
0.048081785
0.048080635
0.048080465
0.04808334
0.04808334
0.04808168
0.04808419
0.048151375
0.04821035
0.04821033
0.04821021
0.0482102
0.04821146
0.04821146
0.048210205
0.0482102
0.048210205
0.048210205
0.048210205
0.048211465
0.0482102
0.0482102
0.04821018
0.04821146
0.04821147
0.04821268
0.04821284
0.048212825
0.04821276
0.048212775
0.0482121
0.048212305
0.04821209
0.04821123
0.04821123
0.04807668
0.04807692
0.048076885
0.048076715
0.04807635
0.048076645
0.048074285
0.048072355
0.04807034
0.04806977
0.04786823
0.04786823
0.048057465
0.048057245
0.048055285
0.048055015
0.0480526
0.048052155
0.04804794
0.04804892
0.04790317
0.04790187
0.047901485
0.047901055
0.04789993
0.047836585
0.04765668
0.04765073
0.047650735
0.047829365
0.047827705
0.047827235
0.047826825
0.047825165
0.04782477
0.047824365
0.04782813
0.04775604
0.047827745
0.04779595
0.04779581
0.04779572
0.04779562
0.04761204
0.04761204
0.04761204
0.047795455
0.047795365
0.047795275
0.047795355
0.047795345
0.04779552
0.047780995
0.04760681
0.04760681
0.047775245
0.04760035
0.04777357
0.047773235
0.047772775
0.04777125
0.04776442
0.047754455
0.04771374
0.047752985
0.047712925
0.04771139
0.04765232
0.047652315
0.04765081
0.047385995
0.04738638
0.04754653
0.04754638
0.047546085
0.047545825
0.047545525
0.04754321
0.04754289
0.047542985
0.04753563
0.04753598
0.04753636
0.04762036
0.0476203
0.04728551
0.047285615
0.04728602
0.047539615
0.047548075
0.04754829
0.047548115
0.047546305
0.04754441
0.04754475
0.04754506
0.04754758
0.04754802
0.047548325
0.04754863
0.04754505
0.047545435
0.047540835
0.047541195
0.04753344
0.047533835
0.04753403
0.04753417
0.047534575
0.04741253
0.047262495
0.047263655
0.047263655
0.04744883
0.047649535
0.04764962
0.047650225
0.047697635
0.04769924
0.04769988
0.04770028
0.04774782
0.04774817
0.04774861
0.048089385
0.048089385
0.047753725
0.04775614
0.04775652
0.04808938
0.04775903
0.047722825
0.047723545
0.04773284
0.0477576
0.047762
0.047952535
0.04804471
0.04819105
0.04813127
0.04813132
0.048131335
