0.012855735
0.012855735
0.012855835
0.012865005
0.01286531
0.012859785
0.0128645
0.012862785
0.012831695
0.012855
0.012872
0.0128745
0.0128745
0.0128745
0.0128745
0.0128745
0.0128745
0.012865
0.012865
0.012872505
0.01284832
0.01284832
0.01284332
0.01284332
0.0128558
0.01285637
0.01286137
0.01286137
0.01290169
0.012906385
0.01290598
0.01290557
0.01290543
0.012905325
0.012904605
0.01294196
0.01294196
0.01290442
0.012904425
0.012904425
0.012904335
0.01290489
0.01290713
0.01290744
0.012910065
0.012910425
0.012910955
0.012911225
0.012911325
0.01291639
0.01291687
0.01292996
0.012929965
0.01295533
0.0129707
0.013060005
0.01306997
0.013130975
0.01313097
0.01313597
0.01316572
0.01316564
0.01316553
0.01316481
0.01315993
0.01307059
0.013075625
0.013075895
0.01307746
0.01307877
0.01307902
0.013079265
0.013079525
0.013119985
0.013119985
0.01310499
0.013105
0.013146095
0.013106275
0.013106275
0.013105045
0.01310504
0.01310005
0.01310504
0.013078685
0.01307854
0.01307493
0.01302214
0.01302214
0.013008215
0.013008215
0.01306071
0.01305966
0.01306014
0.013083345
0.013083355
0.0130832
0.01308303
0.013024215
0.013024215
0.01302421
0.01302421
0.01302421
0.013020015
0.01302373
0.013000015
0.01302373
0.013055105
0.013054395
0.013054075
0.01305391
0.013053595
0.01304987
0.01304959
0.01304941
0.013000015
0.013000015
0.013000005
0.013000005
0.01295645
0.012956695
0.01295715
0.0129576
0.012957695
0.01295791
0.01295827
0.013005245
0.013047355
0.013063685
0.013063315
0.01300452
0.013004775
0.013003935
0.013003025
0.013002845
0.013040205
0.01306088
0.01305996
0.012986015
0.01300016
0.01303261
0.013032305
0.01303139
0.012955115
0.012976585
0.01297659
0.01296191
0.012961945
0.01296481
0.012965
0.012965
0.01297
0.01294
0.012935
0.012919005
0.01291901
0.012934005
0.012919005
0.012919005
0.012919005
0.012994775
0.012994775
0.012954005
0.012954015
0.012954005
0.01291802
0.012954005
0.012954005
0.012954005
0.012954005
0.012953395
0.01295332
0.012953115
0.012916805
0.012914005
0.012951005
0.012951005
0.012906235
0.012906235
0.0129485
0.012948385
0.012951015
0.012950725
0.01295056
0.01295123
0.012931235
0.01291954
0.012939445
0.012889085
0.01288907
0.01288907
0.01288797
0.01293783
0.01292734
0.01290832
0.01292628
0.01292574
0.01290821
0.01282735
0.01282734
0.01282311
0.01281701
0.012805045
0.012812025
0.012800035
0.01279536
0.01279372
0.012793795
0.012793735
0.012794005
0.01279404
0.012823985
0.012884625
0.012883925
0.01288388
0.012883525
0.012895565
0.01289524
0.01289632
0.0128964
0.012896565
0.012942915
0.01289785
0.012884575
0.012899965
0.012899585
0.01289938
0.01289927
0.012898775
0.01285053
0.01285054
0.01283699
0.012836995
0.012836995
0.012836995
0.012823995
0.012832005
0.01283704
0.012837065
0.012837
0.012837005
0.012874005
0.012860985
0.012860945
0.012823985
0.012823985
0.012788585
0.012788855
0.01278283
0.012811995
0.012755015
0.01276497
0.01277004
0.01277504
0.012835605
0.012762795
0.0128221
0.012821425
0.01282581
0.01282467
0.012824285
0.01279698
0.012775485
0.012793975
0.01277483
0.012779115
0.01269739
0.012697375
0.012691005
0.012709995
0.01269082
0.012691005
0.01272738
0.012691385
0.01274405
0.012676455
0.012726045
0.012726505
0.01272666
0.012731145
0.01270661
0.012742755
0.01277434
0.01277474
0.012774525
0.01277389
0.012792285
0.012790035
0.01282
0.012818995
0.012818995
0.01281899
0.012818735
0.01277001
0.012779995
0.01279844
0.012798295
0.012794335
0.01279377
0.01279137
0.01277875
0.0127787
0.012776315
0.012741115
0.01274446
0.012724965
0.012715515
0.01271556
0.01274077
0.012740555
0.01274099
0.012741685
0.01279077
0.012794
0.01279399
0.01279399
0.01279399
0.01279399
0.012741705
0.012744715
0.012744725
0.012789405
0.01274403
0.0127443
0.01273262
0.012732075
0.01274401
0.012742005
0.012745055
0.012735
0.01274652
0.012746535
0.012735055
0.012735085
0.012731515
0.012749995
0.01271068
0.012724615
0.01271018
0.012710205
0.01271014
0.012709965
0.01270079
0.012675805
0.012650015
0.01264896
0.01264896
0.012642735
0.012642735
0.01264521
0.012659715
0.01265272
0.012652725
0.01265272
0.012652715
0.012655455
0.012655455
0.012655235
0.012657725
0.01265544
0.012655435
0.012655435
0.012640435
0.012640435
0.01263522
0.012630005
0.012630005
0.012630005
0.012615
0.012619995
0.012610125
0.01259843
0.01259843
0.0126125
0.012612505
0.012607505
0.012607505
0.01260752
0.012607505
0.012607515
0.012608005
0.012609
0.01260925
0.012627045
0.01263227
0.012632275
0.01266491
0.012656765
0.012657015
0.012667465
0.012625005
0.012624305
0.01261445
0.012629435
0.012629425
0.01262943
0.01262852
0.01262852
0.012629435
0.01268451
0.012671905
0.0126252
0.012650135
0.01265015
0.01268001
0.012690415
0.012715035
0.01272994
0.012789285
0.0127925
0.01279251
0.01283576
0.012851605
0.012855965
0.012935165
0.012939955
0.012934705
0.012934995
0.012979645
0.01292281
0.012984915
0.012953325
0.01295851
0.013051795
0.01307087
0.013070885
0.01312009
0.01311983
0.0131131
0.01310812
0.01311951
0.0131571
0.013156695
0.013187005
0.013263695
0.013313755
0.013336365
0.01339019
0.0134816
0.013524965
0.013505235
0.01347113
0.01350465
0.01345039
0.013567375
0.01364993
0.0136758
0.013700695
0.013719125
0.01378886
0.01379871
0.01383825
0.01390198
0.01390399
0.013927995
0.013859055
0.013820905
0.01374215
0.0136791
0.01358885
0.01349224
