0.0601122
0.05996172
0.059967075
0.05997256
0.060016135
0.060104965
0.060409985
0.06011561
0.060619535
0.060409915
0.060121915
0.06011744
0.060118
0.060118525
0.060119
0.060124485
0.060158005
0.060158515
0.06015898
0.060159495
0.060160055
0.060200515
0.0602011
0.06020132
0.06018649
0.060400005
0.0604045
0.060404495
0.06060637
0.060606245
0.06060605
0.0602028
0.06030028
0.06020361
0.060204225
0.06020472
0.06020525
0.060205805
0.060206325
0.060398965
0.060500225
0.060500705
0.060500895
0.060594
0.06059399
0.06059
0.06055
0.060549995
0.06045003
0.060450005
0.060450005
0.06035204
0.06035219
0.060350995
0.060351455
0.06033513
0.060400295
0.060410005
0.060410025
0.06041002
0.06041002
0.060410155
0.06063999
0.060639975
0.06063998
0.06063499
0.06061
0.060744985
0.06061
0.06061
0.060410025
0.060395005
0.06041
0.060609995
0.060609995
0.060410025
0.060609985
0.06060979
0.06041002
0.06041002
0.06041002
0.06041007
0.060410055
0.060320025
0.060260825
0.060260825
0.060400075
0.060341075
0.060266
0.060455685
0.06042051
0.0605999
0.06044146
0.06043633
0.06052304
0.0603351
0.06029937
0.06029953
0.060299515
0.0603107
0.0603052
0.060291005
0.060165525
0.060165505
0.060280815
0.0602807
0.06028065
0.060280685
0.060280645
0.06031
0.06030533
0.06030501
0.060304475
0.060304175
0.060518495
0.060533595
0.060533595
0.060345505
0.06030411
0.060304095
0.06034534
0.0603153
0.060315085
0.06031471
0.060314245
0.060314085
0.06031389
0.060313735
0.060424545
0.06031332
0.06030591
0.060306955
0.06059624
0.06059624
0.060596265
0.06059807
0.060598065
0.060598065
0.06059807
0.06059807
0.060633735
0.0606632
0.060315425
0.060659995
0.060659995
0.060664995
0.060664995
0.060595
0.0606651
0.060615105
0.0606151
0.0606152
0.060600315
0.060619985
0.060665205
0.060630615
0.060630615
0.060595105
0.060545
0.060394705
0.06040035
0.06040123
0.06040183
0.06047008
0.060470555
0.06047628
0.060864635
0.060829275
0.06095
0.060980445
0.061053945
0.06114699
0.060988145
0.06115081
0.061168175
0.06130988
0.06144486
0.06144969
0.0614497
0.061449985
0.06144999
0.06143498
0.0613
0.0613
0.0613
0.06145496
0.06145
0.06145
0.06145
0.06144444
0.061499995
0.061539995
0.0615925
0.0616495
0.061775005
0.0619005
0.061945
0.0619001
0.06205
0.06225
0.062308475
0.062400095
0.062827745
0.06286222
0.063049955
0.06297223
0.06305
0.06305002
0.063109375
0.06347884
0.063610545
0.064008795
0.064059065
0.0642925
0.06435274
0.06449419
0.064695615
0.064645015
0.064445145
0.064351
0.06386863
0.063379995
0.063349985
0.06331133
0.063349965
0.063499925
0.06399996
0.063899995
0.063999995
0.064191995
0.064491995
0.0644915
0.06449149
0.064598995
0.064783265
0.064619945
0.064614915
0.0646801
0.06472995
0.064575585
0.064516275
0.064299955
0.06379495
0.06379495
0.06379009
0.064099965
0.064199895
0.064383205
0.06417
0.064409665
0.064444705
0.064454285
0.064454045
0.064461385
0.06448159
0.06442806
0.06423908
0.06402001
0.06417932
0.064178755
0.064000015
0.064178875
0.064000065
0.064178605
0.064128455
0.06417802
0.064159995
0.06382719
0.063794655
0.063789835
0.063794945
0.06384999
0.063999985
0.063931845
0.06395
0.06404949
0.06372347
0.063315325
0.063265265
0.06297296
0.063088685
0.062893715
0.06313379
0.0631587
0.06308332
0.06309149
0.062962985
0.063081485
0.063032
0.06303201
0.063035
0.063101485
0.063109245
0.063124165
0.063224085
0.06322406
0.06337246
0.06337193
0.063371465
0.063370995
0.063370775
0.063452365
0.06357523
0.063787135
0.063787135
0.06379362
0.06379362
0.063893455
0.06359052
0.0636468
0.06394978
0.06384362
0.06384362
0.063593365
0.063693615
0.063693615
0.063624985
0.063457015
0.06364969
0.063313915
0.06334997
0.06362496
0.06344996
0.063445015
0.06344407
0.063687945
0.06344402
0.06349969
0.06349979
0.0635
0.06359938
0.063498885
0.06347373
0.063548485
0.063588455
0.0636185
0.06352526
0.06354998
0.063549925
0.063549935
0.063699875
0.06355003
0.063793395
0.0635875
0.0636125
0.0636125
0.0636125
0.063612495
0.063672495
0.063612495
0.063717445
0.063818565
0.063866735
0.06378678
0.06378673
0.06378673
0.064049995
0.064
0.063825
0.064211125
0.064275395
0.06434952
0.064382415
0.064649865
0.064524895
0.064583125
0.06472487
0.064774835
0.064774845
0.064934995
0.064974995
0.065000025
0.065154995
0.065075
0.06534774
0.065347305
0.065553995
0.06555444
0.065506695
0.065506695
0.0655067
0.0655532
0.065554455
0.06558493
0.065755255
0.06577995
0.065823635
0.06593704
0.065937315
0.06612006
0.066124885
0.06587525
0.065358855
0.06535886
0.065276335
0.06480003
0.065175
0.065522915
0.06562376
0.065615535
0.06584999
0.065645005
0.0658
0.06622452
0.065933325
0.065950005
0.0661
0.06612451
0.066244985
0.06635134
0.06642756
0.06643256
0.06652932
0.0666151
0.06665023
0.06678397
0.06690349
0.06695
0.066997955
0.06677345
0.066999995
0.06680197
0.066801885
0.066801655
0.06699929
0.0669448
0.06680178
0.06680197
0.066849985
0.06684996
0.06680187
0.06680181
0.066531245
0.066210005
0.06622928
0.06622885
0.066219875
0.066001505
0.066001
0.066001025
0.066001945
0.06600191
0.06579329
0.06578719
0.06578991
0.065839445
0.06564998
0.06507501
0.06505
0.06499994
0.064699865
0.064484385
0.06428792
0.0645212
0.06450487
0.064383485
0.064399515
0.06439895
0.064398495
0.064005485
0.064690435
