0.0172574
0.01726288
0.01735537
0.0172884
0.017288885
0.017289465
0.01729002
0.01735677
0.01735689
0.01735686
0.01735721
0.017357215
0.01729438
0.01728904
0.017282805
0.01728228
0.017281835
0.017282435
0.017282025
0.017247055
0.01725213
0.017257045
0.017257005
0.017256965
0.01725676
0.017256545
0.01725617
0.017134475
0.017255395
0.01725489
0.017254325
0.017253675
0.017240855
0.017245495
0.017252245
0.017252535
0.017258075
0.01728442
0.01730924
0.01730897
0.017308755
0.017308555
0.017283195
0.0172022
0.01720164
0.017167195
0.017167235
0.017167235
0.017167235
0.01723375
0.017186675
0.017186155
0.017106695
0.017106695
0.017185745
0.017185225
0.017184665
0.017002725
0.01712118
0.0169805
0.01698584
0.016986115
0.01691831
0.01709994
0.017099955
0.017099955
0.016987645
0.016988
0.01698842
0.016989005
0.017099995
0.016995185
0.017000715
0.017001285
0.01700191
0.01700252
0.0170029
0.017008445
0.01700898
0.01700951
0.01701018
0.01701573
0.01701624
0.01705
0.01705
0.01696706
0.01696759
0.01696816
0.017018425
0.017019045
0.01702464
0.0170252
0.017025715
0.017026285
0.017026855
0.017027455
0.017028085
0.017104805
0.017105335
0.01710592
0.017121165
0.01717798
0.01715054
0.01715089
0.017322475
0.017152575
0.017153255
0.017153835
0.01716865
0.017200325
0.017205725
0.01720628
0.01721174
0.017212245
0.017212715
0.01721333
0.01721504
0.01721753
0.01721819
0.017219345
0.01722523
0.01724508
0.01724528
0.01729239
0.017292885
0.01729335
0.01729353
0.01729368
0.01724715
0.017247335
0.017247515
0.017247705
0.017247875
0.01724804
0.01729406
0.01729407
0.017294035
0.01729396
0.01729393
0.017293915
0.017292875
0.01729296
0.017295225
0.017295415
0.01729498
0.01729518
0.017300395
0.017300545
0.01730074
0.017300965
0.017301165
0.017306275
0.017295075
0.017300235
0.017300375
0.01730559
0.01731432
0.017337475
0.017337885
0.01733801
0.017338275
0.017338905
0.0173395
0.01734007
0.017340695
0.01734141
0.017341995
0.017342515
0.017289225
0.017289795
0.017371725
0.01738551
0.01738552
0.017385565
0.017385195
0.01738484
0.01738458
0.01738482
0.017384705
0.01745514
0.01745507
0.01745521
0.01751028
0.01751028
0.01745521
0.01751028
0.01751028
0.01733252
0.01738545
0.01738601
0.017386525
0.017390295
0.017390885
0.017391185
0.017391455
0.01739145
0.01739103
0.017390785
0.017390595
0.017390395
0.01739025
0.01739075
0.017390925
0.017391305
0.01739439
0.01739437
0.017395
0.017395395
0.01739591
0.017401435
0.017402005
0.01740239
0.01740294
0.01745344
0.017453365
0.01745337
0.017453305
0.01745338
0.017453385
0.017453225
0.017452695
0.01745215
0.0174534
0.01745313
0.017452605
0.01745259
0.0174539
0.01745327
0.017453405
0.01745341
0.0174534
0.0174534
0.01745341
0.017453445
0.017453465
0.017453405
0.017453405
0.017453395
0.017453385
0.01741509
0.01745339
0.017453395
0.017453395
0.017453415
0.01745342
0.01745367
0.017454155
0.01745435
0.017454865
0.01745539
0.017455825
0.017456355
0.01745696
0.017324095
0.01730261
0.017303115
0.01730328
0.017303425
0.01730362
0.017303625
0.017303885
0.017304085
0.017304185
0.017304045
0.01730402
0.01730458
0.017304805
0.017305005
0.0173937
0.0173937
0.017303575
0.017303575
0.017303575
0.017303305
0.01730301
0.01730294
0.017303305
0.01730333
0.017303085
0.01730328
0.01730311
0.017303355
0.017303705
0.017303575
0.01734128
0.017311625
0.017305355
0.01730315
0.01730066
0.01730013
0.017299645
0.01729906
0.01729843
0.01728
0.01727942
0.01733635
0.01727481
0.017274255
0.01722874
0.01715972
0.0171596
0.017164615
0.01716472
0.01711082
0.017111295
0.017111765
0.017112315
0.01711284
0.01711232
0.01710508
0.017105075
0.01710557
0.0171061
0.017197735
0.017197735
0.017197735
0.01719773
0.01719773
0.01719775
0.017197725
0.01719775
0.01719775
0.01719775
0.01719775
0.01719775
0.01719775
0.01719775
0.01719775
0.01719775
0.01730806
0.017307535
0.01719775
0.01719775
0.01719775
0.01719775
0.01730428
0.017303805
0.017304265
0.01730484
0.017305455
0.01730605
0.017306665
0.01730724
0.017307885
0.01730853
0.017309145
0.017309825
0.017310465
0.01731207
0.01733101
0.017317995
0.017317995
0.017317995
0.017317995
0.017331135
0.01733173
0.01733211
0.017332105
0.01733198
0.01737351
0.01737299
0.017350325
0.017349915
0.017307675
0.01730739
0.017301055
0.017300745
0.01730049
0.01729996
0.017299415
0.017298915
0.017298355
0.017297795
0.01729966
0.01729989
0.01730031
0.01730086
0.01730074
0.01730148
0.01730159
0.017301415
0.017301465
0.017306855
0.01730717
0.0173074
0.01725499
0.017307915
0.01735164
0.01740235
0.01740235
0.01740235
0.01740329
0.017403285
0.017403285
0.017403285
0.017403285
0.017403285
0.017403285
0.017402375
0.017402375
0.017402375
0.017405495
0.017405495
0.017405495
0.017405495
0.017405495
0.017405495
0.01746
0.01746
0.01746
0.01746
0.0174601
0.017539395
0.017539395
0.017539395
0.01756058
0.01758155
0.0175951
0.01759809
0.01759809
0.017595125
0.01759513
0.01759513
0.01759534
0.01759429
0.01759429
0.01759559
0.017502405
0.017502975
0.017503495
0.01750406
0.017504625
0.01750521
0.017505725
0.017506155
0.01750665
0.017507105
0.017507635
0.01750819
0.01750872
0.01750883
0.017506975
0.017507515
0.017507
0.017506995
0.01750673
0.01750596
0.01749862
0.017497255
0.01745567
0.017498325
0.017491295
0.017465745
0.017450795
0.017325095
0.017260905
0.01732612
0.017361875
0.01736235
0.017362355
0.017362355
