0.00011482
0.00011483
0.000115075
0.000115975
0.00011598
0.000115975
0.000116145
0.000116145
0.000116145
0.000116145
0.000116275
0.000116265
0.00011538
0.00011553
0.00011549
0.00011565
0.000115645
0.00011492
0.000114595
0.000114685
0.000115325
0.000115505
0.000115555
0.00011554
0.00011511
0.00011561
0.000116005
0.00011616
0.00011597
0.000116355
0.00011633
0.000116685
0.000116735
0.00011675
0.000116045
0.000115985
0.000116035
0.00011573
0.00011567
0.00011559
0.0001145
0.0001145
0.000115145
0.0001145
0.0001145
0.00011444
0.0001145
0.0001146
0.000115675
0.000115505
0.000115705
0.000115735
0.000115805
0.000115845
0.0001157
0.000115745
0.000115515
0.000114875
0.000115525
0.00011492
0.00011387
0.00011383
0.00011402
0.000113875
0.000113745
0.00011373
0.000113745
0.000113765
0.00011395
0.00011383
0.000113955
0.00011384
0.00011562
0.000115605
0.00011599
0.00011622
0.000115855
0.00011586
0.00011586
0.000115855
0.000115005
0.00011481
0.00011467
0.00011467
0.000114675
0.000114625
0.0001146
0.00011459
0.000113835
0.000114005
0.00011384
0.000113845
0.000113845
0.000113875
0.000113875
0.000113875
0.000112055
0.000112175
0.00011158
0.00011163
0.0001116
0.000111905
0.00011191
0.000111915
0.00011193
0.000112035
0.000112165
0.000112165
0.00011217
0.000112175
0.000112175
0.000112025
0.000112025
0.00011166
0.00011166
0.00011166
0.00011166
0.00011167
0.000111665
0.000111655
0.000111655
0.000111655
0.000112005
0.000112375
0.000112475
0.00011315
0.00011301
0.00011301
0.00011296
0.000112945
0.000112935
0.000112755
0.000112535
0.00011244
0.000112565
0.000112565
0.00011249
0.00011247
0.000112495
0.000112445
0.00011244
0.000112435
0.000112395
0.000112375
0.000112465
0.00011237
0.00011305
0.00011243
0.0001125
0.00011297
0.000112945
0.000112845
0.000112895
0.000112875
0.00011279
0.000112915
0.00011342
0.000113285
0.00011275
0.000113175
0.00011275
0.000112875
0.00011286
0.00011291
0.00011285
0.00011285
0.000112945
0.00011295
0.00011295
0.00011295
0.000113305
0.000113305
0.000113255
0.000113305
0.0001132
0.000113255
0.000113255
0.000112235
0.000113355
0.000112575
0.000112765
0.00011277
0.000112225
0.000112575
0.00011258
0.000113345
0.000112875
0.000113315
0.00011348
0.00011229
0.0001127
0.000111415
0.00011077
0.00011078
0.00011134
0.00011132
0.00011131
0.000111285
0.00011119
0.000110955
0.000110805
0.00011131
0.000111395
0.000111875
0.000112875
0.00011204
0.0001121
0.000111495
0.000111495
0.00011148
0.000112065
0.000111225
0.00011122
0.00011144
0.000110685
0.000110585
0.00011036
0.000111205
0.00011105
0.00011105
0.00011104
0.000111045
0.000111005
0.0001108
0.00011084
0.000111035
0.00011063
0.000110385
0.000110385
0.00011013
0.00011013
0.00011013
0.00011013
0.00011013
0.00011013
0.000110025
0.000109865
0.00010979
0.00010937
0.00011124
0.00011144
0.000111475
0.00011273
0.00011271
0.000112735
0.000112745
0.00011275
0.000112875
0.00011285
0.00011285
0.00011318
0.000113195
0.0001132
0.000113115
0.000113115
0.00011311
0.000113235
0.000113375
0.0001134
0.000113405
0.00011353
0.00011352
0.000113595
0.000112635
0.000111805
0.00011309
0.000113005
0.000112935
0.000112875
0.00011143
0.000111655
0.000112665
0.000111985
0.000111905
0.00011306
0.000113005
0.000111615
0.000112975
0.000112925
0.0001127
0.00011294
0.00011221
0.0001123
0.00011274
0.0001123
0.00011269
0.000112325
0.000112435
0.000112835
0.000112855
0.000112855
0.000113505
0.000112825
0.00011201
0.00011201
0.0001125
0.00011254
0.00011259
0.00011144
0.00011258
0.000112935
0.000112585
0.00011255
0.00011258
0.00011255
0.000112335
0.00011222
0.000112105
0.00011177
0.000111705
0.000112
0.00011199
0.00011176
0.000111025
0.000111515
0.0001128
0.000112155
0.000112185
0.000112265
0.000112425
0.000112975
0.000112375
0.00011249
0.000112505
0.000112255
0.0001123
0.000113015
0.00011382
0.000112905
0.000112905
0.00011282
0.00011273
0.00011269
0.000111795
0.000112815
0.00011277
0.00011274
0.000111875
0.000112125
0.000112165
0.00011194
0.00011116
0.000111165
0.00011116
0.000111155
0.00011135
0.000111685
0.000111795
0.00011199
0.00011249
0.00011295
0.000113055
0.000113055
0.00011297
0.000112935
0.00011293
0.00011298
0.000112945
0.00011233
0.000111525
0.00011223
0.000113435
0.000113295
0.000113885
0.000113885
0.000113885
0.000114085
0.00011407
0.00011411
0.00011414
0.00011414
0.000114135
0.00011431
0.00011547
0.00011547
0.000114965
0.000114995
0.00011502
0.00011495
0.000114935
0.000114925
0.000114845
0.00011484
0.000114805
0.00011443
0.000113815
0.000113325
0.000113325
0.00011317
0.000112405
0.000112415
0.00011242
0.000113085
0.000113355
0.000113245
0.000113215
0.0001132
0.000112425
0.00011235
0.000113065
0.00011329
0.000113
0.00011299
0.00011284
0.00011281
0.0001127
0.000111995
0.000112555
0.000112645
0.00011308
0.00011312
0.00011342
0.00011317
0.00011314
0.000113195
0.000113195
0.000113195
0.00011288
0.000113675
0.00011367
0.000113665
0.00011366
0.000113655
0.000113985
0.000113575
0.00011417
0.0001136
0.000113565
0.00011407
0.000114935
0.0001152
0.000115225
0.000115375
0.000115315
0.000115995
0.000115705
0.000116005
0.00011581
0.00011681
0.00011681
0.000117425
0.00011733
0.000117805
0.00011825
0.000118355
0.000118505
0.00011945
0.00011945
0.000119495
0.000119655
0.000119795
0.000119945
0.000119745
0.00011974
0.000116075
0.00011501
0.000115315
0.00011678
0.000116905
0.00011693
0.000116785
