0.000178675
0.00017881
0.000178935
0.000179025
0.00017895
0.000178835
0.00017881
0.000178765
0.000178815
0.000178845
0.00017882
0.0001788
0.00017885
0.00017882
0.00017884
0.0001788
0.000178755
0.00017873
0.000178705
0.00017868
0.00017867
0.00017879
0.00017917
0.00017913
0.000179085
0.000179055
0.00017903
0.00017901
0.000178995
0.00017914
0.000178935
0.000178895
0.000178865
0.00017885
0.00017883
0.000179135
0.000179155
0.00017961
0.00017961
0.000180105
0.000180105
0.00017959
0.000179605
0.00017975
0.000179675
0.00017968
0.00017968
0.000179675
0.000179675
0.000179675
0.000179675
0.00017966
0.000179655
0.000179655
0.000179665
0.000179665
0.00017936
0.00017918
0.000179055
0.000179125
0.00017911
0.000179095
0.000179085
0.000179085
0.000179085
0.000179085
0.000179085
0.000179075
0.000179085
0.000179135
0.00017915
0.00017975
0.00017977
0.000179895
0.00017972
0.00017998
0.000180985
0.000180995
0.000181555
0.00018149
0.00018152
0.000181425
0.00018138
0.000181155
0.000181145
0.000181145
0.000180215
0.00017977
0.000179755
0.00017975
0.00017975
0.00017976
0.00017975
0.000179755
0.000179755
0.00017975
0.000179745
0.00017987
0.00017987
0.000179885
0.000179885
0.000180075
0.00018009
0.000180065
0.000179945
0.00017983
0.00017983
0.0001799
0.0001798
0.000179585
0.000179515
0.000179465
0.00018
0.00017973
0.0001797
0.0001797
0.0001797
0.0001797
0.000179695
0.00017969
0.00017969
0.00017969
0.000179685
0.000179605
0.000179545
0.00017948
0.000179485
0.000179595
0.000179335
0.00017886
0.00017886
0.00017886
0.000178865
0.000178865
0.000178865
0.000178865
0.00017887
0.000178865
0.000178865
0.000178865
0.00017927
0.000179925
0.00017992
0.000179915
0.00017991
0.0001799
0.000179425
0.000179525
0.00017953
0.000179525
0.000179375
0.000179325
0.00017936
0.000179475
0.000179405
0.000179375
0.00017937
0.000179385
0.000179345
0.000179165
0.00017924
0.000179355
0.00017955
0.000179815
0.00017983
0.00017969
0.00017969
0.00017981
0.00018038
0.00018086
0.000181
0.000180855
0.00018084
0.000180295
0.000180215
0.00018105
0.000180175
0.00018034
0.000180525
0.0001807
0.000180845
0.000180915
0.000181
0.000181025
0.000181275
0.00018128
0.000181285
0.000181295
0.000181315
0.00018136
0.00018136
0.00018137
0.00017965
0.000179755
0.000179785
0.000179845
0.000179745
0.000179885
0.000179845
0.000180045
0.000179955
0.00017993
0.00017981
0.000179785
0.000179755
0.00017983
0.00017985
0.000179815
0.00017984
0.000179805
0.000179765
0.00017981
0.00017982
0.000180885
0.00018114
0.00018151
0.0001814
0.000181485
0.00018154
0.000181535
0.000180605
0.00018086
0.00018107
0.000181265
0.000181415
0.00018143
0.00018111
0.00018017
0.00018047
0.00018069
0.000180595
0.000180595
0.000180595
0.00018024
0.00018034
0.000180425
0.00018062
0.000180605
0.00018062
0.000180605
0.000180295
0.000180385
0.000180375
0.000180345
0.000180415
0.00018141
0.00018141
0.00018141
0.00018141
0.000181575
0.000182
0.000182005
0.00018211
0.00018212
0.000182165
0.00018239
0.00018241
0.000182515
0.00018258
0.00018258
0.00018259
0.000182075
0.00018246
0.000182375
0.000182375
0.00018139
0.00018128
0.000181385
0.000181355
0.000181335
0.000181335
0.00018149
0.000181495
0.000181495
0.000181505
0.000181505
0.00018152
0.00018152
0.000181525
0.000181375
0.0001811
0.00018001
0.000180855
0.000180765
0.000180945
0.00018111
0.00018117
0.00018113
0.00018088
0.000180675
0.00018062
0.000180615
0.00018061
0.00018062
0.000180705
0.00018062
0.00018062
0.00018062
0.00018062
0.00018045
0.00018136
0.00018014
0.00018025
0.00018025
0.00018026
0.000180265
0.00018084
0.00018061
0.00018039
0.000180275
0.00018027
0.000180265
0.00018021
0.000180095
0.00018009
0.00018009
0.000180495
0.000180495
0.000180495
0.000180485
0.000180485
0.000180435
0.000180435
0.000180495
0.00018043
0.00018043
0.000180455
0.000180435
0.00018043
0.00018043
0.000180435
0.000180495
0.00018056
0.00018056
0.000180655
0.00018065
0.000180585
0.000180475
0.000180435
0.00018047
0.00018072
0.0001809
0.00018065
0.000180605
0.00018061
0.000179495
0.00018007
0.000179975
0.00017992
0.00018004
0.000180145
0.00018016
0.000180175
0.000180195
0.000180195
0.000180195
0.0001802
0.0001802
0.000180345
0.000180375
0.000179975
0.000179975
0.000179955
0.000180045
0.00018013
0.00018001
0.00017989
0.00018011
0.000180105
0.00018011
0.00018011
0.00018011
0.00018011
0.00018021
0.000180155
0.000180595
0.000180995
0.000181005
0.00018109
0.00018114
0.00018127
0.000181295
0.0001813
0.000181305
0.00018151
0.000181565
0.000181475
0.00018161
0.000181405
0.000181395
0.000181365
0.000181035
0.00018095
0.000181005
0.000181005
0.000180865
0.0001809
0.000180955
0.000181005
0.00018113
0.00018106
0.00018113
0.00018113
0.000181135
0.00018118
0.00018133
0.000181415
0.000181475
0.00018142
0.000181365
0.000181315
0.000181255
0.000181505
0.000181505
0.000181505
0.000181505
0.000181505
0.000181485
0.000182595
0.00018154
0.000181715
0.00018126
0.00018145
0.00018175
0.00018194
0.000182675
0.000182795
0.00018299
0.00018318
0.00018323
0.000182685
0.000182895
0.000183085
0.00018267
0.0001828
0.000183025
0.00018316
0.000183165
0.00018327
0.00018327
0.00018245
0.000183075
0.000183325
0.000183325
0.000183325
0.00018332
0.00018367
0.00018367
0.000183665
0.000183135
0.00018318
0.00018326
0.000183315
0.0001833
0.00018344
0.000183555
0.00018362
0.00018278
0.00018278
0.000182775
0.000182775
